#K-Path     Band-1    Band-2    Band-3    Band-4      ...     Band-n
  0.0000  -35.6170  -35.6170  -35.6170  -35.6170  -35.5847  -35.5847  -35.5847  -35.5847  -34.8959  -34.8959  -34.8959  -34.8959  -34.8697  -34.8697  -34.8697  -34.8697  -34.8538  -34.8538  -34.8538  -34.8538  -24.1612  -24.1612  -24.1604  -24.1604  -24.1199  -24.1199  -24.1193  -24.1193  -21.2109  -21.2109  -21.2096  -21.2096  -21.1707  -21.1707  -21.1705  -21.1705  -21.1535  -21.1535  -21.1523  -21.1523  -11.7271  -11.7271  -11.7167  -11.7167   -8.2334   -8.2334   -8.2119   -8.2119   -2.9685   -2.9685   -2.4829   -2.4829   -1.3161   -1.3161   -0.9340   -0.9340   -0.4415   -0.4415   -0.3802   -0.3802    1.4018    1.4018    1.5009    1.5009    2.0722    2.0722    2.4873    2.4873    3.5184    3.5184    3.6761    3.6761    4.6035    4.6035    4.6512    4.6512    5.0656
  0.0205  -35.6170  -35.6170  -35.6170  -35.6170  -35.5847  -35.5847  -35.5847  -35.5847  -34.8959  -34.8959  -34.8959  -34.8959  -34.8697  -34.8697  -34.8697  -34.8697  -34.8538  -34.8538  -34.8538  -34.8538  -24.1612  -24.1611  -24.1604  -24.1603  -24.1199  -24.1198  -24.1194  -24.1193  -21.2109  -21.2109  -21.2096  -21.2096  -21.1708  -21.1706  -21.1705  -21.1704  -21.1535  -21.1534  -21.1523  -21.1523  -11.7652  -11.7550  -11.6878  -11.6771   -8.2864   -8.2659   -8.1823   -8.1598   -3.0042   -2.9271   -2.5282   -2.4327   -1.3530   -1.2793   -0.9697   -0.8985   -0.4825   -0.4241   -0.4014   -0.3388    1.4022    1.4023    1.4659    1.5275    2.0230    2.1260    2.4095    2.5591    3.4824    3.5543    3.6377    3.7128    4.5536    4.5983    4.6546    4.7058    5.0160
  0.0410  -35.6171  -35.6171  -35.6170  -35.6170  -35.5847  -35.5847  -35.5847  -35.5847  -34.8960  -34.8960  -34.8959  -34.8959  -34.8697  -34.8697  -34.8697  -34.8697  -34.8538  -34.8538  -34.8538  -34.8538  -24.1613  -24.1611  -24.1605  -24.1603  -24.1199  -24.1198  -24.1194  -24.1192  -21.2109  -21.2109  -21.2096  -21.2096  -21.1710  -21.1708  -21.1704  -21.1702  -21.1535  -21.1534  -21.1524  -21.1522  -11.8017  -11.7919  -11.6474  -11.6364   -8.3409   -8.3216   -8.1331   -8.1101   -3.0343   -2.8799   -2.5688   -2.3775   -1.3898   -1.2429   -1.0055   -0.8631   -0.5241   -0.4703   -0.3627   -0.3005    1.4017    1.4046    1.4194    1.5486    1.9822    2.1812    2.3279    2.6231    3.4467    3.5900    3.5982    3.7476    4.5049    4.5472    4.7069    4.7620    4.9709
  0.0615  -35.6171  -35.6171  -35.6170  -35.6170  -35.5847  -35.5847  -35.5847  -35.5847  -34.8960  -34.8960  -34.8959  -34.8959  -34.8697  -34.8697  -34.8697  -34.8697  -34.8538  -34.8538  -34.8538  -34.8538  -24.1613  -24.1610  -24.1605  -24.1602  -24.1200  -24.1197  -24.1194  -24.1192  -21.2109  -21.2108  -21.2096  -21.2096  -21.1712  -21.1709  -21.1702  -21.1701  -21.1536  -21.1533  -21.1525  -21.1522  -11.8367  -11.8273  -11.6059  -11.5948   -8.3966   -8.3786   -8.0862   -8.0628   -3.0588   -2.8270   -2.6049   -2.3174   -1.4261   -1.2070   -1.0415   -0.8281   -0.5659   -0.5180   -0.3255   -0.2655    1.3593    1.3977    1.4094    1.5664    1.9525    2.2351    2.2459    2.6786    3.4115    3.5581    3.6251    3.7800    4.4576    4.4981    4.7602    4.8195    4.9274
  0.0820  -35.6171  -35.6171  -35.6170  -35.6170  -35.5847  -35.5847  -35.5847  -35.5847  -34.8960  -34.8960  -34.8959  -34.8959  -34.8697  -34.8697  -34.8697  -34.8697  -34.8538  -34.8538  -34.8538  -34.8538  -24.1614  -24.1610  -24.1606  -24.1602  -24.1200  -24.1197  -24.1195  -24.1192  -21.2109  -21.2108  -21.2096  -21.2096  -21.1713  -21.1710  -21.1701  -21.1700  -21.1536  -21.1533  -21.1525  -21.1522  -11.8700  -11.8611  -11.5638  -11.5526   -8.4532   -8.4366   -8.0418   -8.0181   -3.0781   -2.7685   -2.6368   -2.2525   -1.4617   -1.1718   -1.0776   -0.7935   -0.6075   -0.5666   -0.2904   -0.2339    1.2851    1.3861    1.4168    1.5824    1.9348    2.1682    2.2861    2.7250    3.3773    3.5178    3.6596    3.8100    4.4118    4.4511    4.8145    4.8793    4.8872
  0.1024  -35.6171  -35.6171  -35.6170  -35.6170  -35.5847  -35.5847  -35.5847  -35.5847  -34.8960  -34.8960  -34.8959  -34.8959  -34.8697  -34.8697  -34.8697  -34.8697  -34.8538  -34.8538  -34.8538  -34.8538  -24.1614  -24.1609  -24.1607  -24.1602  -24.1200  -24.1197  -24.1195  -24.1192  -21.2109  -21.2108  -21.2097  -21.2097  -21.1714  -21.1712  -21.1699  -21.1698  -21.1536  -21.1532  -21.1526  -21.1521  -11.9015  -11.8930  -11.5212  -11.5100   -8.5102   -8.4951   -7.9998   -7.9763   -3.0922   -2.7045   -2.6649   -2.1829   -1.4962   -1.1375   -1.1140   -0.7594   -0.6484   -0.6153   -0.2573   -0.2058    1.1982    1.3619    1.4269    1.5974    1.9285    2.1004    2.3332    2.7623    3.3445    3.4781    3.6931    3.8374    4.3679    4.4064    4.8473    4.8612    4.8696
  0.1229  -35.6171  -35.6171  -35.6170  -35.6170  -35.5847  -35.5847  -35.5847  -35.5847  -34.8960  -34.8960  -34.8959  -34.8959  -34.8697  -34.8697  -34.8697  -34.8697  -34.8538  -34.8538  -34.8538  -34.8538  -24.1614  -24.1608  -24.1607  -24.1602  -24.1201  -24.1196  -24.1196  -24.1191  -21.2109  -21.2108  -21.2097  -21.2097  -21.1716  -21.1713  -21.1698  -21.1697  -21.1536  -21.1532  -21.1526  -21.1521  -11.9311  -11.9232  -11.4783  -11.4672   -8.5673   -8.5536   -7.9606   -7.9374   -3.1013   -2.6896   -2.6352   -2.1091   -1.5293   -1.1509   -1.1041   -0.7259   -0.6883   -0.6634   -0.2267   -0.1810    1.1011    1.3197    1.4394    1.6118    1.9316    2.0480    2.3759    2.7908    3.3135    3.4395    3.7253    3.8622    4.3259    4.3639    4.8102    4.8236    4.9254
  0.1434  -35.6171  -35.6171  -35.6170  -35.6170  -35.5847  -35.5847  -35.5847  -35.5847  -34.8960  -34.8960  -34.8959  -34.8959  -34.8697  -34.8697  -34.8697  -34.8697  -34.8538  -34.8538  -34.8538  -34.8538  -24.1614  -24.1608  -24.1608  -24.1601  -24.1201  -24.1196  -24.1196  -24.1191  -21.2109  -21.2108  -21.2098  -21.2097  -21.1717  -21.1714  -21.1696  -21.1696  -21.1536  -21.1531  -21.1527  -21.1521  -11.9588  -11.9514  -11.4356  -11.4247   -8.6239   -8.6118   -7.9241   -7.9015   -3.1059   -2.7113   -2.5609   -2.0316   -1.5606   -1.1882   -1.0718   -0.7267   -0.7101   -0.6933   -0.1985   -0.1595    0.9964    1.2563    1.4542    1.6258    1.9421    2.0147    2.4142    2.8112    3.2848    3.4026    3.7563    3.8845    4.2860    4.3239    4.7752    4.7880    4.9813
  0.1639  -35.6171  -35.6171  -35.6170  -35.6170  -35.5847  -35.5847  -35.5847  -35.5847  -34.8960  -34.8960  -34.8959  -34.8959  -34.8697  -34.8697  -34.8697  -34.8697  -34.8538  -34.8538  -34.8538  -34.8538  -24.1615  -24.1608  -24.1607  -24.1601  -24.1201  -24.1197  -24.1195  -24.1191  -21.2109  -21.2107  -21.2098  -21.2098  -21.1718  -21.1715  -21.1695  -21.1695  -21.1536  -21.1530  -21.1528  -21.1521  -11.9845  -11.9776  -11.3934  -11.3827   -8.6795   -8.6690   -7.8904   -7.8687   -3.1061   -2.7306   -2.4819   -1.9510   -1.5895   -1.2262   -1.0404   -0.7634   -0.7546   -0.6615   -0.1730   -0.1411    0.8866    1.1724    1.4709    1.6393    1.9580    1.9998    2.4483    2.8241    3.2590    3.3680    3.7856    3.9042    4.2485    4.2862    4.7423    4.7545    5.0364
  0.1844  -35.6171  -35.6171  -35.6170  -35.6170  -35.5847  -35.5847  -35.5847  -35.5847  -34.8960  -34.8960  -34.8959  -34.8959  -34.8697  -34.8697  -34.8697  -34.8697  -34.8538  -34.8538  -34.8538  -34.8538  -24.1615  -24.1609  -24.1607  -24.1601  -24.1201  -24.1197  -24.1195  -24.1191  -21.2109  -21.2107  -21.2098  -21.2098  -21.1719  -21.1716  -21.1694  -21.1694  -21.1536  -21.1530  -21.1528  -21.1521  -12.0080  -12.0017  -11.3520  -11.3417   -8.7337   -8.7246   -7.8595   -7.8390   -3.1023   -2.7480   -2.3988   -1.8687   -1.6156   -1.2649   -1.0096   -0.7981   -0.7962   -0.6306   -0.1504   -0.1258    0.7740    1.0717    1.4892    1.6519    1.9775    1.9997    2.4787    2.8304    3.2366    3.3363    3.8131    3.9216    4.2134    4.2510    4.7116    4.7232    5.0899
  0.2049  -35.6171  -35.6171  -35.6170  -35.6170  -35.5847  -35.5847  -35.5847  -35.5847  -34.8960  -34.8960  -34.8959  -34.8959  -34.8697  -34.8697  -34.8697  -34.8697  -34.8538  -34.8538  -34.8538  -34.8538  -24.1615  -24.1610  -24.1606  -24.1601  -24.1201  -24.1197  -24.1195  -24.1191  -21.2109  -21.2107  -21.2099  -21.2099  -21.1720  -21.1717  -21.1693  -21.1693  -21.1536  -21.1529  -21.1529  -21.1521  -12.0295  -12.0237  -11.3119  -11.3021   -8.7857   -8.7780   -7.8316   -7.8123   -3.0947   -2.7642   -2.3121   -1.7860   -1.6384   -1.3043   -0.9787   -0.8343   -0.8304   -0.6007   -0.1309   -0.1136    0.6610    0.9589    1.5086    1.6636    1.9991    2.0100    2.5059    2.8309    3.2179    3.3079    3.8388    3.9367    4.1810    4.2183    4.6832    4.6942    5.1404
  0.2254  -35.6171  -35.6171  -35.6170  -35.6170  -35.5847  -35.5847  -35.5847  -35.5847  -34.8960  -34.8960  -34.8959  -34.8959  -34.8697  -34.8697  -34.8697  -34.8697  -34.8539  -34.8539  -34.8538  -34.8538  -24.1615  -24.1610  -24.1606  -24.1601  -24.1201  -24.1198  -24.1194  -24.1191  -21.2108  -21.2107  -21.2100  -21.2099  -21.1721  -21.1718  -21.1692  -21.1692  -21.1536  -21.1529  -21.1528  -21.1521  -12.0487  -12.0436  -11.2736  -11.2645   -8.8350   -8.8285   -7.8064   -7.7888   -3.0839   -2.7797   -2.2224   -1.7053   -1.6572   -1.3443   -0.9468   -0.8684   -0.8602   -0.5716   -0.1149   -0.1046    0.5500    0.8384    1.5289    1.6738    2.0215    2.0263    2.5306    2.8266    3.2033    3.2833    3.8625    3.9496    4.1515    4.1880    4.6572    4.6675    5.1866
  0.2459  -35.6171  -35.6171  -35.6170  -35.6170  -35.5847  -35.5847  -35.5847  -35.5847  -34.8961  -34.8960  -34.8959  -34.8959  -34.8697  -34.8697  -34.8697  -34.8697  -34.8539  -34.8539  -34.8538  -34.8538  -24.1615  -24.1611  -24.1605  -24.1601  -24.1201  -24.1198  -24.1194  -24.1191  -21.2108  -21.2106  -21.2100  -21.2100  -21.1722  -21.1719  -21.1691  -21.1691  -21.1536  -21.1530  -21.1528  -21.1521  -12.0658  -12.0612  -11.2378  -11.2293   -8.8808   -8.8756   -7.7842   -7.7683   -3.0701   -2.7950   -2.1307   -1.6718   -1.6297   -1.3845   -0.9118   -0.8983   -0.8871   -0.5433   -0.1033   -0.0992    0.4436    0.7144    1.5495    1.6823    2.0436    2.0453    2.5534    2.8181    3.1928    3.2624    3.8841    3.9602    4.1250    4.1602    4.6337    4.6432    5.2272
  0.2664  -35.6171  -35.6171  -35.6170  -35.6170  -35.5847  -35.5847  -35.5847  -35.5847  -34.8961  -34.8961  -34.8959  -34.8959  -34.8697  -34.8697  -34.8697  -34.8697  -34.8539  -34.8539  -34.8538  -34.8538  -24.1615  -24.1611  -24.1605  -24.1601  -24.1201  -24.1199  -24.1193  -24.1191  -21.2108  -21.2106  -21.2101  -21.2101  -21.1722  -21.1720  -21.1690  -21.1690  -21.1536  -21.1530  -21.1527  -21.1521  -12.0806  -12.0767  -11.2048  -11.1973   -8.9225   -8.9183   -7.7648   -7.7508   -3.0537   -2.8108   -2.0379   -1.6815   -1.5633   -1.4246   -0.9237   -0.9111   -0.8713   -0.5155   -0.0986   -0.0975    0.3453    0.5903    1.5701    1.6886    2.0643    2.0647    2.5748    2.8062    3.1864    3.2455    3.9036    3.9687    4.1019    4.1349    4.6129    4.6215    5.2670
  0.2868  -35.6171  -35.6171  -35.6170  -35.6170  -35.5847  -35.5847  -35.5847  -35.5847  -34.8961  -34.8961  -34.8959  -34.8959  -34.8697  -34.8697  -34.8697  -34.8697  -34.8539  -34.8539  -34.8538  -34.8538  -24.1615  -24.1612  -24.1604  -24.1601  -24.1201  -24.1199  -24.1193  -24.1191  -21.2107  -21.2106  -21.2102  -21.2101  -21.1722  -21.1721  -21.1690  -21.1689  -21.1535  -21.1531  -21.1526  -21.1521  -12.0931  -12.0898  -11.1754  -11.1689   -8.9594   -8.9561   -7.7482   -7.7363   -3.0352   -2.8273   -1.9453   -1.6860   -1.5110   -1.4640   -0.9447   -0.9320   -0.8221   -0.4880   -0.1044   -0.0998    0.2596    0.4705    1.5902    1.6926    2.0828    2.0829    2.5954    2.7916    3.1836    3.2322    3.9210    3.9751    4.0822    4.1123    4.5950    4.6026    5.2620
  0.3073  -35.6171  -35.6171  -35.6170  -35.6170  -35.5847  -35.5847  -35.5847  -35.5847  -34.8961  -34.8961  -34.8959  -34.8959  -34.8697  -34.8697  -34.8697  -34.8697  -34.8539  -34.8539  -34.8538  -34.8538  -24.1615  -24.1612  -24.1604  -24.1601  -24.1201  -24.1199  -24.1193  -24.1191  -21.2107  -21.2105  -21.2102  -21.2102  -21.1723  -21.1721  -21.1689  -21.1689  -21.1535  -21.1532  -21.1525  -21.1521  -12.1033  -12.1006  -11.1501  -11.1447   -8.9907   -8.9883   -7.7344   -7.7248   -3.0150   -2.8448   -1.8545   -1.6852   -1.5020   -1.4772   -0.9612   -0.9497   -0.7617   -0.4606   -0.1198   -0.1137    0.1921    0.3603    1.6096    1.6939    2.0985    2.0985    2.6157    2.7749    3.1838    3.2221    3.9362    3.9794    4.0665    4.0924    4.5802    4.5865    5.2295
  0.3278  -35.6171  -35.6171  -35.6170  -35.6170  -35.5847  -35.5847  -35.5847  -35.5847  -34.8961  -34.8961  -34.8959  -34.8959  -34.8697  -34.8697  -34.8697  -34.8697  -34.8539  -34.8539  -34.8538  -34.8538  -24.1615  -24.1613  -24.1603  -24.1601  -24.1201  -24.1200  -24.1192  -24.1191  -21.2107  -21.2105  -21.2103  -21.2102  -21.1723  -21.1722  -21.1689  -21.1688  -21.1535  -21.1532  -21.1525  -21.1522  -12.1111  -12.1092  -11.1296  -11.1255   -9.0158   -9.0141   -7.7235   -7.7161   -2.9936   -2.8636   -1.7672   -1.6788   -1.5382   -1.4648   -0.9735   -0.9640   -0.6895   -0.4341   -0.1489   -0.1412    0.1471    0.2668    1.6277    1.6924    2.1111    2.1111    2.6358    2.7566    3.1862    3.2144    3.9492    3.9816    4.0548    4.0755    4.5686    4.5736    5.2149
  0.3483  -35.6171  -35.6171  -35.6170  -35.6170  -35.5847  -35.5847  -35.5847  -35.5847  -34.8961  -34.8961  -34.8959  -34.8959  -34.8697  -34.8697  -34.8697  -34.8697  -34.8539  -34.8539  -34.8538  -34.8538  -24.1614  -24.1613  -24.1603  -24.1601  -24.1201  -24.1200  -24.1192  -24.1191  -21.2106  -21.2104  -21.2103  -21.2103  -21.1723  -21.1722  -21.1688  -21.1688  -21.1534  -21.1533  -21.1524  -21.1522  -12.1167  -12.1154  -11.1143  -11.1115   -9.0341   -9.0330   -7.7153   -7.7103   -2.9714   -2.8836   -1.6858   -1.6671   -1.5716   -1.4742   -0.9816   -0.9748   -0.6078   -0.4116   -0.1924   -0.1787    0.1242    0.1968    1.6442    1.6881    2.1201    2.1202    2.6560    2.7373    3.1900    3.2085    3.9600    3.9816    4.0474    4.0619    4.5605    4.5639    5.2037
  0.3688  -35.6171  -35.6171  -35.6170  -35.6170  -35.5847  -35.5847  -35.5847  -35.5847  -34.8961  -34.8961  -34.8959  -34.8959  -34.8697  -34.8697  -34.8697  -34.8697  -34.8539  -34.8539  -34.8538  -34.8538  -24.1614  -24.1614  -24.1602  -24.1602  -24.1201  -24.1200  -24.1192  -24.1191  -21.2105  -21.2104  -21.2104  -21.2103  -21.1723  -21.1723  -21.1688  -21.1688  -21.1534  -21.1533  -21.1524  -21.1522  -12.1199  -12.1192  -11.1047  -11.1033   -9.0452   -9.0447   -7.7099   -7.7074   -2.9489   -2.9046   -1.6501   -1.6128   -1.6019   -1.5039   -0.9856   -0.9821   -0.5226   -0.4070   -0.2353   -0.2173    0.1187    0.1519    1.6588    1.6809    2.1257    2.1257    2.6764    2.7172    3.1943    3.2035    3.9687    3.9794    4.0446    4.0520    4.5559    4.5576    5.1987
  0.3893  -35.6171  -35.6171  -35.6170  -35.6170  -35.5847  -35.5847  -35.5847  -35.5847  -34.8960  -34.8960  -34.8959  -34.8959  -34.8697  -34.8697  -34.8697  -34.8697  -34.8539  -34.8539  -34.8538  -34.8538  -24.1614  -24.1614  -24.1602  -24.1602  -24.1200  -24.1200  -24.1192  -24.1192  -21.2105  -21.2105  -21.2103  -21.2103  -21.1723  -21.1723  -21.1688  -21.1688  -21.1533  -21.1533  -21.1523  -21.1523  -12.1207  -12.1207  -11.1010  -11.1010   -9.0487   -9.0487   -7.7072   -7.7072   -2.9265   -2.9265   -1.6282   -1.6282   -1.5511   -1.5511   -0.9858   -0.9858   -0.4468   -0.4468   -0.2436   -0.2436    0.1275    0.1275    1.6711    1.6711    2.1275    2.1275    2.6969    2.6969    3.1989    3.1989    3.9751    3.9751    4.0461    4.0461    4.5549    4.5549    5.1982
  0.3893  -35.6171  -35.6171  -35.6170  -35.6170  -35.5847  -35.5847  -35.5847  -35.5847  -34.8960  -34.8960  -34.8959  -34.8959  -34.8697  -34.8697  -34.8697  -34.8697  -34.8539  -34.8539  -34.8538  -34.8538  -24.1614  -24.1614  -24.1602  -24.1602  -24.1200  -24.1200  -24.1192  -24.1192  -21.2105  -21.2105  -21.2103  -21.2103  -21.1723  -21.1723  -21.1688  -21.1688  -21.1533  -21.1533  -21.1523  -21.1523  -12.1207  -12.1207  -11.1010  -11.1010   -9.0487   -9.0487   -7.7072   -7.7072   -2.9265   -2.9265   -1.6282   -1.6282   -1.5511   -1.5511   -0.9858   -0.9858   -0.4468   -0.4468   -0.2436   -0.2436    0.1275    0.1275    1.6711    1.6711    2.1275    2.1275    2.6969    2.6969    3.1989    3.1989    3.9751    3.9751    4.0461    4.0461    4.5549    4.5549    5.1983
  0.4353  -35.6171  -35.6171  -35.6170  -35.6170  -35.5847  -35.5847  -35.5847  -35.5847  -34.8960  -34.8960  -34.8959  -34.8959  -34.8697  -34.8697  -34.8697  -34.8697  -34.8539  -34.8538  -34.8538  -34.8538  -24.1615  -24.1612  -24.1605  -24.1599  -24.1202  -24.1199  -24.1192  -24.1191  -21.2108  -21.2104  -21.2101  -21.2099  -21.1726  -21.1720  -21.1691  -21.1686  -21.1535  -21.1531  -21.1524  -21.1522  -12.1151  -12.1132  -11.0999  -11.0968   -9.0489   -9.0452   -7.7135   -7.7089   -2.9590   -2.8930   -1.6712   -1.6324   -1.6021   -1.5043   -1.0246   -0.9887   -0.5968   -0.4448   -0.2555   -0.1413    0.0580    0.2353    1.6675    1.7513    2.1378    2.1506    2.6718    2.7296    3.1273    3.2204    3.9176    3.9718    4.0418    4.0730    4.5617    4.5697    5.2073
  0.4813  -35.6171  -35.6171  -35.6170  -35.6170  -35.5847  -35.5847  -35.5847  -35.5847  -34.8960  -34.8960  -34.8959  -34.8959  -34.8697  -34.8697  -34.8697  -34.8697  -34.8539  -34.8538  -34.8538  -34.8538  -24.1615  -24.1610  -24.1607  -24.1595  -24.1203  -24.1198  -24.1193  -24.1191  -21.2110  -21.2102  -21.2097  -21.2092  -21.1731  -21.1719  -21.1697  -21.1685  -21.1537  -21.1528  -21.1524  -21.1521  -12.0964  -12.0926  -11.0936  -11.0875   -9.0458   -9.0385   -7.7278   -7.7188   -2.9909   -2.8584   -1.7439   -1.7358   -1.5959   -1.4941   -1.0813   -1.0355   -0.7768   -0.5828   -0.2108   -0.0737    0.0801    0.3638    1.7384    1.8896    2.1647    2.2089    2.6529    2.7739    3.0180    3.2091    3.8066    3.9122    4.0656    4.1133    4.5887    4.6032    5.2445
  0.5273  -35.6171  -35.6171  -35.6170  -35.6170  -35.5847  -35.5847  -35.5847  -35.5847  -34.8960  -34.8960  -34.8959  -34.8959  -34.8697  -34.8697  -34.8697  -34.8697  -34.8539  -34.8538  -34.8538  -34.8538  -24.1614  -24.1608  -24.1607  -24.1591  -24.1205  -24.1196  -24.1194  -24.1190  -21.2109  -21.2099  -21.2091  -21.2083  -21.1736  -21.1719  -21.1703  -21.1686  -21.1538  -21.1525  -21.1523  -21.1519  -12.0646  -12.0589  -11.0819  -11.0730   -9.0402   -9.0293   -7.7507   -7.7375   -3.0230   -2.8228   -1.8794   -1.8295   -1.6189   -1.5207   -1.1291   -1.1015   -0.9654   -0.7427   -0.2001   -0.0880    0.2168    0.4933    1.8606    2.0546    2.1718    2.3009    2.6409    2.8353    2.8987    3.2062    3.6573    3.8135    4.1138    4.1636    4.6325    4.6515    5.3103
  0.5732  -35.6171  -35.6171  -35.6170  -35.6170  -35.5847  -35.5847  -35.5847  -35.5847  -34.8960  -34.8960  -34.8959  -34.8958  -34.8697  -34.8697  -34.8697  -34.8697  -34.8538  -34.8538  -34.8538  -34.8538  -24.1613  -24.1608  -24.1603  -24.1587  -24.1206  -24.1195  -24.1195  -24.1190  -21.2106  -21.2094  -21.2084  -21.2073  -21.1742  -21.1720  -21.1711  -21.1689  -21.1537  -21.1522  -21.1521  -21.1517  -12.0199  -12.0123  -11.0648  -11.0532   -9.0331   -9.0186   -7.7828   -7.7659   -3.0568   -2.7868   -2.0319   -1.9517   -1.6784   -1.5837   -1.1837   -1.1511   -1.1250   -0.9039   -0.2187   -0.1058    0.3725    0.6076    1.9975    2.1415    2.2096    2.4014    2.6401    2.8076    2.9168    3.2444    3.4887    3.7043    4.1803    4.2257    4.6902    4.7124    5.4007
  0.6192  -35.6171  -35.6170  -35.6170  -35.6169  -35.5847  -35.5847  -35.5847  -35.5847  -34.8960  -34.8960  -34.8958  -34.8958  -34.8697  -34.8697  -34.8697  -34.8697  -34.8538  -34.8538  -34.8538  -34.8538  -24.1611  -24.1608  -24.1600  -24.1582  -24.1207  -24.1196  -24.1194  -24.1190  -21.2102  -21.2087  -21.2075  -21.2062  -21.1748  -21.1722  -21.1721  -21.1693  -21.1536  -21.1521  -21.1517  -21.1515  -11.9624  -11.9531  -11.0421  -11.0280   -9.0257   -9.0078   -7.8251   -7.8050   -3.0944   -2.7511   -2.1941   -2.0905   -1.7692   -1.6829   -1.3220   -1.2269   -1.1095   -1.0590   -0.2563   -0.1185    0.5201    0.6945    2.0861    2.1089    2.3198    2.4612    2.6518    2.8002    3.0081    3.3236    3.3237    3.6251    4.2601    4.3022    4.7602    4.7846    5.4845
  0.6652  -35.6171  -35.6170  -35.6170  -35.6169  -35.5847  -35.5847  -35.5847  -35.5846  -34.8960  -34.8959  -34.8958  -34.8958  -34.8698  -34.8697  -34.8697  -34.8697  -34.8538  -34.8538  -34.8538  -34.8537  -24.1608  -24.1607  -24.1595  -24.1578  -24.1208  -24.1197  -24.1193  -24.1191  -21.2096  -21.2080  -21.2066  -21.2050  -21.1755  -21.1731  -21.1725  -21.1697  -21.1535  -21.1518  -21.1513  -21.1512  -11.8924  -11.8813  -11.0137  -10.9974   -9.0198   -8.9987   -7.8789   -7.8562   -3.1379   -2.7174   -2.3588   -2.2299   -1.8715   -1.8145   -1.4703   -1.2474   -1.2045   -1.0780   -0.3062   -0.1345    0.6468    0.7468    2.0351    2.1649    2.3728    2.4706    2.6481    2.8876    3.0708    3.2062    3.4228    3.6169    4.3500    4.3944    4.8412    4.8668    5.5294
  0.7112  -35.6170  -35.6170  -35.6170  -35.6169  -35.5847  -35.5847  -35.5847  -35.5846  -34.8960  -34.8959  -34.8958  -34.8958  -34.8698  -34.8697  -34.8697  -34.8697  -34.8538  -34.8538  -34.8537  -34.8537  -24.1605  -24.1605  -24.1591  -24.1574  -24.1209  -24.1198  -24.1192  -24.1191  -21.2089  -21.2071  -21.2056  -21.2038  -21.1762  -21.1742  -21.1728  -21.1703  -21.1532  -21.1515  -21.1509  -21.1508  -11.8102  -11.7975  -10.9795  -10.9614   -9.0169   -8.9931   -7.9450   -7.9208   -3.1884   -2.6892   -2.5192   -2.3567   -1.9659   -1.9631   -1.5985   -1.3382   -1.2533   -1.0422   -0.3669   -0.1615    0.7338    0.7758    2.0139    2.1568    2.3786    2.4851    2.5994    3.0046    3.0081    3.2471    3.5210    3.6705    4.4487    4.4999    4.9320    4.9575    5.5624
  0.7572  -35.6170  -35.6170  -35.6169  -35.6169  -35.5847  -35.5846  -35.5846  -35.5846  -34.8959  -34.8959  -34.8958  -34.8957  -34.8698  -34.8697  -34.8697  -34.8697  -34.8538  -34.8537  -34.8537  -34.8537  -24.1603  -24.1601  -24.1587  -24.1570  -24.1210  -24.1199  -24.1192  -24.1191  -21.2082  -21.2063  -21.2047  -21.2027  -21.1770  -21.1754  -21.1733  -21.1709  -21.1528  -21.1512  -21.1505  -21.1503  -11.7162  -11.7020  -10.9397  -10.9200   -9.0189   -8.9928   -8.0246   -7.9999   -3.2444   -2.6755   -2.6693   -2.4575   -2.1214   -2.0279   -1.7140   -1.4593   -1.2532   -1.0100   -0.4389   -0.2059    0.7438    0.8278    2.0331    2.0945    2.3264    2.5280    2.5519    2.9046    3.1233    3.3370    3.6032    3.7299    4.5554    4.6144    5.0310    5.0549    5.5897
  0.8032  -35.6170  -35.6170  -35.6169  -35.6169  -35.5847  -35.5846  -35.5846  -35.5846  -34.8959  -34.8958  -34.8958  -34.8957  -34.8698  -34.8698  -34.8697  -34.8697  -34.8538  -34.8537  -34.8537  -34.8537  -24.1600  -24.1597  -24.1582  -24.1566  -24.1210  -24.1200  -24.1192  -24.1192  -21.2074  -21.2054  -21.2037  -21.2016  -21.1776  -21.1765  -21.1737  -21.1715  -21.1524  -21.1508  -21.1500  -21.1498  -11.6109  -11.5953  -10.8943  -10.8735   -9.0271   -8.9996   -8.1183   -8.0941   -3.3009   -2.8041   -2.6945   -2.5120   -2.2695   -2.0598   -1.8216   -1.5683   -1.2532   -0.9875   -0.5214   -0.2716    0.7315    0.8701    1.9919    2.0881    2.2291    2.5302    2.5942    2.8198    3.2178    3.4043    3.6603    3.7556    4.6686    4.7340    5.1375    5.1590    5.6122
  0.8492  -35.6170  -35.6169  -35.6169  -35.6169  -35.5847  -35.5846  -35.5846  -35.5846  -34.8959  -34.8958  -34.8958  -34.8957  -34.8698  -34.8698  -34.8698  -34.8697  -34.8537  -34.8537  -34.8537  -34.8536  -24.1597  -24.1593  -24.1578  -24.1563  -24.1210  -24.1201  -24.1193  -24.1192  -21.2066  -21.2046  -21.2029  -21.2005  -21.1782  -21.1776  -21.1742  -21.1722  -21.1518  -21.1504  -21.1496  -21.1493  -11.4950  -11.4782  -10.8437  -10.8223   -9.0429   -9.0148   -8.2261   -8.2036   -3.3515   -2.9200   -2.7451   -2.5196   -2.4038   -2.0615   -1.9226   -1.6666   -1.2563   -0.9789   -0.6116   -0.3578    0.7241    0.8977    1.8633    2.1230    2.1653    2.5046    2.6717    2.7622    3.2848    3.4344    3.6880    3.7405    4.7859    4.8565    5.2517    5.2715    5.6304
  0.8952  -35.6170  -35.6169  -35.6169  -35.6169  -35.5847  -35.5846  -35.5846  -35.5846  -34.8958  -34.8958  -34.8957  -34.8957  -34.8698  -34.8698  -34.8698  -34.8697  -34.8537  -34.8537  -34.8537  -34.8536  -24.1593  -24.1589  -24.1574  -24.1560  -24.1210  -24.1202  -24.1193  -24.1192  -21.2059  -21.2039  -21.2021  -21.1997  -21.1786  -21.1785  -21.1747  -21.1728  -21.1512  -21.1500  -21.1491  -21.1488  -11.3693  -11.3516  -10.7886  -10.7669   -9.0667   -9.0389   -8.3475   -8.3277   -3.3895   -3.0145   -2.7974   -2.5213   -2.5087   -2.0419   -2.0168   -1.7558   -1.2624   -0.9858   -0.7052   -0.4590    0.7278    0.9172    1.7227    2.0134    2.2505    2.4615    2.7402    2.7490    3.3224    3.4287    3.6867    3.7001    4.9055    4.9813    5.3751    5.3950    5.6428
  0.9412  -35.6169  -35.6169  -35.6169  -35.6169  -35.5846  -35.5846  -35.5846  -35.5846  -34.8958  -34.8957  -34.8957  -34.8957  -34.8698  -34.8698  -34.8698  -34.8697  -34.8537  -34.8537  -34.8536  -34.8536  -24.1590  -24.1584  -24.1571  -24.1558  -24.1209  -24.1202  -24.1194  -24.1192  -21.2052  -21.2033  -21.2015  -21.1991  -21.1792  -21.1789  -21.1751  -21.1734  -21.1506  -21.1495  -21.1486  -21.1482  -11.2351  -11.2168  -10.7297  -10.7083   -9.0984   -9.0720   -8.4812   -8.4649   -3.4099   -3.0865   -2.8361   -2.6217   -2.4953   -2.1024   -2.0122   -1.8379   -1.2683   -1.0065   -0.7970   -0.5672    0.7423    0.9325    1.5783    1.8893    2.3336    2.4176    2.7484    2.8178    3.3328    3.3937    3.6569    3.6616    5.0265    5.1069    5.5100    5.5310    5.6474
  0.9872  -35.6169  -35.6169  -35.6169  -35.6168  -35.5846  -35.5846  -35.5846  -35.5846  -34.8957  -34.8957  -34.8957  -34.8956  -34.8698  -34.8698  -34.8698  -34.8697  -34.8536  -34.8536  -34.8536  -34.8536  -24.1585  -24.1580  -24.1568  -24.1557  -24.1209  -24.1203  -24.1195  -24.1193  -21.2045  -21.2027  -21.2010  -21.1987  -21.1797  -21.1791  -21.1755  -21.1740  -21.1499  -21.1490  -21.1481  -21.1478  -11.0940  -11.0754  -10.6684  -10.6478   -9.1370   -9.1129   -8.6250   -8.6127   -3.4102   -3.1362   -2.8582   -2.7065   -2.4855   -2.1776   -1.9855   -1.9146   -1.2677   -1.0356   -0.8822   -0.6751    0.7645    0.9445    1.4333    1.7423    2.3959    2.4092    2.7772    2.8722    3.3227    3.3399    3.6212    3.6230    5.1478    5.2294    5.6440    5.6588    5.6791
  1.0331  -35.6169  -35.6169  -35.6169  -35.6168  -35.5846  -35.5846  -35.5846  -35.5846  -34.8957  -34.8957  -34.8957  -34.8956  -34.8698  -34.8698  -34.8698  -34.8698  -34.8536  -34.8536  -34.8536  -34.8536  -24.1581  -24.1576  -24.1565  -24.1556  -24.1208  -24.1203  -24.1196  -24.1194  -21.2039  -21.2023  -21.2007  -21.1986  -21.1798  -21.1791  -21.1759  -21.1747  -21.1493  -21.1486  -21.1477  -21.1474  -10.9483  -10.9301  -10.6065  -10.5875   -9.1805   -9.1595   -8.7754   -8.7673   -3.3896   -3.1644   -2.8673   -2.7786   -2.4808   -2.2396   -1.9872   -1.9748   -1.2541   -1.0641   -0.9563   -0.7764    0.7911    0.9527    1.2903    1.5758    2.4059    2.4763    2.8200    2.9074    3.2809    3.3023    3.5738    3.5963    5.2663    5.3433    5.6361    5.7524    5.8269
  1.0791  -35.6169  -35.6169  -35.6168  -35.6168  -35.5846  -35.5846  -35.5846  -35.5846  -34.8957  -34.8957  -34.8956  -34.8956  -34.8698  -34.8698  -34.8698  -34.8698  -34.8536  -34.8536  -34.8536  -34.8536  -24.1577  -24.1572  -24.1563  -24.1556  -24.1207  -24.1203  -24.1197  -24.1195  -21.2033  -21.2019  -21.2006  -21.1988  -21.1797  -21.1790  -21.1763  -21.1753  -21.1487  -21.1481  -21.1474  -21.1471  -10.8018  -10.7845  -10.5467  -10.5299   -9.2259   -9.2084   -8.9276   -8.9235   -3.3493   -3.1729   -2.8725   -2.8420   -2.4763   -2.2853   -2.0563   -1.9904   -1.2244   -1.0832   -1.0160   -0.8670    0.8192    0.9561    1.1552    1.4018    2.4454    2.5364    2.8680    2.9186    3.2289    3.2844    3.5249    3.5689    5.3779    5.4445    5.6298    5.7145    6.0047
  1.1251  -35.6169  -35.6168  -35.6168  -35.6168  -35.5846  -35.5846  -35.5846  -35.5846  -34.8956  -34.8956  -34.8956  -34.8956  -34.8698  -34.8698  -34.8698  -34.8698  -34.8536  -34.8536  -34.8536  -34.8536  -24.1573  -24.1569  -24.1562  -24.1557  -24.1205  -24.1203  -24.1198  -24.1196  -21.2028  -21.2016  -21.2005  -21.1992  -21.1794  -21.1788  -21.1767  -21.1759  -21.1481  -21.1478  -21.1471  -21.1469  -10.6605  -10.6452  -10.4923  -10.4786   -9.2690   -9.2556   -9.0744   -9.0735   -3.2918   -3.1640   -2.9005   -2.8878   -2.4605   -2.3123   -2.1217   -2.0356   -1.1823   -1.0882   -1.0590   -0.9441    0.8469    0.9540    1.0379    1.2347    2.5082    2.5927    2.9014    2.9034    3.2007    3.2801    3.4773    3.5333    5.4787    5.5314    5.6302    5.6853    6.1948
  1.1711  -35.6168  -35.6168  -35.6168  -35.6168  -35.5846  -35.5846  -35.5846  -35.5846  -34.8956  -34.8956  -34.8956  -34.8956  -34.8698  -34.8698  -34.8698  -34.8698  -34.8536  -34.8536  -34.8536  -34.8536  -24.1569  -24.1566  -24.1562  -24.1558  -24.1204  -24.1202  -24.1199  -24.1198  -21.2022  -21.2014  -21.2006  -21.1997  -21.1789  -21.1785  -21.1770  -21.1765  -21.1477  -21.1474  -21.1470  -21.1468  -10.5348  -10.5227  -10.4475  -10.4377   -9.3049   -9.2957   -9.2054   -9.2041   -3.2210   -3.1404   -2.9564   -2.9251   -2.4219   -2.3193   -2.1821   -2.1054   -1.1374   -1.0842   -1.0827   -1.0060    0.8729    0.9464    0.9513    1.0893    2.5867    2.6478    2.8663    2.8920    3.2183    3.2921    3.4319    3.4848    5.5646    5.6019    5.6381    5.6696    6.3291
  1.2171  -35.6168  -35.6168  -35.6168  -35.6168  -35.5846  -35.5846  -35.5846  -35.5846  -34.8956  -34.8956  -34.8956  -34.8956  -34.8698  -34.8698  -34.8698  -34.8698  -34.8536  -34.8536  -34.8536  -34.8536  -24.1566  -24.1564  -24.1562  -24.1560  -24.1202  -24.1202  -24.1200  -24.1199  -21.2016  -21.2011  -21.2007  -21.2003  -21.1784  -21.1781  -21.1774  -21.1771  -21.1473  -21.1472  -21.1469  -21.1468  -10.4420  -10.4351  -10.4169  -10.4118   -9.3283   -9.3237   -9.3002   -9.2987   -3.1418   -3.1049   -3.0102   -2.9852   -2.3587   -2.3071   -2.2351   -2.1899   -1.1009   -1.0912   -1.0763   -1.0516    0.8964    0.9080    0.9338    0.9795    2.6735    2.7037    2.8162    2.8381    3.2766    3.3170    3.3893    3.4227    5.6284    5.6484    5.6495    5.6639    6.3917
  1.2631  -35.6168  -35.6168  -35.6168  -35.6168  -35.5846  -35.5846  -35.5846  -35.5846  -34.8956  -34.8956  -34.8956  -34.8956  -34.8698  -34.8698  -34.8698  -34.8698  -34.8536  -34.8536  -34.8536  -34.8536  -24.1563  -24.1563  -24.1563  -24.1563  -24.1201  -24.1201  -24.1201  -24.1201  -21.2009  -21.2009  -21.2009  -21.2009  -21.1778  -21.1778  -21.1778  -21.1778  -21.1470  -21.1470  -21.1470  -21.1470  -10.4045  -10.4045  -10.4045  -10.4045   -9.3351   -9.3351   -9.3351   -9.3351   -3.0605   -3.0605   -3.0605   -3.0605   -2.2779   -2.2779   -2.2779   -2.2779   -1.0802   -1.0802   -1.0802   -1.0802    0.9169    0.9169    0.9169    0.9169    2.7604    2.7604    2.7604    2.7604    3.3504    3.3504    3.3504    3.3504    5.6589    5.6589    5.6589    5.6589    6.4058
  1.2631  -35.6168  -35.6168  -35.6168  -35.6168  -35.5846  -35.5846  -35.5846  -35.5846  -34.8956  -34.8956  -34.8956  -34.8956  -34.8698  -34.8698  -34.8698  -34.8698  -34.8536  -34.8536  -34.8536  -34.8536  -24.1563  -24.1563  -24.1563  -24.1563  -24.1201  -24.1201  -24.1201  -24.1201  -21.2009  -21.2009  -21.2009  -21.2009  -21.1778  -21.1778  -21.1778  -21.1778  -21.1470  -21.1470  -21.1470  -21.1470  -10.4045  -10.4045  -10.4045  -10.4045   -9.3351   -9.3351   -9.3351   -9.3351   -3.0605   -3.0605   -3.0605   -3.0605   -2.2779   -2.2779   -2.2779   -2.2779   -1.0802   -1.0802   -1.0802   -1.0802    0.9169    0.9169    0.9169    0.9169    2.7604    2.7604    2.7604    2.7604    3.3504    3.3504    3.3504    3.3504    5.6589    5.6589    5.6589    5.6589    6.4058
  1.3091  -35.6168  -35.6168  -35.6168  -35.6168  -35.5846  -35.5846  -35.5846  -35.5846  -34.8956  -34.8956  -34.8956  -34.8956  -34.8698  -34.8698  -34.8698  -34.8698  -34.8536  -34.8536  -34.8536  -34.8536  -24.1566  -24.1564  -24.1562  -24.1560  -24.1202  -24.1202  -24.1200  -24.1199  -21.2016  -21.2011  -21.2007  -21.2003  -21.1784  -21.1781  -21.1774  -21.1771  -21.1473  -21.1472  -21.1469  -21.1468  -10.4420  -10.4351  -10.4169  -10.4118   -9.3283   -9.3237   -9.3002   -9.2987   -3.1418   -3.1049   -3.0102   -2.9852   -2.3587   -2.3071   -2.2351   -2.1899   -1.1009   -1.0912   -1.0763   -1.0516    0.8964    0.9080    0.9338    0.9795    2.6735    2.7037    2.8162    2.8381    3.2766    3.3170    3.3893    3.4227    5.6284    5.6484    5.6495    5.6639    6.3930
  1.3551  -35.6168  -35.6168  -35.6168  -35.6168  -35.5846  -35.5846  -35.5846  -35.5846  -34.8956  -34.8956  -34.8956  -34.8956  -34.8698  -34.8698  -34.8698  -34.8698  -34.8536  -34.8536  -34.8536  -34.8536  -24.1569  -24.1566  -24.1562  -24.1558  -24.1204  -24.1202  -24.1199  -24.1198  -21.2022  -21.2014  -21.2006  -21.1997  -21.1789  -21.1785  -21.1770  -21.1765  -21.1477  -21.1474  -21.1470  -21.1468  -10.5348  -10.5227  -10.4475  -10.4377   -9.3049   -9.2957   -9.2054   -9.2041   -3.2210   -3.1404   -2.9564   -2.9251   -2.4219   -2.3193   -2.1821   -2.1054   -1.1374   -1.0842   -1.0827   -1.0060    0.8729    0.9464    0.9513    1.0893    2.5867    2.6478    2.8663    2.8920    3.2183    3.2921    3.4319    3.4848    5.5646    5.6019    5.6381    5.6696    6.3292
  1.4011  -35.6169  -35.6168  -35.6168  -35.6168  -35.5846  -35.5846  -35.5846  -35.5846  -34.8956  -34.8956  -34.8956  -34.8956  -34.8698  -34.8698  -34.8698  -34.8698  -34.8536  -34.8536  -34.8536  -34.8536  -24.1573  -24.1569  -24.1562  -24.1557  -24.1205  -24.1203  -24.1198  -24.1196  -21.2028  -21.2016  -21.2005  -21.1992  -21.1794  -21.1788  -21.1767  -21.1759  -21.1481  -21.1478  -21.1471  -21.1469  -10.6605  -10.6452  -10.4923  -10.4786   -9.2690   -9.2556   -9.0744   -9.0735   -3.2918   -3.1640   -2.9005   -2.8878   -2.4605   -2.3123   -2.1217   -2.0356   -1.1823   -1.0882   -1.0590   -0.9441    0.8469    0.9540    1.0379    1.2347    2.5082    2.5927    2.9014    2.9034    3.2007    3.2801    3.4773    3.5333    5.4787    5.5314    5.6302    5.6853    6.1888
  1.4470  -35.6169  -35.6169  -35.6168  -35.6168  -35.5846  -35.5846  -35.5846  -35.5846  -34.8957  -34.8957  -34.8956  -34.8956  -34.8698  -34.8698  -34.8698  -34.8698  -34.8536  -34.8536  -34.8536  -34.8536  -24.1577  -24.1572  -24.1563  -24.1556  -24.1207  -24.1203  -24.1197  -24.1195  -21.2033  -21.2019  -21.2006  -21.1988  -21.1797  -21.1790  -21.1763  -21.1753  -21.1487  -21.1481  -21.1474  -21.1471  -10.8018  -10.7845  -10.5467  -10.5299   -9.2259   -9.2084   -8.9276   -8.9235   -3.3493   -3.1729   -2.8725   -2.8420   -2.4763   -2.2853   -2.0563   -1.9904   -1.2244   -1.0832   -1.0160   -0.8670    0.8192    0.9561    1.1552    1.4018    2.4454    2.5364    2.8680    2.9186    3.2289    3.2844    3.5249    3.5689    5.3779    5.4445    5.6298    5.7145    6.0046
  1.4930  -35.6169  -35.6169  -35.6169  -35.6168  -35.5846  -35.5846  -35.5846  -35.5846  -34.8957  -34.8957  -34.8957  -34.8956  -34.8698  -34.8698  -34.8698  -34.8698  -34.8536  -34.8536  -34.8536  -34.8536  -24.1581  -24.1576  -24.1565  -24.1556  -24.1208  -24.1203  -24.1196  -24.1194  -21.2039  -21.2023  -21.2007  -21.1986  -21.1798  -21.1791  -21.1759  -21.1747  -21.1493  -21.1486  -21.1477  -21.1474  -10.9483  -10.9301  -10.6065  -10.5875   -9.1805   -9.1595   -8.7754   -8.7673   -3.3896   -3.1644   -2.8673   -2.7786   -2.4808   -2.2396   -1.9872   -1.9748   -1.2541   -1.0641   -0.9563   -0.7764    0.7911    0.9527    1.2903    1.5758    2.4059    2.4763    2.8200    2.9074    3.2809    3.3023    3.5738    3.5963    5.2663    5.3433    5.6361    5.7524    5.8248
  1.5390  -35.6169  -35.6169  -35.6169  -35.6168  -35.5846  -35.5846  -35.5846  -35.5846  -34.8957  -34.8957  -34.8957  -34.8956  -34.8698  -34.8698  -34.8698  -34.8697  -34.8536  -34.8536  -34.8536  -34.8536  -24.1585  -24.1580  -24.1568  -24.1557  -24.1209  -24.1203  -24.1195  -24.1193  -21.2045  -21.2027  -21.2010  -21.1987  -21.1797  -21.1791  -21.1755  -21.1740  -21.1499  -21.1490  -21.1481  -21.1478  -11.0940  -11.0754  -10.6684  -10.6478   -9.1370   -9.1129   -8.6250   -8.6127   -3.4102   -3.1362   -2.8582   -2.7065   -2.4855   -2.1776   -1.9855   -1.9146   -1.2677   -1.0356   -0.8822   -0.6751    0.7645    0.9445    1.4333    1.7423    2.3959    2.4092    2.7772    2.8722    3.3227    3.3399    3.6212    3.6230    5.1478    5.2294    5.6440    5.6588    5.6791
  1.5850  -35.6169  -35.6169  -35.6169  -35.6169  -35.5846  -35.5846  -35.5846  -35.5846  -34.8958  -34.8957  -34.8957  -34.8957  -34.8698  -34.8698  -34.8698  -34.8697  -34.8537  -34.8537  -34.8536  -34.8536  -24.1590  -24.1584  -24.1571  -24.1558  -24.1209  -24.1202  -24.1194  -24.1192  -21.2052  -21.2033  -21.2015  -21.1991  -21.1792  -21.1789  -21.1751  -21.1734  -21.1506  -21.1495  -21.1486  -21.1482  -11.2351  -11.2168  -10.7297  -10.7083   -9.0984   -9.0720   -8.4812   -8.4649   -3.4099   -3.0865   -2.8361   -2.6217   -2.4953   -2.1024   -2.0122   -1.8379   -1.2683   -1.0065   -0.7970   -0.5672    0.7423    0.9325    1.5783    1.8893    2.3336    2.4176    2.7484    2.8178    3.3328    3.3937    3.6569    3.6616    5.0265    5.1069    5.5100    5.5310    5.6474
  1.6310  -35.6170  -35.6169  -35.6169  -35.6169  -35.5847  -35.5846  -35.5846  -35.5846  -34.8958  -34.8958  -34.8957  -34.8957  -34.8698  -34.8698  -34.8698  -34.8697  -34.8537  -34.8537  -34.8537  -34.8536  -24.1593  -24.1589  -24.1574  -24.1560  -24.1210  -24.1202  -24.1193  -24.1192  -21.2059  -21.2039  -21.2021  -21.1997  -21.1786  -21.1785  -21.1747  -21.1728  -21.1512  -21.1500  -21.1491  -21.1488  -11.3693  -11.3516  -10.7886  -10.7669   -9.0667   -9.0389   -8.3475   -8.3277   -3.3895   -3.0145   -2.7974   -2.5213   -2.5087   -2.0419   -2.0168   -1.7558   -1.2624   -0.9858   -0.7052   -0.4590    0.7278    0.9172    1.7227    2.0134    2.2505    2.4615    2.7402    2.7490    3.3224    3.4287    3.6867    3.7001    4.9055    4.9813    5.3751    5.3950    5.6428
  1.6770  -35.6170  -35.6169  -35.6169  -35.6169  -35.5847  -35.5846  -35.5846  -35.5846  -34.8959  -34.8958  -34.8958  -34.8957  -34.8698  -34.8698  -34.8698  -34.8697  -34.8537  -34.8537  -34.8537  -34.8536  -24.1597  -24.1593  -24.1578  -24.1563  -24.1210  -24.1201  -24.1193  -24.1192  -21.2066  -21.2046  -21.2029  -21.2005  -21.1782  -21.1776  -21.1742  -21.1722  -21.1518  -21.1504  -21.1496  -21.1493  -11.4950  -11.4782  -10.8437  -10.8223   -9.0429   -9.0148   -8.2261   -8.2036   -3.3515   -2.9200   -2.7451   -2.5196   -2.4038   -2.0615   -1.9226   -1.6666   -1.2563   -0.9789   -0.6116   -0.3578    0.7241    0.8977    1.8633    2.1230    2.1653    2.5046    2.6717    2.7622    3.2848    3.4344    3.6880    3.7405    4.7859    4.8565    5.2517    5.2715    5.6304
  1.7230  -35.6170  -35.6170  -35.6169  -35.6169  -35.5847  -35.5846  -35.5846  -35.5846  -34.8959  -34.8958  -34.8958  -34.8957  -34.8698  -34.8698  -34.8697  -34.8697  -34.8538  -34.8537  -34.8537  -34.8537  -24.1600  -24.1597  -24.1582  -24.1566  -24.1210  -24.1200  -24.1192  -24.1192  -21.2074  -21.2054  -21.2037  -21.2016  -21.1776  -21.1765  -21.1737  -21.1715  -21.1524  -21.1508  -21.1500  -21.1498  -11.6109  -11.5953  -10.8943  -10.8735   -9.0271   -8.9996   -8.1183   -8.0941   -3.3009   -2.8041   -2.6945   -2.5120   -2.2695   -2.0598   -1.8216   -1.5683   -1.2532   -0.9875   -0.5214   -0.2716    0.7315    0.8701    1.9919    2.0881    2.2291    2.5302    2.5942    2.8198    3.2178    3.4043    3.6603    3.7556    4.6686    4.7340    5.1375    5.1590    5.6122
  1.7690  -35.6170  -35.6170  -35.6169  -35.6169  -35.5847  -35.5846  -35.5846  -35.5846  -34.8959  -34.8959  -34.8958  -34.8957  -34.8698  -34.8697  -34.8697  -34.8697  -34.8538  -34.8537  -34.8537  -34.8537  -24.1603  -24.1601  -24.1587  -24.1570  -24.1210  -24.1199  -24.1192  -24.1191  -21.2082  -21.2063  -21.2047  -21.2027  -21.1770  -21.1754  -21.1733  -21.1709  -21.1528  -21.1512  -21.1505  -21.1503  -11.7162  -11.7020  -10.9397  -10.9200   -9.0189   -8.9928   -8.0246   -7.9999   -3.2444   -2.6755   -2.6693   -2.4575   -2.1214   -2.0279   -1.7140   -1.4593   -1.2532   -1.0100   -0.4389   -0.2059    0.7438    0.8278    2.0331    2.0945    2.3264    2.5280    2.5519    2.9046    3.1233    3.3370    3.6032    3.7299    4.5554    4.6144    5.0310    5.0549    5.5897
  1.8150  -35.6170  -35.6170  -35.6170  -35.6169  -35.5847  -35.5847  -35.5847  -35.5846  -34.8960  -34.8959  -34.8958  -34.8958  -34.8698  -34.8697  -34.8697  -34.8697  -34.8538  -34.8538  -34.8537  -34.8537  -24.1605  -24.1605  -24.1591  -24.1574  -24.1209  -24.1198  -24.1192  -24.1191  -21.2089  -21.2071  -21.2056  -21.2038  -21.1762  -21.1742  -21.1728  -21.1703  -21.1532  -21.1515  -21.1509  -21.1508  -11.8102  -11.7975  -10.9795  -10.9614   -9.0169   -8.9931   -7.9450   -7.9208   -3.1884   -2.6892   -2.5192   -2.3567   -1.9659   -1.9631   -1.5985   -1.3382   -1.2533   -1.0422   -0.3669   -0.1615    0.7338    0.7758    2.0139    2.1568    2.3786    2.4851    2.5994    3.0046    3.0081    3.2471    3.5210    3.6705    4.4487    4.4999    4.9320    4.9575    5.5623
  1.8610  -35.6171  -35.6170  -35.6170  -35.6169  -35.5847  -35.5847  -35.5847  -35.5846  -34.8960  -34.8959  -34.8958  -34.8958  -34.8698  -34.8697  -34.8697  -34.8697  -34.8538  -34.8538  -34.8538  -34.8537  -24.1608  -24.1607  -24.1595  -24.1578  -24.1208  -24.1197  -24.1193  -24.1191  -21.2096  -21.2080  -21.2066  -21.2050  -21.1755  -21.1731  -21.1725  -21.1697  -21.1535  -21.1518  -21.1513  -21.1512  -11.8924  -11.8813  -11.0137  -10.9974   -9.0198   -8.9987   -7.8789   -7.8562   -3.1379   -2.7174   -2.3588   -2.2299   -1.8715   -1.8145   -1.4703   -1.2474   -1.2045   -1.0780   -0.3062   -0.1345    0.6468    0.7468    2.0351    2.1649    2.3728    2.4706    2.6481    2.8876    3.0708    3.2062    3.4228    3.6169    4.3500    4.3944    4.8412    4.8668    5.5289
  1.9069  -35.6171  -35.6170  -35.6170  -35.6169  -35.5847  -35.5847  -35.5847  -35.5847  -34.8960  -34.8960  -34.8958  -34.8958  -34.8697  -34.8697  -34.8697  -34.8697  -34.8538  -34.8538  -34.8538  -34.8538  -24.1611  -24.1608  -24.1600  -24.1582  -24.1207  -24.1196  -24.1194  -24.1190  -21.2102  -21.2087  -21.2075  -21.2062  -21.1748  -21.1722  -21.1721  -21.1693  -21.1536  -21.1521  -21.1517  -21.1515  -11.9624  -11.9531  -11.0421  -11.0280   -9.0257   -9.0078   -7.8251   -7.8050   -3.0944   -2.7511   -2.1941   -2.0905   -1.7692   -1.6829   -1.3220   -1.2269   -1.1095   -1.0590   -0.2563   -0.1185    0.5201    0.6945    2.0861    2.1089    2.3198    2.4612    2.6518    2.8002    3.0081    3.3236    3.3237    3.6251    4.2601    4.3022    4.7602    4.7846    5.4877
  1.9529  -35.6171  -35.6171  -35.6170  -35.6170  -35.5847  -35.5847  -35.5847  -35.5847  -34.8960  -34.8960  -34.8959  -34.8958  -34.8697  -34.8697  -34.8697  -34.8697  -34.8538  -34.8538  -34.8538  -34.8538  -24.1613  -24.1608  -24.1603  -24.1587  -24.1206  -24.1195  -24.1195  -24.1190  -21.2106  -21.2094  -21.2084  -21.2073  -21.1742  -21.1720  -21.1711  -21.1689  -21.1537  -21.1522  -21.1521  -21.1517  -12.0199  -12.0123  -11.0648  -11.0532   -9.0331   -9.0186   -7.7828   -7.7659   -3.0568   -2.7868   -2.0319   -1.9517   -1.6784   -1.5837   -1.1837   -1.1511   -1.1250   -0.9039   -0.2187   -0.1058    0.3725    0.6076    1.9975    2.1415    2.2096    2.4014    2.6401    2.8076    2.9168    3.2444    3.4887    3.7043    4.1803    4.2257    4.6902    4.7124    5.3890
  1.9989  -35.6171  -35.6171  -35.6170  -35.6170  -35.5847  -35.5847  -35.5847  -35.5847  -34.8960  -34.8960  -34.8959  -34.8959  -34.8697  -34.8697  -34.8697  -34.8697  -34.8539  -34.8538  -34.8538  -34.8538  -24.1614  -24.1608  -24.1607  -24.1591  -24.1205  -24.1196  -24.1194  -24.1190  -21.2109  -21.2099  -21.2091  -21.2083  -21.1736  -21.1719  -21.1703  -21.1686  -21.1538  -21.1525  -21.1523  -21.1519  -12.0646  -12.0589  -11.0819  -11.0730   -9.0402   -9.0293   -7.7507   -7.7375   -3.0230   -2.8228   -1.8794   -1.8295   -1.6189   -1.5207   -1.1291   -1.1015   -0.9654   -0.7427   -0.2001   -0.0880    0.2168    0.4933    1.8606    2.0546    2.1718    2.3009    2.6409    2.8353    2.8987    3.2062    3.6573    3.8135    4.1138    4.1636    4.6325    4.6515    5.3103
  2.0449  -35.6171  -35.6171  -35.6170  -35.6170  -35.5847  -35.5847  -35.5847  -35.5847  -34.8960  -34.8960  -34.8959  -34.8959  -34.8697  -34.8697  -34.8697  -34.8697  -34.8539  -34.8538  -34.8538  -34.8538  -24.1615  -24.1610  -24.1607  -24.1595  -24.1203  -24.1198  -24.1193  -24.1191  -21.2110  -21.2102  -21.2097  -21.2092  -21.1731  -21.1719  -21.1697  -21.1685  -21.1537  -21.1528  -21.1524  -21.1521  -12.0964  -12.0926  -11.0936  -11.0875   -9.0458   -9.0385   -7.7278   -7.7188   -2.9909   -2.8584   -1.7439   -1.7358   -1.5959   -1.4941   -1.0813   -1.0355   -0.7768   -0.5828   -0.2108   -0.0737    0.0801    0.3638    1.7384    1.8896    2.1647    2.2089    2.6529    2.7739    3.0180    3.2091    3.8066    3.9122    4.0656    4.1133    4.5887    4.6032    5.2445
  2.0909  -35.6171  -35.6171  -35.6170  -35.6170  -35.5847  -35.5847  -35.5847  -35.5847  -34.8960  -34.8960  -34.8959  -34.8959  -34.8697  -34.8697  -34.8697  -34.8697  -34.8539  -34.8538  -34.8538  -34.8538  -24.1615  -24.1612  -24.1605  -24.1599  -24.1202  -24.1199  -24.1192  -24.1191  -21.2108  -21.2104  -21.2101  -21.2099  -21.1726  -21.1720  -21.1691  -21.1686  -21.1535  -21.1531  -21.1524  -21.1522  -12.1151  -12.1132  -11.0999  -11.0968   -9.0489   -9.0452   -7.7135   -7.7089   -2.9590   -2.8930   -1.6712   -1.6324   -1.6021   -1.5043   -1.0246   -0.9887   -0.5968   -0.4448   -0.2555   -0.1413    0.0580    0.2353    1.6675    1.7513    2.1378    2.1506    2.6718    2.7296    3.1273    3.2204    3.9176    3.9718    4.0418    4.0730    4.5617    4.5697    5.2092
  2.1369  -35.6171  -35.6171  -35.6170  -35.6170  -35.5847  -35.5847  -35.5847  -35.5847  -34.8960  -34.8960  -34.8959  -34.8959  -34.8697  -34.8697  -34.8697  -34.8697  -34.8539  -34.8539  -34.8538  -34.8538  -24.1614  -24.1614  -24.1602  -24.1602  -24.1200  -24.1200  -24.1192  -24.1192  -21.2105  -21.2105  -21.2103  -21.2103  -21.1723  -21.1723  -21.1688  -21.1688  -21.1533  -21.1533  -21.1523  -21.1523  -12.1207  -12.1207  -11.1010  -11.1010   -9.0487   -9.0487   -7.7072   -7.7072   -2.9265   -2.9265   -1.6282   -1.6282   -1.5511   -1.5511   -0.9858   -0.9858   -0.4468   -0.4468   -0.2436   -0.2436    0.1275    0.1275    1.6711    1.6711    2.1275    2.1275    2.6969    2.6969    3.1989    3.1989    3.9751    3.9751    4.0461    4.0461    4.5549    4.5549    5.1982
  2.1369  -35.6171  -35.6171  -35.6170  -35.6170  -35.5847  -35.5847  -35.5847  -35.5847  -34.8960  -34.8960  -34.8959  -34.8959  -34.8697  -34.8697  -34.8697  -34.8697  -34.8539  -34.8539  -34.8538  -34.8538  -24.1614  -24.1614  -24.1602  -24.1602  -24.1200  -24.1200  -24.1192  -24.1192  -21.2105  -21.2105  -21.2103  -21.2103  -21.1723  -21.1723  -21.1688  -21.1688  -21.1533  -21.1533  -21.1523  -21.1523  -12.1207  -12.1207  -11.1010  -11.1010   -9.0487   -9.0487   -7.7072   -7.7072   -2.9265   -2.9265   -1.6282   -1.6282   -1.5511   -1.5511   -0.9858   -0.9858   -0.4468   -0.4468   -0.2436   -0.2436    0.1275    0.1275    1.6711    1.6711    2.1275    2.1275    2.6969    2.6969    3.1989    3.1989    3.9751    3.9751    4.0461    4.0461    4.5549    4.5549    5.1982
  2.1781  -35.6171  -35.6171  -35.6170  -35.6170  -35.5847  -35.5847  -35.5847  -35.5847  -34.8960  -34.8960  -34.8959  -34.8959  -34.8697  -34.8697  -34.8697  -34.8697  -34.8539  -34.8538  -34.8538  -34.8538  -24.1615  -24.1612  -24.1605  -24.1599  -24.1202  -24.1199  -24.1192  -24.1191  -21.2108  -21.2104  -21.2101  -21.2099  -21.1726  -21.1720  -21.1691  -21.1686  -21.1535  -21.1531  -21.1523  -21.1522  -12.1162  -12.1144  -11.0967  -11.0940   -9.0527   -9.0491   -7.7117   -7.7079   -2.9504   -2.9011   -1.6641   -1.6133   -1.5957   -1.5269   -1.0267   -0.9907   -0.5687   -0.4400   -0.2767   -0.1496    0.0514    0.2249    1.6704    1.7510    2.1396    2.1522    2.6807    2.7207    3.1264    3.2211    3.9194    3.9723    4.0400    4.0707    4.5600    4.5678    5.2017
  2.2192  -35.6171  -35.6171  -35.6170  -35.6170  -35.5847  -35.5847  -35.5847  -35.5847  -34.8960  -34.8960  -34.8959  -34.8959  -34.8697  -34.8697  -34.8697  -34.8697  -34.8539  -34.8538  -34.8538  -34.8538  -24.1615  -24.1610  -24.1606  -24.1595  -24.1203  -24.1198  -24.1193  -24.1191  -21.2110  -21.2102  -21.2097  -21.2092  -21.1731  -21.1719  -21.1696  -21.1685  -21.1537  -21.1528  -21.1523  -21.1521  -12.1010  -12.0974  -11.0812  -11.0758   -9.0609   -9.0538   -7.7215   -7.7139   -2.9754   -2.8727   -1.7288   -1.6642   -1.6152   -1.5218   -1.0916   -1.0444   -0.7107   -0.5834   -0.2364   -0.0534    0.0114    0.3238    1.7479    1.8905    2.1671    2.2168    2.6720    2.7545    3.0097    3.2156    3.8132    3.9151    4.0575    4.1054    4.5820    4.5960    5.2344
  2.2604  -35.6171  -35.6171  -35.6170  -35.6170  -35.5847  -35.5847  -35.5847  -35.5847  -34.8960  -34.8960  -34.8959  -34.8959  -34.8698  -34.8697  -34.8697  -34.8697  -34.8539  -34.8538  -34.8538  -34.8538  -24.1614  -24.1608  -24.1607  -24.1591  -24.1205  -24.1196  -24.1194  -24.1191  -21.2109  -21.2099  -21.2091  -21.2083  -21.1736  -21.1720  -21.1703  -21.1686  -21.1538  -21.1525  -21.1522  -21.1520  -12.0750  -12.0696  -11.0546  -11.0465   -9.0739   -9.0632   -7.7370   -7.7258   -3.0050   -2.8408   -1.8280   -1.7609   -1.6339   -1.5362   -1.1548   -1.1299   -0.8471   -0.7700   -0.2056   -0.0340    0.0696    0.4124    1.8828    2.0564    2.1646    2.3178    2.6735    2.8016    2.8721    3.2289    3.6730    3.8208    4.0965    4.1472    4.6179    4.6361    5.2899
  2.3016  -35.6171  -35.6171  -35.6170  -35.6170  -35.5847  -35.5847  -35.5847  -35.5847  -34.8960  -34.8960  -34.8959  -34.8958  -34.8698  -34.8697  -34.8697  -34.8697  -34.8538  -34.8538  -34.8538  -34.8538  -24.1613  -24.1608  -24.1604  -24.1586  -24.1206  -24.1195  -24.1194  -24.1190  -21.2107  -21.2093  -21.2085  -21.2073  -21.1743  -21.1721  -21.1710  -21.1688  -21.1538  -21.1522  -21.1521  -21.1518  -12.0383  -12.0313  -11.0168  -11.0062   -9.0922   -9.0781   -7.7588   -7.7443   -3.0437   -2.8059   -1.9571   -1.8870   -1.6707   -1.5722   -1.2244   -1.1988   -0.9875   -0.9478   -0.1863   -0.0450    0.1644    0.4895    2.0395    2.1070    2.2077    2.4092    2.6931    2.7643    2.8659    3.2954    3.5199    3.7167    4.1522    4.1969    4.6649    4.6857    5.3576
  2.3428  -35.6171  -35.6170  -35.6170  -35.6169  -35.5847  -35.5847  -35.5847  -35.5846  -34.8960  -34.8960  -34.8959  -34.8958  -34.8698  -34.8697  -34.8697  -34.8697  -34.8538  -34.8538  -34.8538  -34.8537  -24.1611  -24.1608  -24.1600  -24.1582  -24.1208  -24.1195  -24.1194  -24.1190  -21.2103  -21.2086  -21.2077  -21.2062  -21.1749  -21.1723  -21.1719  -21.1691  -21.1537  -21.1519  -21.1518  -21.1516  -11.9912  -11.9825  -10.9680  -10.9550   -9.1166   -9.0992   -7.7880   -7.7704   -3.0963   -2.7704   -2.1012   -2.0372   -1.7226   -1.6317   -1.3025   -1.2292   -1.1808   -1.0515   -0.1761   -0.0518    0.2549    0.5593    2.0042    2.1683    2.3145    2.3820    2.7313    2.7940    2.9480    3.3799    3.4102    3.6391    4.2211    4.2559    4.7215    4.7434    5.4307
  2.3839  -35.6171  -35.6170  -35.6170  -35.6169  -35.5847  -35.5847  -35.5847  -35.5846  -34.8960  -34.8959  -34.8958  -34.8958  -34.8698  -34.8697  -34.8697  -34.8697  -34.8538  -34.8538  -34.8538  -34.8537  -24.1608  -24.1607  -24.1597  -24.1577  -24.1209  -24.1196  -24.1193  -24.1191  -21.2097  -21.2078  -21.2068  -21.2050  -21.1757  -21.1730  -21.1726  -21.1695  -21.1536  -21.1517  -21.1513  -21.1513  -11.9337  -11.9234  -10.9084  -10.8931   -9.1479   -9.1275   -7.8255   -7.8053   -3.1659   -2.7411   -2.2406   -2.2012   -1.7771   -1.7165   -1.3687   -1.3621   -1.2495   -1.1360   -0.1753   -0.0565    0.3408    0.6266    1.8839    2.2098    2.2650    2.3982    2.7357    2.9287    3.0537    3.2789    3.5464    3.6291    4.3001    4.3248    4.7864    4.8080    5.5051
  2.4251  -35.6170  -35.6170  -35.6170  -35.6169  -35.5847  -35.5847  -35.5847  -35.5846  -34.8960  -34.8959  -34.8958  -34.8958  -34.8698  -34.8698  -34.8697  -34.8697  -34.8538  -34.8538  -34.8537  -34.8537  -24.1605  -24.1605  -24.1593  -24.1572  -24.1210  -24.1197  -24.1192  -24.1191  -21.2091  -21.2069  -21.2059  -21.2038  -21.1764  -21.1740  -21.1731  -21.1700  -21.1534  -21.1514  -21.1510  -21.1509  -11.8661  -11.8542  -10.8382  -10.8207   -9.1872   -9.1641   -7.8725   -7.8504   -3.2516   -2.7344   -2.3673   -2.3495   -1.8258   -1.8175   -1.5379   -1.4084   -1.2669   -1.2184   -0.1854   -0.0623    0.4235    0.6959    1.7713    2.1441    2.1712    2.4681    2.6597    3.0775    3.1665    3.2389    3.6788    3.6943    4.3850    4.4033    4.8590    4.8782    5.5828
  2.4663  -35.6170  -35.6170  -35.6169  -35.6169  -35.5847  -35.5847  -35.5846  -35.5846  -34.8959  -34.8958  -34.8958  -34.8957  -34.8698  -34.8698  -34.8697  -34.8697  -34.8538  -34.8537  -34.8537  -34.8537  -24.1603  -24.1601  -24.1589  -24.1567  -24.1211  -24.1198  -24.1192  -24.1191  -21.2084  -21.2059  -21.2050  -21.2025  -21.1771  -21.1752  -21.1735  -21.1705  -21.1530  -21.1510  -21.1506  -21.1503  -11.7886  -11.7753  -10.7576  -10.7382   -9.2354   -9.2100   -7.9302   -7.9068   -3.3477   -2.7754   -2.5261   -2.3977   -1.9516   -1.8334   -1.6898   -1.4489   -1.3086   -1.2873   -0.2077   -0.0729    0.5050    0.7703    1.6831    2.0457    2.0943    2.5119    2.5439    3.1479    3.2094    3.3557    3.7894    3.7895    4.4713    4.4890    4.9387    4.9539    5.6575
  2.5074  -35.6170  -35.6170  -35.6169  -35.6169  -35.5847  -35.5846  -35.5846  -35.5846  -34.8959  -34.8958  -34.8957  -34.8957  -34.8698  -34.8697  -34.8697  -34.8697  -34.8537  -34.8537  -34.8537  -34.8537  -24.1601  -24.1597  -24.1585  -24.1563  -24.1212  -24.1198  -24.1192  -24.1191  -21.2076  -21.2050  -21.2041  -21.2013  -21.1778  -21.1763  -21.1740  -21.1710  -21.1527  -21.1506  -21.1502  -21.1498  -11.7016  -11.6870  -10.6670  -10.6459   -9.2935   -9.2662   -7.9996   -7.9757   -3.4459   -2.8590   -2.6705   -2.3874   -2.0800   -1.8327   -1.8226   -1.4878   -1.4127   -1.3153   -0.2430   -0.0918    0.5877    0.8517    1.6289    1.9783    2.0048    2.4194    2.5404    3.1122    3.3103    3.4789    3.8665    3.8695    4.5571    4.5761    5.0260    5.0374    5.7110
  2.5486  -35.6170  -35.6169  -35.6169  -35.6169  -35.5847  -35.5846  -35.5846  -35.5846  -34.8958  -34.8958  -34.8957  -34.8957  -34.8698  -34.8698  -34.8697  -34.8697  -34.8537  -34.8537  -34.8537  -34.8537  -24.1598  -24.1593  -24.1581  -24.1559  -24.1212  -24.1199  -24.1193  -24.1191  -21.2070  -21.2041  -21.2033  -21.2001  -21.1783  -21.1774  -21.1746  -21.1716  -21.1522  -21.1502  -21.1497  -21.1493  -11.6054  -11.5897  -10.5667  -10.5445   -9.3621   -9.3332   -8.0814   -8.0578   -3.5376   -2.9528   -2.7959   -2.3501   -2.1993   -1.9729   -1.7879   -1.5335   -1.5252   -1.3544   -0.2906   -0.1218    0.6746    0.9409    1.6114    1.9188    1.9450    2.3164    2.5452    3.0799    3.3722    3.5652    3.9016    3.9106    4.6411    4.6619    5.1223    5.1316    5.7599
  2.5898  -35.6170  -35.6169  -35.6169  -35.6168  -35.5846  -35.5846  -35.5846  -35.5846  -34.8958  -34.8958  -34.8957  -34.8956  -34.8698  -34.8698  -34.8698  -34.8697  -34.8537  -34.8537  -34.8537  -34.8536  -24.1595  -24.1589  -24.1577  -24.1555  -24.1213  -24.1200  -24.1193  -24.1191  -21.2063  -21.2035  -21.2024  -21.1990  -21.1787  -21.1785  -21.1751  -21.1721  -21.1517  -21.1497  -21.1493  -21.1487  -11.5006  -11.4839  -10.4575  -10.4347   -9.4413   -9.4112   -8.1760   -8.1533   -3.6157   -3.0365   -2.8998   -2.3091   -2.3042   -2.1105   -1.7345   -1.6706   -1.5563   -1.4073   -0.3495   -0.1644    0.7683    1.0375    1.6287    1.8473    1.9453    2.2389    2.5318    3.0469    3.3914    3.6057    3.8909    3.9043    4.7218    4.7491    5.2297    5.2373    5.7964
  2.6310  -35.6169  -35.6169  -35.6169  -35.6168  -35.5846  -35.5846  -35.5846  -35.5846  -34.8958  -34.8957  -34.8957  -34.8956  -34.8698  -34.8698  -34.8698  -34.8697  -34.8537  -34.8536  -34.8536  -34.8536  -24.1592  -24.1585  -24.1573  -24.1552  -24.1213  -24.1200  -24.1194  -24.1191  -21.2057  -21.2031  -21.2015  -21.1981  -21.1794  -21.1790  -21.1757  -21.1726  -21.1512  -21.1492  -21.1489  -21.1482  -11.3877  -11.3702  -10.3403  -10.3178   -9.5308   -9.4994   -8.2834   -8.2617   -3.6751   -3.1009   -2.9819   -2.3984   -2.2804   -2.2357   -1.8209   -1.6705   -1.5684   -1.4748   -0.4183   -0.2201    0.8705    1.1408    1.6763    1.7968    1.9763    2.1901    2.4997    3.0088    3.3688    3.5995    3.8364    3.8521    4.8011    4.8388    5.3475    5.3537    5.8393
  2.6721  -35.6169  -35.6169  -35.6169  -35.6168  -35.5846  -35.5846  -35.5846  -35.5846  -34.8958  -34.8957  -34.8956  -34.8956  -34.8698  -34.8698  -34.8698  -34.8697  -34.8537  -34.8536  -34.8536  -34.8536  -24.1589  -24.1581  -24.1570  -24.1550  -24.1212  -24.1201  -24.1195  -24.1191  -21.2053  -21.2028  -21.2008  -21.1973  -21.1801  -21.1791  -21.1762  -21.1731  -21.1506  -21.1487  -21.1485  -21.1477  -11.2673  -11.2493  -10.2171  -10.1965   -9.6289   -9.5954   -8.4029   -8.3823   -3.7128   -3.1420   -3.0444   -2.4970   -2.3273   -2.2770   -1.9799   -1.6148   -1.5564   -1.5344   -0.4960   -0.2884    0.9820    1.2495    1.7491    1.7702    2.0340    2.1699    2.4489    2.9627    3.3105    3.5511    3.7458    3.7614    4.8819    4.9295    5.4713    5.4816    5.8937
  2.7133  -35.6169  -35.6169  -35.6169  -35.6168  -35.5846  -35.5846  -35.5846  -35.5846  -34.8957  -34.8957  -34.8956  -34.8956  -34.8698  -34.8698  -34.8698  -34.8698  -34.8536  -34.8536  -34.8536  -34.8536  -24.1586  -24.1578  -24.1566  -24.1548  -24.1212  -24.1201  -24.1196  -24.1192  -21.2049  -21.2027  -21.2001  -21.1968  -21.1806  -21.1791  -21.1766  -21.1736  -21.1501  -21.1483  -21.1481  -21.1473  -11.1402  -11.1220  -10.0936  -10.0787   -9.7298   -9.6910   -8.5337   -8.5134   -3.7272   -3.1579   -3.0937   -2.6045   -2.3721   -2.3054   -2.1426   -1.6515   -1.5630   -1.4534   -0.5817   -0.3683    1.1023    1.3618    1.7666    1.8414    2.1137    2.1747    2.3807    2.9077    3.2261    3.4685    3.6298    3.6425    4.9657    5.0201    5.5999    5.6210    5.9831
  2.7545  -35.6169  -35.6169  -35.6168  -35.6168  -35.5846  -35.5846  -35.5846  -35.5846  -34.8957  -34.8957  -34.8956  -34.8956  -34.8698  -34.8698  -34.8698  -34.8697  -34.8536  -34.8536  -34.8536  -34.8536  -24.1583  -24.1576  -24.1562  -24.1547  -24.1211  -24.1202  -24.1196  -24.1192  -21.2045  -21.2027  -21.1994  -21.1965  -21.1809  -21.1790  -21.1769  -21.1741  -21.1495  -21.1479  -21.1477  -21.1470  -11.0075  -10.9891  -10.0054   -9.9997   -9.7996   -9.7486   -8.6742   -8.6532   -3.7181   -3.1482   -3.1416   -2.6991   -2.3808   -2.3617   -2.3022   -1.7532   -1.4962   -1.3527   -0.6748   -0.4588    1.2303    1.4754    1.7815    1.9478    2.1934    2.2105    2.3023    2.8456    3.1274    3.3619    3.4999    3.5067    5.0535    5.1119    5.7361    5.7722    6.0634
  2.7957  -35.6169  -35.6168  -35.6168  -35.6168  -35.5846  -35.5846  -35.5846  -35.5846  -34.8957  -34.8956  -34.8956  -34.8956  -34.8698  -34.8698  -34.8698  -34.8698  -34.8536  -34.8536  -34.8536  -34.8536  -24.1580  -24.1574  -24.1559  -24.1547  -24.1210  -24.1203  -24.1196  -24.1193  -21.2042  -21.2028  -21.1988  -21.1965  -21.1809  -21.1790  -21.1770  -21.1746  -21.1490  -21.1478  -21.1474  -21.1468  -10.8700  -10.8519  -10.0508  -10.0425   -9.7354   -9.6888   -8.8226   -8.7999   -3.6864   -3.2038   -3.1135   -2.7569   -2.4642   -2.4361   -2.3526   -1.8596   -1.4106   -1.2430   -0.7742   -0.5582    1.3643    1.5864    1.8068    2.0616    2.1615    2.2731    2.3188    2.7811    3.0282    3.2425    3.3654    3.3675    5.1476    5.2088    5.8826    5.9237    5.9370
  2.8368  -35.6169  -35.6168  -35.6168  -35.6168  -35.5846  -35.5846  -35.5846  -35.5846  -34.8957  -34.8956  -34.8956  -34.8956  -34.8698  -34.8698  -34.8698  -34.8698  -34.8536  -34.8536  -34.8536  -34.8536  -24.1578  -24.1574  -24.1555  -24.1547  -24.1209  -24.1204  -24.1196  -24.1194  -21.2039  -21.2030  -21.1983  -21.1966  -21.1807  -21.1793  -21.1768  -21.1751  -21.1485  -21.1477  -21.1470  -21.1466  -10.7292  -10.7115  -10.1686  -10.1563   -9.5994   -9.5603   -8.9765   -8.9514   -3.6336   -3.2868   -3.0549   -2.7696   -2.6074   -2.5183   -2.3084   -1.9662   -1.3124   -1.1283   -0.8788   -0.6650    1.5017    1.6895    1.8296    2.0565    2.1735    2.3069    2.4310    2.7210    2.9456    3.1221    3.2331    3.2453    5.2510    5.3150    5.7794    5.8708    6.0403
  2.8780  -35.6168  -35.6168  -35.6168  -35.6168  -35.5846  -35.5846  -35.5846  -35.5846  -34.8956  -34.8956  -34.8956  -34.8956  -34.8698  -34.8698  -34.8698  -34.8698  -34.8536  -34.8536  -34.8536  -34.8536  -24.1576  -24.1574  -24.1553  -24.1548  -24.1208  -24.1206  -24.1195  -24.1194  -21.2037  -21.2032  -21.1978  -21.1969  -21.1804  -21.1796  -21.1765  -21.1755  -21.1482  -21.1477  -21.1468  -21.1466  -10.5865  -10.5695  -10.3032  -10.2885   -9.4483   -9.4136   -9.1337   -9.1057   -3.5625   -3.3819   -2.9743   -2.7752   -2.7068   -2.5993   -2.2433   -2.0684   -1.2066   -1.0110   -0.9871   -0.7774    1.6388    1.7771    1.8297    1.9389    2.2682    2.3335    2.5341    2.6682    2.9042    3.0124    3.1352    3.1498    5.3661    5.4341    5.6329    5.7143    6.2060
  2.9192  -35.6168  -35.6168  -35.6168  -35.6168  -35.5846  -35.5846  -35.5846  -35.5846  -34.8956  -34.8956  -34.8956  -34.8956  -34.8698  -34.8698  -34.8698  -34.8698  -34.8536  -34.8536  -34.8536  -34.8536  -24.1575  -24.1575  -24.1550  -24.1550  -24.1207  -24.1207  -24.1195  -24.1195  -21.2034  -21.2034  -21.1973  -21.1973  -21.1800  -21.1800  -21.1760  -21.1760  -21.1479  -21.1479  -21.1466  -21.1466  -10.4438  -10.4438  -10.4277  -10.4277   -9.2918   -9.2918   -9.2607   -9.2607   -3.4767   -3.4767   -2.8750   -2.8750   -2.6701   -2.6701   -2.1621   -2.1621   -1.0972   -1.0972   -0.8934   -0.8934    1.7647    1.7647    1.8470    1.8470    2.3250    2.3250    2.6123    2.6123    2.9293    2.9293    3.1053    3.1053    5.4938    5.4938    5.5674    5.5674    6.3630
