#K-Path     Band-1    Band-2    Band-3    Band-4      ...     Band-n
  0.0000  -35.7479  -35.7479  -35.7479  -35.7479  -35.7213  -35.7212  -35.7212  -35.7212  -35.0258  -35.0258  -35.0258  -35.0258  -35.0044  -35.0044  -35.0044  -35.0044  -34.9910  -34.9910  -34.9910  -34.9910  -24.2803  -24.2803  -24.2800  -24.2800  -24.2396  -24.2396  -24.2380  -24.2380  -21.3340  -21.3340  -21.3323  -21.3323  -21.2938  -21.2938  -21.2933  -21.2933  -21.2726  -21.2726  -21.2702  -21.2702  -12.0366  -12.0366  -12.0198  -12.0198   -8.3106   -8.3106   -8.2835   -8.2835   -3.2344   -3.2344   -2.7407   -2.7407   -1.5402   -1.5402   -1.1791   -1.1791   -0.6902   -0.6902   -0.6194   -0.6194    1.0655    1.0655    1.3048    1.3048    2.3505    2.3505    2.9621    2.9621    3.4161    3.4161    3.6250    3.6250    4.5819    4.5819    4.6052    4.6052    5.0172
  0.0224  -35.7479  -35.7479  -35.7479  -35.7479  -35.7213  -35.7212  -35.7212  -35.7212  -35.0259  -35.0258  -35.0258  -35.0258  -35.0044  -35.0044  -35.0044  -35.0044  -34.9910  -34.9910  -34.9910  -34.9909  -24.2805  -24.2802  -24.2801  -24.2799  -24.2396  -24.2395  -24.2380  -24.2380  -21.3342  -21.3338  -21.3325  -21.3320  -21.2940  -21.2936  -21.2934  -21.2931  -21.2729  -21.2723  -21.2705  -21.2700  -12.0901  -12.0739  -11.9808  -11.9635   -8.3654   -8.3394   -8.2594   -8.2314   -3.2959   -3.1652   -2.8107   -2.6638   -1.5878   -1.4927   -1.2258   -1.1324   -0.7358   -0.6623   -0.6467   -0.5811    1.0485    1.0888    1.2970    1.3166    2.2990    2.3941    2.9157    2.9956    3.3863    3.4456    3.5951    3.6511    4.5292    4.5473    4.6351    4.6644    4.9629
  0.0448  -35.7479  -35.7479  -35.7479  -35.7479  -35.7213  -35.7212  -35.7212  -35.7212  -35.0259  -35.0259  -35.0258  -35.0258  -35.0044  -35.0044  -35.0044  -35.0044  -34.9910  -34.9910  -34.9910  -34.9909  -24.2807  -24.2804  -24.2800  -24.2797  -24.2396  -24.2395  -24.2380  -24.2380  -21.3345  -21.3336  -21.3328  -21.3318  -21.2941  -21.2935  -21.2935  -21.2930  -21.2732  -21.2720  -21.2708  -21.2697  -12.1413  -12.1258  -11.9230  -11.9052   -8.4235   -8.3989   -8.2117   -8.1832   -3.3495   -3.0885   -2.8739   -2.5801   -1.6350   -1.4453   -1.2722   -1.0858   -0.7833   -0.7095   -0.6057   -0.5472    1.0382    1.1175    1.2936    1.3313    2.2406    2.4292    2.8573    3.0165    3.3564    3.4746    3.5620    3.6734    4.4764    4.4904    4.6893    4.7249    4.9035
  0.0673  -35.7479  -35.7479  -35.7479  -35.7479  -35.7212  -35.7212  -35.7212  -35.7212  -35.0259  -35.0259  -35.0258  -35.0258  -35.0044  -35.0044  -35.0044  -35.0044  -34.9910  -34.9910  -34.9909  -34.9909  -24.2809  -24.2806  -24.2798  -24.2795  -24.2396  -24.2395  -24.2380  -24.2380  -21.3347  -21.3335  -21.3331  -21.3316  -21.2942  -21.2936  -21.2933  -21.2928  -21.2735  -21.2717  -21.2710  -21.2694  -12.1900  -12.1752  -11.8633  -11.8451   -8.4847   -8.4619   -8.1677   -8.1391   -3.3953   -3.0044   -2.9304   -2.4900   -1.6817   -1.3984   -1.3182   -1.0397   -0.8320   -0.7606   -0.5672   -0.5175    1.0347    1.1501    1.2949    1.3469    2.1770    2.4561    2.7882    3.0252    3.3264    3.5027    3.5260    3.6920    4.4235    4.4346    4.7450    4.7871    4.8512
  0.0897  -35.7479  -35.7479  -35.7479  -35.7478  -35.7213  -35.7212  -35.7212  -35.7212  -35.0259  -35.0259  -35.0258  -35.0258  -35.0044  -35.0044  -35.0044  -35.0044  -34.9910  -34.9910  -34.9909  -34.9909  -24.2810  -24.2807  -24.2796  -24.2794  -24.2396  -24.2395  -24.2381  -24.2380  -21.3349  -21.3334  -21.3333  -21.3314  -21.2943  -21.2937  -21.2931  -21.2927  -21.2737  -21.2714  -21.2713  -21.2692  -12.2361  -12.2221  -11.8020  -11.7834   -8.5488   -8.5279   -8.1273   -8.0989   -3.4335   -2.9804   -2.9133   -2.3938   -1.7276   -1.3636   -1.3521   -0.9945   -0.8816   -0.8148   -0.5312   -0.4912    1.0378    1.1846    1.3006    1.3600    2.1117    2.4752    2.7105    3.0231    3.2966    3.4880    3.5296    3.7071    4.3707    4.3800    4.8018    4.8027    4.8147
  0.1121  -35.7479  -35.7479  -35.7478  -35.7478  -35.7213  -35.7212  -35.7212  -35.7212  -35.0259  -35.0259  -35.0258  -35.0258  -35.0044  -35.0044  -35.0044  -35.0044  -34.9910  -34.9910  -34.9909  -34.9909  -24.2812  -24.2809  -24.2795  -24.2792  -24.2396  -24.2394  -24.2381  -24.2380  -21.3351  -21.3338  -21.3331  -21.3312  -21.2944  -21.2938  -21.2929  -21.2926  -21.2739  -21.2716  -21.2710  -21.2690  -12.2796  -12.2664  -11.7392  -11.7204   -8.6154   -8.5965   -8.0904   -8.0626   -3.4642   -3.0242   -2.8158   -2.2921   -1.7722   -1.4086   -1.3064   -0.9507   -0.9313   -0.8712   -0.4977   -0.4675    1.0470    1.2182    1.3103    1.3657    2.0495    2.4871    2.6268    3.0114    3.2674    3.4489    3.5549    3.7191    4.3183    4.3271    4.7548    4.7672    4.8622
  0.1345  -35.7480  -35.7480  -35.7478  -35.7478  -35.7213  -35.7213  -35.7212  -35.7212  -35.0259  -35.0259  -35.0258  -35.0257  -35.0044  -35.0044  -35.0044  -35.0044  -34.9910  -34.9910  -34.9909  -34.9909  -24.2814  -24.2811  -24.2793  -24.2791  -24.2395  -24.2394  -24.2382  -24.2380  -21.3353  -21.3341  -21.3329  -21.3311  -21.2945  -21.2939  -21.2928  -21.2924  -21.2741  -21.2719  -21.2707  -21.2688  -12.3203  -12.3079  -11.6754  -11.6565   -8.6839   -8.6673   -8.0570   -8.0300   -3.4877   -3.0622   -2.7123   -2.1856   -1.8153   -1.4531   -1.2612   -0.9806   -0.9287   -0.9085   -0.4664   -0.4456    1.0617    1.2472    1.3235    1.3568    1.9976    2.4928    2.5405    2.9919    3.2395    3.4096    3.5783    3.7286    4.2671    4.2763    4.7102    4.7221    4.9230
  0.1570  -35.7480  -35.7480  -35.7478  -35.7478  -35.7213  -35.7213  -35.7212  -35.7212  -35.0260  -35.0259  -35.0257  -35.0257  -35.0044  -35.0044  -35.0044  -35.0044  -34.9910  -34.9910  -34.9909  -34.9909  -24.2815  -24.2812  -24.2791  -24.2789  -24.2395  -24.2394  -24.2382  -24.2380  -21.3356  -21.3344  -21.3328  -21.3310  -21.2946  -21.2939  -21.2926  -21.2923  -21.2743  -21.2722  -21.2704  -21.2686  -12.3582  -12.3467  -11.6108  -11.5920   -8.7539   -8.7396   -8.0270   -8.0010   -3.5043   -3.0952   -2.6036   -2.0756   -1.8563   -1.4974   -1.2162   -1.0288   -0.9863   -0.8685   -0.4373   -0.4246    1.0812    1.2671    1.3257    1.3396    1.9632    2.4560    2.4934    2.9658    3.2138    3.3712    3.5998    3.7358    4.2176    4.2280    4.6679    4.6794    4.9842
  0.1794  -35.7480  -35.7480  -35.7478  -35.7478  -35.7213  -35.7213  -35.7212  -35.7212  -35.0260  -35.0260  -35.0257  -35.0257  -35.0044  -35.0044  -35.0044  -35.0044  -34.9910  -34.9910  -34.9909  -34.9909  -24.2816  -24.2814  -24.2790  -24.2788  -24.2395  -24.2393  -24.2383  -24.2381  -21.3358  -21.3347  -21.3326  -21.3309  -21.2946  -21.2940  -21.2924  -21.2922  -21.2745  -21.2724  -21.2701  -21.2684  -12.3932  -12.3825  -11.5459  -11.5273   -8.8248   -8.8127   -8.0000   -7.9755   -3.5144   -3.1236   -2.4905   -1.9635   -1.8948   -1.5414   -1.1708   -1.0755   -1.0428   -0.8309   -0.4101   -0.4037    1.1049    1.2685    1.2723    1.3576    1.9504    2.3781    2.4900    2.9346    3.1911    3.3349    3.6192    3.7412    4.1704    4.1825    4.6281    4.6391    5.0442
  0.2018  -35.7480  -35.7480  -35.7478  -35.7478  -35.7213  -35.7213  -35.7212  -35.7212  -35.0260  -35.0260  -35.0257  -35.0257  -35.0044  -35.0044  -35.0044  -35.0044  -34.9910  -34.9910  -34.9909  -34.9909  -24.2818  -24.2815  -24.2788  -24.2787  -24.2395  -24.2392  -24.2383  -24.2381  -21.3359  -21.3350  -21.3325  -21.3308  -21.2947  -21.2940  -21.2922  -21.2920  -21.2746  -21.2727  -21.2698  -21.2682  -12.4252  -12.4155  -11.4812  -11.4629   -8.8957   -8.8859   -7.9761   -7.9531   -3.5184   -3.1482   -2.3739   -1.9303   -1.8514   -1.5856   -1.1237   -1.1200   -1.0969   -0.7957   -0.3848   -0.3822    1.1320    1.1868    1.2574    1.3768    1.9572    2.3120    2.4839    2.8995    3.1727    3.3018    3.6368    3.7452    4.1261    4.1402    4.5908    4.6013    5.1001
  0.2242  -35.7480  -35.7480  -35.7478  -35.7478  -35.7213  -35.7213  -35.7212  -35.7212  -35.0260  -35.0260  -35.0257  -35.0257  -35.0044  -35.0044  -35.0044  -35.0044  -34.9910  -34.9910  -34.9909  -34.9909  -24.2819  -24.2817  -24.2787  -24.2785  -24.2394  -24.2392  -24.2384  -24.2381  -21.3361  -21.3353  -21.3323  -21.3308  -21.2947  -21.2941  -21.2920  -21.2919  -21.2748  -21.2730  -21.2695  -21.2680  -12.4543  -12.4455  -11.4173  -11.3996   -8.9660   -8.9583   -7.9550   -7.9338   -3.5169   -3.1699   -2.2551   -1.9620   -1.7423   -1.6299   -1.1618   -1.1478   -1.0731   -0.7626   -0.3613   -0.3599    1.0863    1.1617    1.2179    1.3962    1.9779    2.2615    2.4763    2.8616    3.1593    3.2729    3.6526    3.7479    4.0851    4.1012    4.5563    4.5662    5.1523
  0.2466  -35.7480  -35.7480  -35.7478  -35.7478  -35.7213  -35.7213  -35.7212  -35.7212  -35.0260  -35.0260  -35.0257  -35.0257  -35.0044  -35.0044  -35.0044  -35.0044  -34.9910  -34.9910  -34.9909  -34.9909  -24.2820  -24.2818  -24.2786  -24.2784  -24.2394  -24.2391  -24.2384  -24.2382  -21.3363  -21.3355  -21.3322  -21.3308  -21.2947  -21.2941  -21.2919  -21.2918  -21.2748  -21.2732  -21.2692  -21.2679  -12.4804  -12.4726  -11.3550  -11.3381   -9.0345   -9.0289   -7.9365   -7.9173   -3.5103   -3.1895   -2.1355   -1.9894   -1.6745   -1.6401   -1.2005   -1.1943   -1.0160   -0.7310   -0.3398   -0.3369    0.9733    1.1528    1.1933    1.4148    2.0063    2.2275    2.4686    2.8218    3.1519    3.2492    3.6667    3.7496    4.0476    4.0658    4.5245    4.5338    5.1906
  0.2691  -35.7480  -35.7480  -35.7478  -35.7478  -35.7213  -35.7213  -35.7212  -35.7212  -35.0260  -35.0260  -35.0256  -35.0256  -35.0044  -35.0044  -35.0044  -35.0044  -34.9910  -34.9910  -34.9909  -34.9909  -24.2821  -24.2819  -24.2785  -24.2783  -24.2393  -24.2391  -24.2385  -24.2382  -21.3365  -21.3358  -21.3320  -21.3307  -21.2947  -21.2942  -21.2918  -21.2916  -21.2749  -21.2734  -21.2689  -21.2678  -12.5034  -12.4965  -11.2952  -11.2794   -9.1003   -9.0964   -7.9205   -7.9035   -3.4993   -3.2077   -2.0168   -2.0118   -1.7193   -1.5495   -1.2358   -1.2357   -0.9492   -0.6998   -0.3205   -0.3133    0.8529    1.0643    1.2262    1.4315    2.0376    2.2075    2.4620    2.7809    3.1507    3.2314    3.6793    3.7504    4.0141    4.0338    4.4958    4.5044    5.2212
  0.2915  -35.7480  -35.7480  -35.7478  -35.7477  -35.7213  -35.7213  -35.7212  -35.7212  -35.0260  -35.0260  -35.0256  -35.0256  -35.0044  -35.0044  -35.0044  -35.0044  -34.9910  -34.9910  -34.9909  -34.9909  -24.2822  -24.2820  -24.2784  -24.2783  -24.2393  -24.2390  -24.2385  -24.2382  -21.3366  -21.3360  -21.3319  -21.3308  -21.2947  -21.2942  -21.2916  -21.2915  -21.2750  -21.2737  -21.2687  -21.2677  -12.5234  -12.5174  -11.2389  -11.2244   -9.1621   -9.1596   -7.9069   -7.8920   -3.4844   -3.2255   -2.0285   -1.9010   -1.7640   -1.4753   -1.2716   -1.2672   -0.8699   -0.6678   -0.3039   -0.2899    0.7299    0.9573    1.2595    1.4453    2.0684    2.1975    2.4578    2.7397    3.1555    3.2197    3.6905    3.7504    3.9848    4.0054    4.4702    4.4780    5.2693
  0.3139  -35.7480  -35.7480  -35.7477  -35.7477  -35.7213  -35.7213  -35.7212  -35.7212  -35.0260  -35.0260  -35.0256  -35.0256  -35.0044  -35.0044  -35.0044  -35.0044  -34.9910  -34.9910  -34.9909  -34.9909  -24.2823  -24.2821  -24.2783  -24.2782  -24.2392  -24.2389  -24.2386  -24.2383  -21.3367  -21.3362  -21.3318  -21.3308  -21.2946  -21.2943  -21.2915  -21.2914  -21.2750  -21.2739  -21.2684  -21.2676  -12.5402  -12.5353  -11.1872  -11.1744   -9.2184   -9.2171   -7.8953   -7.8828   -3.4663   -3.2436   -2.0390   -1.8080   -1.7906   -1.4200   -1.3015   -1.2946   -0.7779   -0.6334   -0.2903   -0.2674    0.6086    0.8374    1.2926    1.4553    2.0965    2.1930    2.4570    2.6989    3.1652    3.2139    3.7005    3.7496    3.9600    3.9806    4.4481    4.4549    5.2547
  0.3363  -35.7480  -35.7480  -35.7477  -35.7477  -35.7213  -35.7213  -35.7212  -35.7212  -35.0260  -35.0260  -35.0256  -35.0256  -35.0044  -35.0044  -35.0044  -35.0044  -34.9910  -34.9910  -34.9909  -34.9909  -24.2823  -24.2822  -24.2782  -24.2781  -24.2392  -24.2389  -24.2387  -24.2383  -21.3368  -21.3364  -21.3316  -21.3309  -21.2946  -21.2943  -21.2914  -21.2914  -21.2750  -21.2741  -21.2682  -21.2676  -12.5539  -12.5499  -11.1417  -11.1309   -9.2677   -9.2673   -7.8859   -7.8758   -3.4456   -3.2625   -2.0428   -1.8506   -1.6882   -1.3839   -1.3254   -1.3177   -0.6769   -0.5955   -0.2800   -0.2467    0.4941    0.7105    1.3248    1.4606    2.1205    2.1908    2.4605    2.6592    3.1781    3.2130    3.7094    3.7481    3.9399    3.9592    4.4295    4.4353    5.2484
  0.3587  -35.7480  -35.7480  -35.7477  -35.7477  -35.7213  -35.7213  -35.7212  -35.7212  -35.0260  -35.0260  -35.0256  -35.0256  -35.0044  -35.0044  -35.0044  -35.0044  -34.9910  -34.9910  -34.9909  -34.9909  -24.2823  -24.2823  -24.2782  -24.2781  -24.2391  -24.2388  -24.2387  -24.2384  -21.3368  -21.3365  -21.3315  -21.3309  -21.2946  -21.2944  -21.2913  -21.2913  -21.2749  -21.2742  -21.2680  -21.2676  -12.5645  -12.5615  -11.1038  -11.0953   -9.3085   -9.3084   -7.8783   -7.8707   -3.4230   -3.2826   -2.0398   -1.8911   -1.5967   -1.3658   -1.3434   -1.3363   -0.5754   -0.5536   -0.2723   -0.2289    0.3934    0.5826    1.3552    1.4607    2.1401    2.1890    2.4689    2.6213    3.1920    3.2151    3.7172    3.7460    3.9250    3.9414    4.4148    4.4193    5.2286
  0.3812  -35.7480  -35.7480  -35.7477  -35.7477  -35.7213  -35.7213  -35.7212  -35.7212  -35.0261  -35.0260  -35.0256  -35.0256  -35.0044  -35.0044  -35.0044  -35.0044  -34.9910  -34.9910  -34.9908  -34.9908  -24.2824  -24.2823  -24.2781  -24.2781  -24.2390  -24.2388  -24.2387  -24.2385  -21.3369  -21.3367  -21.3314  -21.3310  -21.2946  -21.2944  -21.2913  -21.2913  -21.2749  -21.2744  -21.2679  -21.2676  -12.5719  -12.5699  -11.0749  -11.0691   -9.3393   -9.3390   -7.8726   -7.8675   -3.3992   -3.3040   -2.0298   -1.9285   -1.5187   -1.3644   -1.3556   -1.3502   -0.5093   -0.4886   -0.2634   -0.2161    0.3167    0.4615    1.3831    1.4554    2.1555    2.1863    2.4826    2.5859    3.2047    3.2183    3.7240    3.7431    3.9152    3.9273    4.4042    4.4074    5.2188
  0.4036  -35.7480  -35.7480  -35.7477  -35.7477  -35.7213  -35.7213  -35.7212  -35.7212  -35.0260  -35.0260  -35.0256  -35.0256  -35.0044  -35.0044  -35.0044  -35.0044  -34.9910  -34.9910  -34.9908  -34.9908  -24.2824  -24.2824  -24.2781  -24.2781  -24.2390  -24.2389  -24.2387  -24.2385  -21.3369  -21.3368  -21.3313  -21.3311  -21.2945  -21.2944  -21.2913  -21.2912  -21.2748  -21.2746  -21.2678  -21.2676  -12.5761  -12.5752  -11.0564  -11.0534   -9.3582   -9.3581   -7.8687   -7.8662   -3.3748   -3.3267   -2.0132   -1.9618   -1.4559   -1.3789   -1.3621   -1.3593   -0.4674   -0.4395   -0.2454   -0.2120    0.2783    0.3589    1.4078    1.4445    2.1672    2.1820    2.5015    2.5537    3.2141    3.2204    3.7300    3.7395    3.9108    3.9173    4.3981    4.3997    5.2134
  0.4260  -35.7480  -35.7480  -35.7477  -35.7477  -35.7213  -35.7213  -35.7212  -35.7212  -35.0260  -35.0260  -35.0256  -35.0256  -35.0044  -35.0044  -35.0044  -35.0044  -34.9910  -34.9910  -34.9908  -34.9908  -24.2824  -24.2824  -24.2781  -24.2781  -24.2389  -24.2389  -24.2386  -24.2386  -21.3368  -21.3368  -21.3312  -21.3312  -21.2945  -21.2945  -21.2912  -21.2912  -21.2747  -21.2747  -21.2677  -21.2677  -12.5772  -12.5772  -11.0491  -11.0491   -9.3646   -9.3646   -7.8666   -7.8666   -3.3505   -3.3505   -1.9903   -1.9903   -1.4093   -1.4093   -1.3633   -1.3633   -0.4382   -0.4382   -0.2225   -0.2225    0.2923    0.2923    1.4285    1.4285    2.1758    2.1758    2.5254    2.5254    3.2193    3.2193    3.7351    3.7351    3.9116    3.9116    4.3966    4.3966    5.2106
  0.4260  -35.7480  -35.7480  -35.7477  -35.7477  -35.7213  -35.7213  -35.7212  -35.7212  -35.0260  -35.0260  -35.0256  -35.0256  -35.0044  -35.0044  -35.0044  -35.0044  -34.9910  -34.9910  -34.9908  -34.9908  -24.2824  -24.2824  -24.2781  -24.2781  -24.2389  -24.2389  -24.2386  -24.2386  -21.3368  -21.3368  -21.3312  -21.3312  -21.2945  -21.2945  -21.2912  -21.2912  -21.2747  -21.2747  -21.2677  -21.2677  -12.5772  -12.5772  -11.0491  -11.0491   -9.3646   -9.3646   -7.8666   -7.8666   -3.3505   -3.3505   -1.9903   -1.9903   -1.4093   -1.4093   -1.3633   -1.3633   -0.4382   -0.4382   -0.2225   -0.2225    0.2923    0.2923    1.4285    1.4285    2.1758    2.1758    2.5254    2.5254    3.2193    3.2193    3.7351    3.7351    3.9116    3.9116    4.3966    4.3966    5.2182
  0.4729  -35.7480  -35.7480  -35.7477  -35.7477  -35.7213  -35.7213  -35.7212  -35.7212  -35.0260  -35.0260  -35.0256  -35.0256  -35.0044  -35.0044  -35.0044  -35.0044  -34.9910  -34.9910  -34.9909  -34.9909  -24.2824  -24.2823  -24.2785  -24.2776  -24.2391  -24.2388  -24.2388  -24.2384  -21.3368  -21.3366  -21.3319  -21.3303  -21.2951  -21.2940  -21.2914  -21.2911  -21.2748  -21.2744  -21.2678  -21.2676  -12.5713  -12.5691  -11.0514  -11.0472   -9.3629   -9.3586   -7.8714   -7.8668   -3.3861   -3.3147   -2.0352   -1.9611   -1.4876   -1.3958   -1.3782   -1.3637   -0.4887   -0.4455   -0.3483   -0.2305    0.2906    0.4812    1.4242    1.5018    2.1628    2.1977    2.4865    2.5761    3.1742    3.2275    3.6879    3.7271    3.9143    3.9303    4.4047    4.4094    5.2196
  0.5198  -35.7480  -35.7480  -35.7477  -35.7477  -35.7213  -35.7213  -35.7212  -35.7212  -35.0260  -35.0260  -35.0256  -35.0256  -35.0044  -35.0044  -35.0044  -35.0044  -34.9910  -34.9910  -34.9909  -34.9909  -24.2823  -24.2821  -24.2789  -24.2771  -24.2392  -24.2390  -24.2386  -24.2383  -21.3366  -21.3362  -21.3324  -21.3292  -21.2958  -21.2937  -21.2918  -21.2912  -21.2749  -21.2741  -21.2680  -21.2675  -12.5513  -12.5469  -11.0539  -11.0458   -9.3539   -9.3453   -7.8815   -7.8725   -3.4212   -3.2793   -2.0983   -1.9532   -1.6172   -1.4400   -1.3976   -1.3897   -0.6258   -0.5653   -0.4077   -0.3272    0.4659    0.7018    1.4854    1.6290    2.1472    2.2355    2.4584    2.6433    3.1042    3.2129    3.5918    3.6693    3.9419    3.9651    4.4325    4.4412    5.2605
  0.5667  -35.7480  -35.7480  -35.7477  -35.7477  -35.7213  -35.7213  -35.7212  -35.7212  -35.0260  -35.0260  -35.0256  -35.0256  -35.0044  -35.0044  -35.0044  -35.0044  -34.9910  -34.9910  -34.9909  -34.9908  -24.2822  -24.2818  -24.2792  -24.2766  -24.2394  -24.2392  -24.2385  -24.2381  -21.3362  -21.3356  -21.3327  -21.3280  -21.2966  -21.2936  -21.2923  -21.2915  -21.2748  -21.2736  -21.2682  -21.2675  -12.5173  -12.5108  -11.0563  -11.0444   -9.3386   -9.3257   -7.8977   -7.8843   -3.4549   -3.2442   -2.1864   -1.9786   -1.7940   -1.4746   -1.4451   -1.4397   -0.8426   -0.7073   -0.4312   -0.3882    0.6754    0.8904    1.5892    1.7825    2.1190    2.2950    2.4440    2.7316    3.0352    3.2070    3.4635    3.5787    3.9925    4.0143    4.4771    4.4889    5.3128
  0.6135  -35.7480  -35.7480  -35.7478  -35.7477  -35.7213  -35.7213  -35.7212  -35.7212  -35.0260  -35.0260  -35.0256  -35.0256  -35.0044  -35.0044  -35.0044  -35.0044  -34.9910  -34.9910  -34.9909  -34.9908  -24.2819  -24.2814  -24.2795  -24.2761  -24.2395  -24.2394  -24.2384  -24.2380  -21.3356  -21.3348  -21.3328  -21.3266  -21.2975  -21.2935  -21.2929  -21.2918  -21.2746  -21.2731  -21.2683  -21.2675  -12.4696  -12.4609  -11.0576  -11.0423   -9.3188   -9.3017   -7.9208   -7.9034   -3.4871   -3.2090   -2.3007   -2.0430   -2.0043   -1.5526   -1.5094   -1.4416   -1.0590   -0.8394   -0.4564   -0.4262    0.8645    1.0132    1.7009    1.9301    2.0833    2.3836    2.4515    2.8352    2.9916    3.2316    3.3318    3.4798    4.0619    4.0791    4.5362    4.5502    5.3989
  0.6604  -35.7480  -35.7479  -35.7478  -35.7477  -35.7213  -35.7212  -35.7212  -35.7212  -35.0260  -35.0259  -35.0256  -35.0256  -35.0044  -35.0044  -35.0044  -35.0044  -34.9910  -34.9910  -34.9909  -34.9908  -24.2816  -24.2810  -24.2797  -24.2756  -24.2396  -24.2396  -24.2383  -24.2379  -21.3349  -21.3339  -21.3327  -21.3253  -21.2984  -21.2936  -21.2935  -21.2923  -21.2743  -21.2726  -21.2685  -21.2675  -12.4082  -12.3974  -11.0572  -11.0390   -9.2966   -9.2754   -7.9525   -7.9314   -3.5175   -3.1729   -2.4316   -2.2310   -2.1375   -1.7179   -1.5309   -1.4091   -1.2373   -0.9666   -0.4910   -0.4469    0.9981    1.0563    1.7867    2.0426    2.0666    2.4833    2.5056    2.9061    2.9853    3.2558    3.2868    3.4081    4.1455    4.1614    4.6083    4.6240    5.4698
  0.7073  -35.7479  -35.7479  -35.7478  -35.7477  -35.7213  -35.7212  -35.7212  -35.7212  -35.0259  -35.0259  -35.0256  -35.0256  -35.0045  -35.0045  -35.0044  -35.0044  -34.9910  -34.9910  -34.9909  -34.9908  -24.2812  -24.2806  -24.2798  -24.2751  -24.2397  -24.2397  -24.2382  -24.2379  -21.3341  -21.3329  -21.3325  -21.3239  -21.2994  -21.2942  -21.2938  -21.2928  -21.2739  -21.2720  -21.2686  -21.2675  -12.3334  -12.3206  -11.0541  -11.0335   -9.2743   -9.2494   -7.9944   -7.9703   -3.5467   -3.1351   -2.5657   -2.4596   -2.2433   -1.9238   -1.5327   -1.3796   -1.3630   -1.0924   -0.5339   -0.4598    1.0123    1.0734    1.8283    2.0977    2.1145    2.5018    2.6525    2.8882    3.0119    3.2667    3.3592    3.4294    4.2402    4.2598    4.6920    4.7086    5.5497
  0.7542  -35.7479  -35.7479  -35.7478  -35.7477  -35.7213  -35.7212  -35.7212  -35.7212  -35.0259  -35.0258  -35.0256  -35.0256  -35.0045  -35.0045  -35.0044  -35.0044  -34.9910  -34.9909  -34.9908  -34.9908  -24.2807  -24.2801  -24.2798  -24.2747  -24.2399  -24.2398  -24.2381  -24.2378  -21.3332  -21.3322  -21.3319  -21.3226  -21.3003  -21.2950  -21.2940  -21.2934  -21.2733  -21.2713  -21.2686  -21.2675  -12.2456  -12.2310  -11.0478  -11.0253   -9.2543   -9.2261   -8.0484   -8.0221   -3.5751   -3.0947   -2.6922   -2.6788   -2.3411   -2.1417   -1.5224   -1.5035   -1.3155   -1.2172   -0.5850   -0.4754    0.9396    1.0704    1.8278    2.1618    2.1765    2.4540    2.8036    2.8515    3.0600    3.3011    3.4331    3.5436    4.3446    4.3682    4.7860    4.8028    5.6184
  0.8011  -35.7479  -35.7479  -35.7478  -35.7477  -35.7212  -35.7212  -35.7212  -35.7212  -35.0258  -35.0258  -35.0256  -35.0255  -35.0045  -35.0044  -35.0044  -35.0044  -34.9909  -34.9909  -34.9908  -34.9908  -24.2802  -24.2798  -24.2795  -24.2744  -24.2400  -24.2399  -24.2381  -24.2378  -21.3324  -21.3318  -21.3308  -21.3215  -21.3011  -21.2956  -21.2943  -21.2939  -21.2727  -21.2706  -21.2685  -21.2675  -12.1454  -12.1289  -11.0376  -11.0137   -9.2389   -9.2081   -8.1162   -8.0888   -3.6025   -3.0519   -2.8803   -2.8048   -2.4154   -2.3520   -1.6195   -1.5086   -1.3397   -1.2754   -0.6475   -0.5030    0.8529    1.0382    1.8004    2.1877    2.2763    2.3690    2.8206    2.9355    3.1189    3.3538    3.4951    3.6493    4.4558    4.4806    4.8896    4.9060    5.6581
  0.8480  -35.7479  -35.7478  -35.7477  -35.7477  -35.7212  -35.7212  -35.7212  -35.7212  -35.0258  -35.0257  -35.0256  -35.0255  -35.0045  -35.0045  -35.0044  -35.0044  -34.9909  -34.9909  -34.9908  -34.9908  -24.2797  -24.2797  -24.2790  -24.2741  -24.2401  -24.2399  -24.2381  -24.2378  -21.3315  -21.3315  -21.3298  -21.3207  -21.3018  -21.2963  -21.2945  -21.2945  -21.2720  -21.2699  -21.2684  -21.2674  -12.0333  -12.0152  -11.0233  -10.9985   -9.2298   -9.1973   -8.1994   -8.1721   -3.6278   -3.0583   -3.0108   -2.8962   -2.5441   -2.4565   -1.7307   -1.4981   -1.4583   -1.2489   -0.7237   -0.5508    0.7784    1.0036    1.7604    2.1581    2.3287    2.3707    2.7905    3.0294    3.1818    3.3894    3.5358    3.6945    4.5693    4.5946    5.0038    5.0206    5.6804
  0.8948  -35.7478  -35.7478  -35.7477  -35.7477  -35.7212  -35.7212  -35.7212  -35.7212  -35.0257  -35.0257  -35.0256  -35.0255  -35.0045  -35.0045  -35.0044  -35.0044  -34.9909  -34.9908  -34.9908  -34.9908  -24.2795  -24.2792  -24.2785  -24.2740  -24.2401  -24.2399  -24.2381  -24.2379  -21.3311  -21.3307  -21.3289  -21.3201  -21.3023  -21.2969  -21.2950  -21.2947  -21.2713  -21.2693  -21.2683  -21.2672  -11.9101  -11.8906  -11.0048  -10.9797   -9.2282   -9.1951   -8.2986   -8.2728   -3.6484   -3.2085   -3.0164   -2.9198   -2.7128   -2.4615   -1.8369   -1.5712   -1.4950   -1.2401   -0.8135   -0.6235    0.7310    0.9820    1.7162    2.0777    2.3473    2.4440    2.7631    3.0787    3.2394    3.3843    3.5514    3.6632    4.6822    4.7141    5.1303    5.1493    5.6854
  0.9417  -35.7478  -35.7478  -35.7477  -35.7477  -35.7212  -35.7212  -35.7212  -35.7212  -35.0257  -35.0257  -35.0256  -35.0255  -35.0045  -35.0045  -35.0045  -35.0044  -34.9909  -34.9908  -34.9908  -34.9908  -24.2793  -24.2787  -24.2780  -24.2739  -24.2401  -24.2399  -24.2381  -24.2379  -21.3308  -21.3301  -21.3281  -21.3200  -21.3024  -21.2973  -21.2955  -21.2949  -21.2705  -21.2686  -21.2680  -21.2670  -11.7769  -11.7563  -10.9822  -10.9574   -9.2347   -9.2021   -8.4138   -8.3909   -3.6611   -3.3287   -3.0749   -2.8681   -2.8560   -2.4339   -1.9365   -1.6774   -1.5006   -1.2507   -0.9138   -0.7201    0.7152    0.9782    1.6690    1.9943    2.3729    2.4897    2.7432    3.0860    3.2831    3.3442    3.5454    3.5680    4.7982    4.8425    5.2690    5.2914    5.6734
  0.9886  -35.7478  -35.7478  -35.7477  -35.7477  -35.7212  -35.7212  -35.7212  -35.7212  -35.0257  -35.0256  -35.0256  -35.0255  -35.0045  -35.0045  -35.0045  -35.0044  -34.9908  -34.9908  -34.9908  -34.9907  -24.2790  -24.2781  -24.2775  -24.2739  -24.2401  -24.2399  -24.2382  -24.2380  -21.3305  -21.3294  -21.3274  -21.3203  -21.3023  -21.2977  -21.2959  -21.2950  -21.2697  -21.2680  -21.2677  -21.2668  -11.6353  -11.6140  -10.9563  -10.9324   -9.2487   -9.2178   -8.5438   -8.5248   -3.6630   -3.4183   -3.1289   -2.9737   -2.7984   -2.3816   -2.0278   -1.7758   -1.5128   -1.2792   -1.0196   -0.8340    0.7280    0.9906    1.6127    1.9152    2.3757    2.5082    2.7447    3.0552    3.2826    3.3136    3.4493    3.5263    4.9216    4.9782    5.4162    5.4418    5.6440
  1.0355  -35.7477  -35.7477  -35.7477  -35.7477  -35.7212  -35.7212  -35.7212  -35.7211  -35.0256  -35.0256  -35.0255  -35.0255  -35.0045  -35.0045  -35.0045  -35.0044  -34.9908  -34.9908  -34.9908  -34.9907  -24.2786  -24.2777  -24.2770  -24.2740  -24.2400  -24.2398  -24.2383  -24.2381  -21.3302  -21.3289  -21.3270  -21.3209  -21.3019  -21.2979  -21.2962  -21.2951  -21.2689  -21.2674  -21.2674  -21.2666  -11.4874  -11.4658  -10.9279  -10.9055   -9.2691   -9.2409   -8.6858   -8.6715   -3.6526   -3.4782   -3.1728   -3.0682   -2.7188   -2.3150   -2.1084   -1.8662   -1.5268   -1.3209   -1.1249   -0.9564    0.7625    1.0146    1.5379    1.8278    2.3491    2.5053    2.7783    2.9936    3.1906    3.3350    3.3750    3.5027    5.0495    5.1143    5.5662    5.5928    5.5977
  1.0824  -35.7477  -35.7477  -35.7477  -35.7476  -35.7212  -35.7212  -35.7211  -35.7211  -35.0256  -35.0255  -35.0255  -35.0255  -35.0045  -35.0045  -35.0045  -35.0044  -34.9908  -34.9908  -34.9907  -34.9907  -24.2782  -24.2772  -24.2767  -24.2741  -24.2399  -24.2398  -24.2384  -24.2382  -21.3298  -21.3285  -21.3267  -21.3218  -21.3012  -21.2979  -21.2964  -21.2953  -21.2681  -21.2671  -21.2669  -21.2663  -11.3360  -11.3148  -10.8985  -10.8782   -9.2937   -9.2690   -8.8358   -8.8263   -3.6295   -3.5106   -3.2090   -3.1433   -2.6328   -2.2461   -2.1757   -1.9486   -1.5357   -1.3680   -1.2238   -1.0783    0.8113    1.0439    1.4392    1.7136    2.3232    2.4895    2.8148    2.9122    3.1037    3.3508    3.3626    3.4794    5.1704    5.2356    5.5410    5.6295    5.7229
  1.1293  -35.7477  -35.7477  -35.7477  -35.7476  -35.7212  -35.7212  -35.7211  -35.7211  -35.0255  -35.0255  -35.0255  -35.0255  -35.0045  -35.0045  -35.0045  -35.0044  -34.9908  -34.9907  -34.9907  -34.9907  -24.2778  -24.2768  -24.2764  -24.2744  -24.2398  -24.2397  -24.2385  -24.2384  -21.3295  -21.3281  -21.3265  -21.3228  -21.3004  -21.2979  -21.2966  -21.2955  -21.2675  -21.2668  -21.2664  -21.2661  -11.1859  -11.1660  -10.8695  -10.8521   -9.3199   -9.2994   -8.9875   -8.9826   -3.5952   -3.5191   -3.2412   -3.2043   -2.5447   -2.2271   -2.1892   -2.0232   -1.5333   -1.4106   -1.3107   -1.1921    0.8677    1.0717    1.3224    1.5679    2.3249    2.4710    2.7912    2.8222    3.1069    3.3629    3.3800    3.4587    5.2679    5.3242    5.4848    5.5510    5.8812
  1.1761  -35.7477  -35.7477  -35.7477  -35.7476  -35.7212  -35.7212  -35.7212  -35.7211  -35.0255  -35.0255  -35.0255  -35.0255  -35.0045  -35.0045  -35.0045  -35.0044  -34.9908  -34.9907  -34.9907  -34.9907  -24.2773  -24.2765  -24.2761  -24.2747  -24.2396  -24.2395  -24.2386  -24.2385  -21.3291  -21.3278  -21.3265  -21.3240  -21.2996  -21.2978  -21.2968  -21.2958  -21.2669  -21.2665  -21.2661  -21.2660  -11.0441  -11.0266  -10.8431  -10.8293   -9.3444   -9.3286   -9.1323   -9.1310   -3.5519   -3.5076   -3.2737   -3.2567   -2.4588   -2.2600   -2.1577   -2.0905   -1.5171   -1.4390   -1.3807   -1.2911    0.9262    1.0919    1.2051    1.4071    2.3546    2.4592    2.7221    2.7324    3.1823    3.3729    3.4059    3.4408    5.3319    5.3736    5.4388    5.4839    6.0438
  1.2230  -35.7477  -35.7477  -35.7477  -35.7476  -35.7212  -35.7211  -35.7211  -35.7211  -35.0255  -35.0255  -35.0255  -35.0255  -35.0045  -35.0045  -35.0045  -35.0044  -34.9907  -34.9907  -34.9907  -34.9907  -24.2769  -24.2762  -24.2760  -24.2751  -24.2395  -24.2394  -24.2388  -24.2387  -21.3285  -21.3275  -21.3266  -21.3251  -21.2988  -21.2976  -21.2970  -21.2962  -21.2664  -21.2662  -21.2659  -21.2659  -10.9215  -10.9081  -10.8215  -10.8118   -9.3640   -9.3533   -9.2583   -9.2573   -3.5025   -3.4808   -3.3099   -3.3052   -2.3783   -2.2729   -2.1588   -2.1501   -1.4921   -1.4496   -1.4298   -1.3700    0.9819    1.0995    1.1104    1.2557    2.4024    2.4612    2.6491    2.6502    3.2712    3.3820    3.4252    3.4255    5.3667    5.3933    5.4082    5.4350    6.2144
  1.2699  -35.7477  -35.7477  -35.7477  -35.7476  -35.7212  -35.7211  -35.7211  -35.7211  -35.0255  -35.0255  -35.0255  -35.0255  -35.0045  -35.0045  -35.0045  -35.0044  -34.9907  -34.9907  -34.9907  -34.9907  -24.2764  -24.2760  -24.2759  -24.2755  -24.2393  -24.2392  -24.2389  -24.2389  -21.3278  -21.3273  -21.3268  -21.3261  -21.2980  -21.2975  -21.2971  -21.2967  -21.2661  -21.2660  -21.2658  -21.2658  -10.8342  -10.8267  -10.8064  -10.8015   -9.3760   -9.3706   -9.3468   -9.3455   -3.4505   -3.4432   -3.3526   -3.3518   -2.3050   -2.2658   -2.2010   -2.1894   -1.4680   -1.4547   -1.4498   -1.4249    1.0305    1.0601    1.0917    1.1366    2.4593    2.4811    2.5772    2.5834    3.3480    3.3912    3.4124    3.4261    5.3838    5.3935    5.3968    5.4056    6.3678
  1.3168  -35.7476  -35.7476  -35.7476  -35.7476  -35.7211  -35.7211  -35.7211  -35.7211  -35.0255  -35.0255  -35.0255  -35.0255  -35.0044  -35.0044  -35.0044  -35.0044  -34.9907  -34.9907  -34.9907  -34.9907  -24.2759  -24.2759  -24.2759  -24.2759  -24.2391  -24.2391  -24.2391  -24.2391  -21.3270  -21.3270  -21.3270  -21.3270  -21.2973  -21.2973  -21.2973  -21.2973  -21.2659  -21.2659  -21.2659  -21.2659  -10.7996  -10.7996  -10.7996  -10.7996   -9.3784   -9.3784   -9.3784   -9.3784   -3.3993   -3.3993   -3.3993   -3.3993   -2.2407   -2.2407   -2.2407   -2.2407   -1.4533   -1.4533   -1.4533   -1.4533    1.0681    1.0681    1.0681    1.0681    2.5202    2.5202    2.5202    2.5202    3.4011    3.4011    3.4011    3.4011    5.3927    5.3927    5.3927    5.3927    6.4481
  1.3168  -35.7476  -35.7476  -35.7476  -35.7476  -35.7211  -35.7211  -35.7211  -35.7211  -35.0255  -35.0255  -35.0255  -35.0255  -35.0044  -35.0044  -35.0044  -35.0044  -34.9907  -34.9907  -34.9907  -34.9907  -24.2759  -24.2759  -24.2759  -24.2759  -24.2391  -24.2391  -24.2391  -24.2391  -21.3270  -21.3270  -21.3270  -21.3270  -21.2973  -21.2973  -21.2973  -21.2973  -21.2659  -21.2659  -21.2659  -21.2659  -10.7996  -10.7996  -10.7996  -10.7996   -9.3784   -9.3784   -9.3784   -9.3784   -3.3993   -3.3993   -3.3993   -3.3993   -2.2407   -2.2407   -2.2407   -2.2407   -1.4533   -1.4533   -1.4533   -1.4533    1.0681    1.0681    1.0681    1.0681    2.5202    2.5202    2.5202    2.5202    3.4011    3.4011    3.4011    3.4011    5.3927    5.3927    5.3927    5.3927    6.4481
  1.3637  -35.7477  -35.7477  -35.7477  -35.7476  -35.7212  -35.7211  -35.7211  -35.7211  -35.0255  -35.0255  -35.0255  -35.0255  -35.0045  -35.0045  -35.0045  -35.0044  -34.9907  -34.9907  -34.9907  -34.9907  -24.2764  -24.2760  -24.2759  -24.2755  -24.2393  -24.2392  -24.2389  -24.2389  -21.3278  -21.3273  -21.3268  -21.3261  -21.2980  -21.2975  -21.2971  -21.2967  -21.2661  -21.2660  -21.2658  -21.2658  -10.8342  -10.8267  -10.8064  -10.8015   -9.3760   -9.3706   -9.3468   -9.3455   -3.4505   -3.4432   -3.3526   -3.3518   -2.3050   -2.2658   -2.2010   -2.1894   -1.4680   -1.4547   -1.4498   -1.4249    1.0305    1.0601    1.0917    1.1366    2.4593    2.4811    2.5772    2.5834    3.3480    3.3912    3.4124    3.4261    5.3838    5.3935    5.3968    5.4056    6.3696
  1.4105  -35.7477  -35.7477  -35.7477  -35.7476  -35.7212  -35.7211  -35.7211  -35.7211  -35.0255  -35.0255  -35.0255  -35.0255  -35.0045  -35.0045  -35.0045  -35.0044  -34.9907  -34.9907  -34.9907  -34.9907  -24.2769  -24.2762  -24.2760  -24.2751  -24.2395  -24.2394  -24.2388  -24.2387  -21.3285  -21.3275  -21.3266  -21.3251  -21.2988  -21.2976  -21.2970  -21.2962  -21.2664  -21.2662  -21.2659  -21.2659  -10.9215  -10.9081  -10.8215  -10.8118   -9.3640   -9.3533   -9.2583   -9.2573   -3.5025   -3.4808   -3.3099   -3.3052   -2.3783   -2.2729   -2.1588   -2.1501   -1.4921   -1.4496   -1.4298   -1.3700    0.9819    1.0995    1.1104    1.2557    2.4024    2.4612    2.6491    2.6502    3.2712    3.3820    3.4252    3.4255    5.3667    5.3933    5.4082    5.4350    6.2185
  1.4574  -35.7477  -35.7477  -35.7477  -35.7476  -35.7212  -35.7212  -35.7212  -35.7211  -35.0255  -35.0255  -35.0255  -35.0255  -35.0045  -35.0045  -35.0045  -35.0044  -34.9908  -34.9907  -34.9907  -34.9907  -24.2773  -24.2765  -24.2761  -24.2747  -24.2396  -24.2395  -24.2386  -24.2385  -21.3291  -21.3278  -21.3265  -21.3240  -21.2996  -21.2978  -21.2968  -21.2958  -21.2669  -21.2665  -21.2661  -21.2660  -11.0441  -11.0266  -10.8431  -10.8293   -9.3444   -9.3286   -9.1323   -9.1310   -3.5519   -3.5076   -3.2737   -3.2567   -2.4588   -2.2600   -2.1577   -2.0905   -1.5171   -1.4390   -1.3807   -1.2911    0.9262    1.0919    1.2051    1.4071    2.3546    2.4592    2.7221    2.7324    3.1823    3.3729    3.4059    3.4408    5.3319    5.3736    5.4388    5.4839    6.0463
  1.5043  -35.7477  -35.7477  -35.7477  -35.7476  -35.7212  -35.7212  -35.7211  -35.7211  -35.0255  -35.0255  -35.0255  -35.0255  -35.0045  -35.0045  -35.0045  -35.0044  -34.9908  -34.9907  -34.9907  -34.9907  -24.2778  -24.2768  -24.2764  -24.2744  -24.2398  -24.2397  -24.2385  -24.2384  -21.3295  -21.3281  -21.3265  -21.3228  -21.3004  -21.2979  -21.2966  -21.2955  -21.2675  -21.2668  -21.2664  -21.2661  -11.1859  -11.1660  -10.8695  -10.8521   -9.3199   -9.2994   -8.9875   -8.9826   -3.5952   -3.5191   -3.2412   -3.2043   -2.5447   -2.2271   -2.1892   -2.0232   -1.5333   -1.4106   -1.3107   -1.1921    0.8677    1.0717    1.3224    1.5679    2.3249    2.4710    2.7912    2.8222    3.1069    3.3629    3.3800    3.4587    5.2679    5.3242    5.4848    5.5510    5.8828
  1.5512  -35.7477  -35.7477  -35.7477  -35.7476  -35.7212  -35.7212  -35.7211  -35.7211  -35.0256  -35.0255  -35.0255  -35.0255  -35.0045  -35.0045  -35.0045  -35.0044  -34.9908  -34.9908  -34.9907  -34.9907  -24.2782  -24.2772  -24.2767  -24.2741  -24.2399  -24.2398  -24.2384  -24.2382  -21.3298  -21.3285  -21.3267  -21.3218  -21.3012  -21.2979  -21.2964  -21.2953  -21.2681  -21.2671  -21.2669  -21.2663  -11.3360  -11.3148  -10.8985  -10.8782   -9.2937   -9.2690   -8.8358   -8.8263   -3.6295   -3.5106   -3.2090   -3.1433   -2.6328   -2.2461   -2.1757   -1.9486   -1.5357   -1.3680   -1.2238   -1.0783    0.8113    1.0439    1.4392    1.7136    2.3232    2.4895    2.8148    2.9122    3.1037    3.3508    3.3626    3.4794    5.1704    5.2356    5.5410    5.6295    5.7183
  1.5981  -35.7477  -35.7477  -35.7477  -35.7477  -35.7212  -35.7212  -35.7212  -35.7211  -35.0256  -35.0256  -35.0255  -35.0255  -35.0045  -35.0045  -35.0045  -35.0044  -34.9908  -34.9908  -34.9908  -34.9907  -24.2786  -24.2777  -24.2770  -24.2740  -24.2400  -24.2398  -24.2383  -24.2381  -21.3302  -21.3289  -21.3270  -21.3209  -21.3019  -21.2979  -21.2962  -21.2951  -21.2689  -21.2674  -21.2674  -21.2666  -11.4874  -11.4658  -10.9279  -10.9055   -9.2691   -9.2409   -8.6858   -8.6715   -3.6526   -3.4782   -3.1728   -3.0682   -2.7188   -2.3150   -2.1084   -1.8662   -1.5268   -1.3209   -1.1249   -0.9564    0.7625    1.0146    1.5379    1.8278    2.3491    2.5053    2.7783    2.9936    3.1906    3.3350    3.3750    3.5027    5.0495    5.1143    5.5662    5.5928    5.5976
  1.6450  -35.7478  -35.7478  -35.7477  -35.7477  -35.7212  -35.7212  -35.7212  -35.7212  -35.0257  -35.0256  -35.0256  -35.0255  -35.0045  -35.0045  -35.0045  -35.0044  -34.9908  -34.9908  -34.9908  -34.9907  -24.2790  -24.2781  -24.2775  -24.2739  -24.2401  -24.2399  -24.2382  -24.2380  -21.3305  -21.3294  -21.3274  -21.3203  -21.3023  -21.2977  -21.2959  -21.2950  -21.2697  -21.2680  -21.2677  -21.2668  -11.6353  -11.6140  -10.9563  -10.9324   -9.2487   -9.2178   -8.5438   -8.5248   -3.6630   -3.4183   -3.1289   -2.9737   -2.7984   -2.3816   -2.0278   -1.7758   -1.5128   -1.2792   -1.0196   -0.8340    0.7280    0.9906    1.6127    1.9152    2.3757    2.5082    2.7447    3.0552    3.2826    3.3136    3.4493    3.5263    4.9216    4.9782    5.4162    5.4418    5.6440
  1.6918  -35.7478  -35.7478  -35.7477  -35.7477  -35.7212  -35.7212  -35.7212  -35.7212  -35.0257  -35.0257  -35.0256  -35.0255  -35.0045  -35.0045  -35.0045  -35.0044  -34.9909  -34.9908  -34.9908  -34.9908  -24.2793  -24.2787  -24.2780  -24.2739  -24.2401  -24.2399  -24.2381  -24.2379  -21.3308  -21.3301  -21.3281  -21.3200  -21.3024  -21.2973  -21.2955  -21.2949  -21.2705  -21.2686  -21.2680  -21.2670  -11.7769  -11.7563  -10.9822  -10.9574   -9.2347   -9.2021   -8.4138   -8.3909   -3.6611   -3.3287   -3.0749   -2.8681   -2.8560   -2.4339   -1.9365   -1.6774   -1.5006   -1.2507   -0.9138   -0.7201    0.7152    0.9782    1.6690    1.9943    2.3729    2.4897    2.7432    3.0860    3.2831    3.3442    3.5454    3.5680    4.7982    4.8425    5.2690    5.2914    5.6734
  1.7387  -35.7478  -35.7478  -35.7477  -35.7477  -35.7212  -35.7212  -35.7212  -35.7212  -35.0257  -35.0257  -35.0256  -35.0255  -35.0045  -35.0045  -35.0044  -35.0044  -34.9909  -34.9908  -34.9908  -34.9908  -24.2795  -24.2792  -24.2785  -24.2740  -24.2401  -24.2399  -24.2381  -24.2379  -21.3311  -21.3307  -21.3289  -21.3201  -21.3023  -21.2969  -21.2950  -21.2947  -21.2713  -21.2693  -21.2683  -21.2672  -11.9101  -11.8906  -11.0048  -10.9797   -9.2282   -9.1951   -8.2986   -8.2728   -3.6484   -3.2085   -3.0164   -2.9198   -2.7128   -2.4615   -1.8369   -1.5712   -1.4950   -1.2401   -0.8135   -0.6235    0.7310    0.9820    1.7162    2.0777    2.3473    2.4440    2.7631    3.0787    3.2394    3.3843    3.5514    3.6632    4.6822    4.7141    5.1303    5.1493    5.6854
  1.7856  -35.7479  -35.7478  -35.7477  -35.7477  -35.7212  -35.7212  -35.7212  -35.7212  -35.0258  -35.0257  -35.0256  -35.0255  -35.0045  -35.0045  -35.0044  -35.0044  -34.9909  -34.9909  -34.9908  -34.9908  -24.2797  -24.2797  -24.2790  -24.2741  -24.2401  -24.2399  -24.2381  -24.2378  -21.3315  -21.3315  -21.3298  -21.3207  -21.3018  -21.2963  -21.2945  -21.2945  -21.2720  -21.2699  -21.2684  -21.2674  -12.0333  -12.0152  -11.0233  -10.9985   -9.2298   -9.1973   -8.1994   -8.1721   -3.6278   -3.0583   -3.0108   -2.8962   -2.5441   -2.4565   -1.7307   -1.4981   -1.4583   -1.2489   -0.7237   -0.5508    0.7784    1.0036    1.7604    2.1581    2.3287    2.3707    2.7905    3.0294    3.1818    3.3894    3.5358    3.6945    4.5693    4.5946    5.0038    5.0206    5.6803
  1.8325  -35.7479  -35.7479  -35.7478  -35.7477  -35.7212  -35.7212  -35.7212  -35.7212  -35.0258  -35.0258  -35.0256  -35.0255  -35.0045  -35.0044  -35.0044  -35.0044  -34.9909  -34.9909  -34.9908  -34.9908  -24.2802  -24.2798  -24.2795  -24.2744  -24.2400  -24.2399  -24.2381  -24.2378  -21.3324  -21.3318  -21.3308  -21.3215  -21.3011  -21.2956  -21.2943  -21.2939  -21.2727  -21.2706  -21.2685  -21.2675  -12.1454  -12.1289  -11.0376  -11.0137   -9.2389   -9.2081   -8.1162   -8.0888   -3.6025   -3.0519   -2.8803   -2.8048   -2.4154   -2.3520   -1.6195   -1.5086   -1.3397   -1.2754   -0.6475   -0.5030    0.8529    1.0382    1.8004    2.1877    2.2763    2.3690    2.8206    2.9355    3.1189    3.3538    3.4951    3.6493    4.4558    4.4806    4.8896    4.9060    5.6646
  1.8794  -35.7479  -35.7479  -35.7478  -35.7477  -35.7213  -35.7212  -35.7212  -35.7212  -35.0259  -35.0258  -35.0256  -35.0256  -35.0045  -35.0045  -35.0044  -35.0044  -34.9910  -34.9909  -34.9908  -34.9908  -24.2807  -24.2801  -24.2798  -24.2747  -24.2399  -24.2398  -24.2381  -24.2378  -21.3332  -21.3322  -21.3319  -21.3226  -21.3003  -21.2950  -21.2940  -21.2934  -21.2733  -21.2713  -21.2686  -21.2675  -12.2456  -12.2310  -11.0478  -11.0253   -9.2543   -9.2261   -8.0484   -8.0221   -3.5751   -3.0947   -2.6922   -2.6788   -2.3411   -2.1417   -1.5224   -1.5035   -1.3155   -1.2172   -0.5850   -0.4754    0.9396    1.0704    1.8278    2.1618    2.1765    2.4540    2.8036    2.8515    3.0600    3.3011    3.4331    3.5436    4.3446    4.3682    4.7860    4.8028    5.6193
  1.9263  -35.7479  -35.7479  -35.7478  -35.7477  -35.7213  -35.7212  -35.7212  -35.7212  -35.0259  -35.0259  -35.0256  -35.0256  -35.0045  -35.0045  -35.0044  -35.0044  -34.9910  -34.9910  -34.9909  -34.9908  -24.2812  -24.2806  -24.2798  -24.2751  -24.2397  -24.2397  -24.2382  -24.2379  -21.3341  -21.3329  -21.3325  -21.3239  -21.2994  -21.2942  -21.2938  -21.2928  -21.2739  -21.2720  -21.2686  -21.2675  -12.3334  -12.3206  -11.0541  -11.0335   -9.2743   -9.2494   -7.9944   -7.9703   -3.5467   -3.1351   -2.5657   -2.4596   -2.2433   -1.9238   -1.5327   -1.3796   -1.3630   -1.0924   -0.5339   -0.4598    1.0123    1.0734    1.8283    2.0977    2.1145    2.5018    2.6525    2.8882    3.0119    3.2667    3.3592    3.4294    4.2402    4.2598    4.6920    4.7086    5.5454
  1.9731  -35.7480  -35.7479  -35.7478  -35.7477  -35.7213  -35.7212  -35.7212  -35.7212  -35.0260  -35.0259  -35.0256  -35.0256  -35.0044  -35.0044  -35.0044  -35.0044  -34.9910  -34.9910  -34.9909  -34.9908  -24.2816  -24.2810  -24.2797  -24.2756  -24.2396  -24.2396  -24.2383  -24.2379  -21.3349  -21.3339  -21.3327  -21.3253  -21.2984  -21.2936  -21.2935  -21.2923  -21.2743  -21.2726  -21.2685  -21.2675  -12.4082  -12.3974  -11.0572  -11.0390   -9.2966   -9.2754   -7.9525   -7.9314   -3.5175   -3.1729   -2.4316   -2.2310   -2.1375   -1.7179   -1.5309   -1.4091   -1.2373   -0.9666   -0.4910   -0.4469    0.9981    1.0563    1.7867    2.0426    2.0666    2.4833    2.5056    2.9061    2.9853    3.2558    3.2868    3.4081    4.1455    4.1614    4.6083    4.6240    5.4562
  2.0200  -35.7480  -35.7480  -35.7478  -35.7477  -35.7213  -35.7213  -35.7212  -35.7212  -35.0260  -35.0260  -35.0256  -35.0256  -35.0044  -35.0044  -35.0044  -35.0044  -34.9910  -34.9910  -34.9909  -34.9908  -24.2819  -24.2814  -24.2795  -24.2761  -24.2395  -24.2394  -24.2384  -24.2380  -21.3356  -21.3348  -21.3328  -21.3266  -21.2975  -21.2935  -21.2929  -21.2918  -21.2746  -21.2731  -21.2683  -21.2675  -12.4696  -12.4609  -11.0576  -11.0423   -9.3188   -9.3017   -7.9208   -7.9034   -3.4871   -3.2090   -2.3007   -2.0430   -2.0043   -1.5526   -1.5094   -1.4416   -1.0590   -0.8394   -0.4564   -0.4262    0.8645    1.0132    1.7009    1.9301    2.0833    2.3836    2.4515    2.8352    2.9916    3.2316    3.3318    3.4798    4.0619    4.0791    4.5362    4.5502    5.3893
  2.0669  -35.7480  -35.7480  -35.7477  -35.7477  -35.7213  -35.7213  -35.7212  -35.7212  -35.0260  -35.0260  -35.0256  -35.0256  -35.0044  -35.0044  -35.0044  -35.0044  -34.9910  -34.9910  -34.9909  -34.9908  -24.2822  -24.2818  -24.2792  -24.2766  -24.2394  -24.2392  -24.2385  -24.2381  -21.3362  -21.3356  -21.3327  -21.3280  -21.2966  -21.2936  -21.2923  -21.2915  -21.2748  -21.2736  -21.2682  -21.2675  -12.5173  -12.5108  -11.0563  -11.0444   -9.3386   -9.3257   -7.8977   -7.8843   -3.4549   -3.2442   -2.1864   -1.9786   -1.7940   -1.4746   -1.4451   -1.4397   -0.8426   -0.7073   -0.4312   -0.3882    0.6754    0.8904    1.5892    1.7825    2.1190    2.2950    2.4440    2.7316    3.0352    3.2070    3.4635    3.5787    3.9925    4.0143    4.4771    4.4889    5.3250
  2.1138  -35.7480  -35.7480  -35.7477  -35.7477  -35.7213  -35.7213  -35.7212  -35.7212  -35.0260  -35.0260  -35.0256  -35.0256  -35.0044  -35.0044  -35.0044  -35.0044  -34.9910  -34.9910  -34.9909  -34.9909  -24.2823  -24.2821  -24.2789  -24.2771  -24.2392  -24.2390  -24.2386  -24.2383  -21.3366  -21.3362  -21.3324  -21.3292  -21.2958  -21.2937  -21.2918  -21.2912  -21.2749  -21.2741  -21.2680  -21.2675  -12.5513  -12.5469  -11.0539  -11.0458   -9.3539   -9.3453   -7.8815   -7.8725   -3.4212   -3.2793   -2.0983   -1.9532   -1.6172   -1.4400   -1.3976   -1.3897   -0.6258   -0.5653   -0.4077   -0.3272    0.4659    0.7018    1.4854    1.6290    2.1472    2.2355    2.4584    2.6433    3.1042    3.2129    3.5918    3.6693    3.9419    3.9651    4.4325    4.4412    5.2641
  2.1607  -35.7480  -35.7480  -35.7477  -35.7477  -35.7213  -35.7213  -35.7212  -35.7212  -35.0260  -35.0260  -35.0256  -35.0256  -35.0044  -35.0044  -35.0044  -35.0044  -34.9910  -34.9910  -34.9909  -34.9909  -24.2824  -24.2823  -24.2785  -24.2776  -24.2391  -24.2388  -24.2388  -24.2384  -21.3368  -21.3366  -21.3319  -21.3303  -21.2951  -21.2940  -21.2914  -21.2911  -21.2748  -21.2744  -21.2678  -21.2676  -12.5713  -12.5691  -11.0514  -11.0472   -9.3629   -9.3586   -7.8714   -7.8668   -3.3861   -3.3147   -2.0352   -1.9611   -1.4876   -1.3958   -1.3782   -1.3637   -0.4887   -0.4455   -0.3483   -0.2305    0.2906    0.4812    1.4242    1.5018    2.1628    2.1977    2.4865    2.5761    3.1742    3.2275    3.6879    3.7271    3.9143    3.9303    4.4047    4.4094    5.2179
  2.2076  -35.7480  -35.7480  -35.7477  -35.7477  -35.7213  -35.7213  -35.7212  -35.7212  -35.0260  -35.0260  -35.0256  -35.0256  -35.0044  -35.0044  -35.0044  -35.0044  -34.9910  -34.9910  -34.9908  -34.9908  -24.2824  -24.2824  -24.2781  -24.2781  -24.2389  -24.2389  -24.2386  -24.2386  -21.3368  -21.3368  -21.3312  -21.3312  -21.2945  -21.2945  -21.2912  -21.2912  -21.2747  -21.2747  -21.2677  -21.2677  -12.5772  -12.5772  -11.0491  -11.0491   -9.3646   -9.3646   -7.8666   -7.8666   -3.3505   -3.3505   -1.9903   -1.9903   -1.4093   -1.4093   -1.3633   -1.3633   -0.4382   -0.4382   -0.2225   -0.2225    0.2923    0.2923    1.4285    1.4285    2.1758    2.1758    2.5254    2.5254    3.2193    3.2193    3.7351    3.7351    3.9116    3.9116    4.3966    4.3966    5.2105
  2.2076  -35.7480  -35.7480  -35.7477  -35.7477  -35.7213  -35.7213  -35.7212  -35.7212  -35.0260  -35.0260  -35.0256  -35.0256  -35.0044  -35.0044  -35.0044  -35.0044  -34.9910  -34.9910  -34.9908  -34.9908  -24.2824  -24.2824  -24.2781  -24.2781  -24.2389  -24.2389  -24.2386  -24.2386  -21.3368  -21.3368  -21.3312  -21.3312  -21.2945  -21.2945  -21.2912  -21.2912  -21.2747  -21.2747  -21.2677  -21.2677  -12.5772  -12.5772  -11.0491  -11.0491   -9.3646   -9.3646   -7.8666   -7.8666   -3.3505   -3.3505   -1.9903   -1.9903   -1.4093   -1.4093   -1.3633   -1.3633   -0.4382   -0.4382   -0.2225   -0.2225    0.2923    0.2923    1.4285    1.4285    2.1758    2.1758    2.5254    2.5254    3.2193    3.2193    3.7351    3.7351    3.9116    3.9116    4.3966    4.3966    5.2190
  2.2487  -35.7480  -35.7480  -35.7477  -35.7477  -35.7213  -35.7213  -35.7212  -35.7212  -35.0260  -35.0260  -35.0256  -35.0256  -35.0044  -35.0044  -35.0044  -35.0044  -34.9910  -34.9910  -34.9908  -34.9908  -24.2824  -24.2823  -24.2785  -24.2776  -24.2391  -24.2388  -24.2388  -24.2384  -21.3368  -21.3366  -21.3319  -21.3303  -21.2951  -21.2940  -21.2914  -21.2911  -21.2748  -21.2745  -21.2678  -21.2676  -12.5728  -12.5708  -11.0449  -11.0420   -9.3693   -9.3651   -7.8701   -7.8664   -3.3769   -3.3234   -2.0285   -1.9728   -1.4632   -1.3987   -1.3866   -1.3664   -0.4658   -0.4320   -0.3510   -0.2276    0.2695    0.4566    1.4314    1.4993    2.1655    2.1972    2.4928    2.5652    3.1747    3.2307    3.6889    3.7269    3.9123    3.9275    4.4026    4.4070    5.2158
  2.2899  -35.7480  -35.7480  -35.7477  -35.7477  -35.7213  -35.7213  -35.7212  -35.7212  -35.0260  -35.0260  -35.0256  -35.0256  -35.0044  -35.0044  -35.0044  -35.0044  -34.9910  -34.9910  -34.9909  -34.9908  -24.2823  -24.2821  -24.2789  -24.2771  -24.2392  -24.2390  -24.2387  -24.2383  -21.3366  -21.3363  -21.3324  -21.3292  -21.2958  -21.2937  -21.2918  -21.2912  -21.2749  -21.2742  -21.2679  -21.2675  -12.5574  -12.5535  -11.0296  -11.0239   -9.3794   -9.3709   -7.8772   -7.8697   -3.4050   -3.2946   -2.0934   -1.9721   -1.5542   -1.4548   -1.4103   -1.3917   -0.5546   -0.5088   -0.4286   -0.3397    0.4007    0.6422    1.5073    1.6266    2.1509    2.2375    2.4658    2.6162    3.0976    3.2292    3.5953    3.6704    3.9329    3.9558    4.4241    4.4322    5.2541
  2.3311  -35.7480  -35.7480  -35.7477  -35.7477  -35.7213  -35.7213  -35.7212  -35.7212  -35.0260  -35.0260  -35.0256  -35.0256  -35.0044  -35.0044  -35.0044  -35.0044  -34.9910  -34.9910  -34.9908  -34.9908  -24.2822  -24.2819  -24.2792  -24.2765  -24.2393  -24.2391  -24.2385  -24.2381  -21.3362  -21.3358  -21.3327  -21.3279  -21.2966  -21.2936  -21.2922  -21.2914  -21.2748  -21.2738  -21.2680  -21.2674  -12.5312  -12.5254  -11.0032  -10.9947   -9.3951   -9.3824   -7.8881   -7.8770   -3.4377   -3.2635   -2.1888   -1.9871   -1.6860   -1.5106   -1.4809   -1.4243   -0.7145   -0.6805   -0.4375   -0.3924    0.5677    0.8084    1.6355    1.7806    2.1117    2.2992    2.4460    2.6838    3.0041    3.2468    3.4712    3.5832    3.9727    3.9948    4.4591    4.4697    5.2891
  2.3722  -35.7480  -35.7480  -35.7477  -35.7477  -35.7213  -35.7213  -35.7212  -35.7212  -35.0260  -35.0260  -35.0256  -35.0256  -35.0045  -35.0044  -35.0044  -35.0044  -34.9910  -34.9910  -34.9909  -34.9908  -24.2820  -24.2816  -24.2794  -24.2759  -24.2395  -24.2393  -24.2384  -24.2380  -21.3357  -21.3352  -21.3328  -21.3265  -21.2975  -21.2935  -21.2927  -21.2917  -21.2747  -21.2734  -21.2680  -21.2674  -12.4942  -12.4865  -10.9658  -10.9545   -9.4171   -9.4003   -7.9038   -7.8890   -3.4785   -3.2311   -2.3094   -2.0174   -1.8545   -1.5654   -1.5465   -1.4867   -0.9449   -0.7915   -0.4520   -0.4141    0.7299    0.9436    1.7764    1.9286    2.0392    2.3717    2.4413    2.7735    2.9211    3.3020    3.3425    3.4882    4.0294    4.0453    4.5055    4.5176    5.3440
  2.4134  -35.7480  -35.7480  -35.7477  -35.7477  -35.7213  -35.7213  -35.7212  -35.7212  -35.0260  -35.0259  -35.0256  -35.0256  -35.0045  -35.0045  -35.0044  -35.0044  -34.9910  -34.9910  -34.9909  -34.9908  -24.2817  -24.2813  -24.2796  -24.2754  -24.2396  -24.2395  -24.2383  -24.2379  -21.3350  -21.3345  -21.3327  -21.3250  -21.2986  -21.2936  -21.2933  -21.2921  -21.2744  -21.2729  -21.2681  -21.2673  -12.4466  -12.4370  -10.9174  -10.9036   -9.4461   -9.4254   -7.9250   -7.9069   -3.5307   -3.2003   -2.4412   -2.0590   -2.0474   -1.6320   -1.5830   -1.5777   -1.1659   -0.8884   -0.4737   -0.4263    0.8767    1.0484    1.8656    1.9439    2.0553    2.4250    2.4605    2.8812    2.8854    3.2501    3.3894    3.4067    4.1004    4.1081    4.5621    4.5747    5.4071
  2.4546  -35.7480  -35.7479  -35.7478  -35.7477  -35.7213  -35.7212  -35.7212  -35.7212  -35.0259  -35.0259  -35.0256  -35.0255  -35.0045  -35.0045  -35.0044  -35.0044  -34.9910  -34.9910  -34.9909  -34.9908  -24.2813  -24.2809  -24.2797  -24.2748  -24.2397  -24.2397  -24.2383  -24.2379  -21.3343  -21.3336  -21.3324  -21.3235  -21.2997  -21.2939  -21.2938  -21.2926  -21.2741  -21.2724  -21.2681  -21.2673  -12.3885  -12.3771  -10.8583  -10.8421   -9.4830   -9.4586   -7.9530   -7.9318   -3.5957   -3.1770   -2.5659   -2.2503   -2.1013   -1.7154   -1.6869   -1.5983   -1.3638   -0.9845   -0.5007   -0.4348    1.0013    1.1333    1.8448    1.8650    2.1470    2.4324    2.4911    2.9220    2.9842    3.2410    3.3644    3.4897    4.1784    4.1874    4.6278    4.6400    5.4731
  2.4958  -35.7479  -35.7479  -35.7477  -35.7477  -35.7213  -35.7212  -35.7212  -35.7212  -35.0259  -35.0258  -35.0256  -35.0255  -35.0045  -35.0045  -35.0044  -35.0044  -34.9910  -34.9909  -34.9908  -34.9908  -24.2809  -24.2805  -24.2797  -24.2742  -24.2399  -24.2398  -24.2382  -24.2378  -21.3335  -21.3326  -21.3320  -21.3219  -21.3008  -21.2944  -21.2940  -21.2932  -21.2737  -21.2718  -21.2680  -21.2672  -12.3202  -12.3070  -10.7887  -10.7703   -9.5287   -9.5009   -7.9891   -7.9653   -3.6719   -3.1729   -2.6631   -2.4510   -2.1314   -1.8757   -1.7317   -1.6164   -1.5395   -1.0915   -0.5317   -0.4425    1.0903    1.2208    1.7592    1.8033    2.1639    2.4119    2.5191    3.0054    3.0877    3.2593    3.4208    3.5837    4.2610    4.2793    4.7019    4.7129    5.5405
  2.5369  -35.7479  -35.7479  -35.7477  -35.7477  -35.7213  -35.7212  -35.7212  -35.7212  -35.0259  -35.0258  -35.0256  -35.0255  -35.0045  -35.0045  -35.0045  -35.0044  -34.9910  -34.9909  -34.9908  -34.9908  -24.2804  -24.2801  -24.2797  -24.2737  -24.2400  -24.2399  -24.2381  -24.2378  -21.3328  -21.3316  -21.3316  -21.3203  -21.3020  -21.2950  -21.2943  -21.2939  -21.2733  -21.2712  -21.2680  -21.2671  -12.2419  -12.2270  -10.7089  -10.6887   -9.5841   -9.5532   -8.0346   -8.0088   -3.7546   -3.2005   -2.7140   -2.6406   -2.1409   -2.0454   -1.7720   -1.7052   -1.6375   -1.2168   -0.5664   -0.4519    1.1412    1.3243    1.6981    1.7149    2.1058    2.3938    2.5540    3.0953    3.1901    3.2802    3.5417    3.6570    4.3494    4.3739    4.7842    4.7946    5.6224
  2.5781  -35.7479  -35.7479  -35.7477  -35.7477  -35.7212  -35.7212  -35.7212  -35.7212  -35.0258  -35.0258  -35.0256  -35.0255  -35.0045  -35.0045  -35.0045  -35.0044  -34.9909  -34.9909  -34.9908  -34.9908  -24.2800  -24.2796  -24.2795  -24.2733  -24.2402  -24.2400  -24.2381  -24.2377  -21.3322  -21.3311  -21.3304  -21.3188  -21.3031  -21.2955  -21.2946  -21.2945  -21.2727  -21.2706  -21.2678  -21.2670  -12.1538  -12.1374  -10.6192  -10.5976   -9.6499   -9.6161   -8.0909   -8.0636   -3.8367   -3.2577   -2.8131   -2.7179   -2.2076   -2.1268   -1.8714   -1.8112   -1.6660   -1.3623   -0.6057   -0.4661    1.1751    1.4343    1.6219    1.6657    2.0159    2.3915    2.5918    3.1679    3.2275    3.3715    3.6486    3.6998    4.4421    4.4658    4.8760    4.8870    5.6667
  2.6193  -35.7478  -35.7478  -35.7477  -35.7476  -35.7212  -35.7212  -35.7212  -35.7212  -35.0258  -35.0257  -35.0255  -35.0255  -35.0045  -35.0045  -35.0045  -35.0044  -34.9909  -34.9909  -34.9908  -34.9908  -24.2797  -24.2795  -24.2789  -24.2729  -24.2403  -24.2400  -24.2381  -24.2377  -21.3316  -21.3307  -21.3292  -21.3174  -21.3042  -21.2959  -21.2952  -21.2948  -21.2722  -21.2700  -21.2677  -21.2668  -12.0564  -12.0385  -10.5204  -10.4982   -9.7264   -9.6898   -8.1591   -8.1310   -3.9111   -3.3255   -2.9640   -2.6929   -2.3524   -2.0906   -2.0416   -1.8499   -1.7055   -1.5264   -0.6513   -0.4880    1.2088    1.5382    1.5442    1.6616    1.9280    2.4067    2.6242    3.2117    3.2448    3.4666    3.7063    3.7146    4.5388    4.5540    4.9800    4.9916    5.7201
  2.6605  -35.7478  -35.7478  -35.7477  -35.7476  -35.7212  -35.7212  -35.7212  -35.7211  -35.0257  -35.0257  -35.0255  -35.0254  -35.0045  -35.0045  -35.0044  -35.0044  -34.9909  -34.9908  -34.9908  -34.9907  -24.2794  -24.2793  -24.2783  -24.2726  -24.2403  -24.2401  -24.2381  -24.2377  -21.3312  -21.3303  -21.3280  -21.3162  -21.3052  -21.2963  -21.2958  -21.2950  -21.2715  -21.2693  -21.2675  -21.2667  -11.9502  -11.9309  -10.4134  -10.3919   -9.8133   -9.7734   -8.2400   -8.2117   -3.9717   -3.3869   -3.0911   -2.6587   -2.4748   -2.2143   -2.0354   -1.8843   -1.7580   -1.7046   -0.7046   -0.5204    1.2521    1.4727    1.6502    1.6842    1.8587    2.4365    2.6466    3.2232    3.2628    3.5292    3.6757    3.7317    4.6369    4.6458    5.0976    5.1088    5.7585
  2.7016  -35.7478  -35.7477  -35.7477  -35.7476  -35.7212  -35.7212  -35.7212  -35.7211  -35.0256  -35.0256  -35.0255  -35.0254  -35.0045  -35.0045  -35.0044  -35.0044  -34.9908  -34.9908  -34.9908  -34.9907  -24.2792  -24.2791  -24.2776  -24.2723  -24.2404  -24.2401  -24.2381  -24.2378  -21.3308  -21.3300  -21.3268  -21.3154  -21.3059  -21.2968  -21.2961  -21.2952  -21.2709  -21.2687  -21.2674  -21.2665  -11.8356  -11.8151  -10.3010  -10.2830   -9.9083   -9.8629   -8.3338   -8.3058   -4.0141   -3.4317   -3.1937   -2.6316   -2.5735   -2.3846   -1.9661   -1.9057   -1.8919   -1.8235   -0.7670   -0.5653    1.3095    1.4310    1.7239    1.7566    1.8152    2.4756    2.6552    3.2054    3.2796    3.5540    3.6131    3.7008    4.7300    4.7541    5.2275    5.2379    5.7956
  2.7428  -35.7477  -35.7477  -35.7477  -35.7476  -35.7212  -35.7212  -35.7212  -35.7212  -35.0256  -35.0256  -35.0255  -35.0254  -35.0045  -35.0044  -35.0044  -35.0044  -34.9908  -34.9908  -34.9908  -34.9907  -24.2791  -24.2788  -24.2769  -24.2722  -24.2404  -24.2401  -24.2381  -24.2378  -21.3306  -21.3298  -21.3257  -21.3150  -21.3063  -21.2975  -21.2962  -21.2953  -21.2702  -21.2682  -21.2672  -21.2663  -11.7133  -11.6918  -10.1979  -10.1890   -9.9981   -9.9397   -8.4404   -8.4128   -4.0354   -3.4549   -3.2735   -2.6559   -2.6251   -2.5386   -2.0830   -1.9206   -1.9087   -1.8615   -0.8392   -0.6236    1.3821    1.4155    1.7873    1.7998    1.8504    2.5171    2.6465    3.1676    3.2903    3.5283    3.5439    3.6298    4.8288    4.8719    5.3676    5.3777    5.8459
  2.7840  -35.7477  -35.7477  -35.7477  -35.7476  -35.7212  -35.7212  -35.7211  -35.7211  -35.0256  -35.0255  -35.0255  -35.0254  -35.0045  -35.0044  -35.0044  -35.0044  -34.9908  -34.9907  -34.9907  -34.9907  -24.2789  -24.2786  -24.2762  -24.2721  -24.2404  -24.2401  -24.2381  -24.2378  -21.3304  -21.3297  -21.3246  -21.3151  -21.3062  -21.2982  -21.2962  -21.2953  -21.2696  -21.2676  -21.2671  -21.2662  -11.5840  -11.5617  -10.1957  -10.1878   -9.9880   -9.9282   -8.5591   -8.5317   -4.0342   -3.4542   -3.3350   -2.7579   -2.6471   -2.6336   -2.2732   -2.0007   -1.8824   -1.7740   -0.9211   -0.6954    1.4261    1.4682    1.8116    1.8632    1.9340    2.5534    2.6176    3.1239    3.2866    3.4343    3.5027    3.5363    4.9365    4.9974    5.5157    5.5267    5.9173
  2.8252  -35.7477  -35.7477  -35.7477  -35.7476  -35.7212  -35.7212  -35.7211  -35.7211  -35.0255  -35.0255  -35.0254  -35.0254  -35.0045  -35.0045  -35.0044  -35.0044  -34.9908  -34.9907  -34.9907  -34.9907  -24.2787  -24.2785  -24.2755  -24.2722  -24.2404  -24.2401  -24.2381  -24.2379  -21.3303  -21.3297  -21.3235  -21.3156  -21.3056  -21.2989  -21.2961  -21.2953  -21.2690  -21.2672  -21.2669  -21.2661  -11.4486  -11.4256  -10.3032  -10.2869   -9.8688   -9.8210   -8.6885   -8.6608   -4.0105   -3.4288   -3.3877   -2.8783   -2.6956   -2.6609   -2.4580   -2.0990   -1.8243   -1.6699   -1.0119   -0.7798    1.4605    1.5631    1.8479    1.9410    2.0069    2.5666    2.5772    3.0897    3.2510    3.3467    3.4167    3.4679    5.0537    5.1306    5.6701    5.6842    6.0190
  2.8663  -35.7477  -35.7477  -35.7477  -35.7476  -35.7212  -35.7211  -35.7211  -35.7211  -35.0255  -35.0255  -35.0254  -35.0254  -35.0045  -35.0045  -35.0044  -35.0044  -34.9908  -34.9907  -34.9907  -34.9907  -24.2786  -24.2784  -24.2749  -24.2723  -24.2404  -24.2401  -24.2381  -24.2379  -21.3303  -21.3298  -21.3225  -21.3164  -21.3049  -21.2997  -21.2960  -21.2953  -21.2684  -21.2669  -21.2668  -21.2660  -11.3081  -11.2847  -10.4347  -10.4144   -9.7286   -9.6860   -8.8271   -8.7984   -3.9650   -3.4467   -3.3790   -2.9708   -2.7617   -2.6632   -2.6234   -2.2014   -1.7439   -1.5587   -1.1106   -0.8753    1.5144    1.6579    1.9040    1.9978    2.0792    2.4941    2.5889    3.0747    3.1586    3.2831    3.3360    3.4160    5.1812    5.2724    5.8301    5.8509    6.1430
  2.9075  -35.7477  -35.7477  -35.7476  -35.7476  -35.7212  -35.7211  -35.7211  -35.7211  -35.0255  -35.0255  -35.0254  -35.0254  -35.0045  -35.0045  -35.0044  -35.0044  -34.9907  -34.9907  -34.9907  -34.9907  -24.2785  -24.2783  -24.2743  -24.2726  -24.2403  -24.2402  -24.2381  -24.2380  -21.3302  -21.3299  -21.3214  -21.3173  -21.3040  -21.3005  -21.2958  -21.2954  -21.2679  -21.2669  -21.2665  -21.2660  -11.1636  -11.1399  -10.5751  -10.5530   -9.5810   -9.5415   -8.9727   -8.9424   -3.8997   -3.5251   -3.3057   -3.0151   -2.8350   -2.8032   -2.6134   -2.3029   -1.6484   -1.4429   -1.2154   -0.9797    1.5821    1.7326    1.9733    2.0333    2.1437    2.4037    2.6052    3.0255    3.0797    3.2567    3.2693    3.3718    5.3198    5.4245    5.9955    6.0037    6.0276
  2.9487  -35.7477  -35.7477  -35.7476  -35.7476  -35.7212  -35.7212  -35.7211  -35.7211  -35.0255  -35.0255  -35.0254  -35.0254  -35.0045  -35.0045  -35.0044  -35.0044  -34.9907  -34.9907  -34.9907  -34.9907  -24.2784  -24.2783  -24.2738  -24.2729  -24.2403  -24.2402  -24.2381  -24.2381  -21.3301  -21.3300  -21.3204  -21.3184  -21.3031  -21.3013  -21.2957  -21.2955  -21.2675  -21.2670  -21.2663  -21.2660  -11.0164  -10.9928  -10.7204  -10.6974   -9.4293   -9.3925   -9.1230   -9.0908   -3.8172   -3.6210   -3.2106   -3.0182   -2.9462   -2.9057   -2.5586   -2.3991   -1.5439   -1.3249   -1.3242   -1.0910    1.6550    1.7551    2.0458    2.0798    2.1726    2.3029    2.6562    2.8840    3.1042    3.2051    3.2652    3.3318    5.4709    5.5889    5.8133    5.9601    6.1656
  2.9898  -35.7477  -35.7477  -35.7476  -35.7476  -35.7212  -35.7212  -35.7212  -35.7212  -35.0255  -35.0255  -35.0254  -35.0254  -35.0045  -35.0045  -35.0045  -35.0045  -34.9907  -34.9907  -34.9907  -34.9907  -24.2783  -24.2783  -24.2733  -24.2733  -24.2403  -24.2403  -24.2381  -24.2381  -21.3301  -21.3301  -21.3194  -21.3194  -21.3022  -21.3022  -21.2956  -21.2956  -21.2672  -21.2672  -21.2661  -21.2661  -10.8681  -10.8681  -10.8447  -10.8447   -9.2760   -9.2760   -9.2415   -9.2415   -3.7220   -3.7220   -3.0972   -3.0972   -2.9631   -2.9631   -2.4857   -2.4857   -1.4346   -1.4346   -1.2068   -1.2068    1.7201    1.7201    2.1000    2.1000    2.2089    2.2089    2.7544    2.7544    3.1476    3.1476    3.2945    3.2945    5.6353    5.6353    5.7673    5.7673    6.3297
