#K-Path     Band-1    Band-2    Band-3    Band-4      ...     Band-n
  0.0000  -24.2219  -24.2219  -24.2211  -24.2211  -24.1932  -24.1932  -24.1930  -24.1930  -21.2666  -21.2666  -21.2656  -21.2656  -21.2413  -21.2413  -21.2411  -21.2411  -21.2262  -21.2262  -21.2252  -21.2252  -11.4500  -11.4500  -10.6581  -10.6581   -8.3143   -8.3143   -7.1813   -7.1813   -2.8044   -2.8044   -1.7710   -1.7710   -1.7484   -1.7484   -0.9404   -0.9404   -0.4235   -0.4235   -0.3336   -0.3336    0.1159    0.1159    1.4653    1.4653    1.7282    1.7282    2.4337    2.4363
  0.0193  -24.2219  -24.2219  -24.2211  -24.2211  -24.1932  -24.1932  -24.1930  -24.1930  -21.2667  -21.2666  -21.2657  -21.2656  -21.2413  -21.2413  -21.2411  -21.2411  -21.2262  -21.2262  -21.2252  -21.2251  -11.4492  -11.4490  -10.6602  -10.6600   -8.3125   -8.3104   -7.1842   -7.1809   -2.8254   -2.7844   -1.7909   -1.7904   -1.7467   -1.7179   -0.9409   -0.9365   -0.5158   -0.3996   -0.3177   -0.2771    0.1126    0.1261    1.4556    1.4725    1.7248    1.7304    2.4193    2.4521
  0.0385  -24.2219  -24.2219  -24.2212  -24.2211  -24.1933  -24.1932  -24.1931  -24.1930  -21.2667  -21.2666  -21.2657  -21.2656  -21.2413  -21.2413  -21.2411  -21.2411  -21.2262  -21.2261  -21.2252  -21.2251  -11.4463  -11.4460  -10.6664  -10.6661   -8.3051   -8.3008   -7.1897   -7.1832   -2.8467   -2.7655   -1.8422   -1.8059   -1.7183   -1.7003   -0.9379   -0.9292   -0.6071   -0.4462   -0.2331   -0.2157    0.1155    0.1472    1.4437    1.4771    1.7202    1.7312    2.4024    2.4659
  0.0578  -24.2219  -24.2218  -24.2212  -24.2211  -24.1933  -24.1932  -24.1931  -24.1930  -21.2667  -21.2665  -21.2657  -21.2655  -21.2414  -21.2413  -21.2412  -21.2411  -21.2262  -21.2261  -21.2253  -21.2251  -11.4415  -11.4410  -10.6766  -10.6761   -8.2922   -8.2857   -7.1977   -7.1880   -2.8681   -2.7482   -1.9021   -1.8156   -1.6963   -1.6866   -0.9314   -0.9186   -0.6927   -0.4909   -0.1623   -0.1561    0.1276    0.1875    1.4299    1.4790    1.7143    1.7304    2.3871    2.4816
  0.0771  -24.2219  -24.2218  -24.2212  -24.2211  -24.1933  -24.1932  -24.1931  -24.1930  -21.2667  -21.2665  -21.2658  -21.2655  -21.2414  -21.2413  -21.2412  -21.2411  -21.2262  -21.2261  -21.2253  -21.2251  -11.4348  -11.4341  -10.6905  -10.6898   -8.2740   -8.2654   -7.2082   -7.1954   -2.8889   -2.7325   -1.9681   -1.8199   -1.7061   -1.6519   -0.9214   -0.9048   -0.7709   -0.5319   -0.1160   -0.1071    0.1561    0.2535    1.4143    1.4783    1.7072    1.7278    2.3720    2.4965
  0.0964  -24.2219  -24.2218  -24.2212  -24.2211  -24.1933  -24.1932  -24.1931  -24.1930  -21.2667  -21.2665  -21.2658  -21.2655  -21.2414  -21.2412  -21.2412  -21.2411  -21.2263  -21.2260  -21.2253  -21.2251  -11.4262  -11.4253  -10.7079  -10.7070   -8.2509   -8.2401   -7.2213   -7.2055   -2.9087   -2.7186   -2.0386   -1.8186   -1.7293   -1.6150   -0.9078   -0.8879   -0.8409   -0.5697   -0.0934   -0.0769    0.2079    0.3433    1.3973    1.4751    1.6991    1.7234    2.3569    2.5113
  0.1156  -24.2219  -24.2218  -24.2213  -24.2211  -24.1933  -24.1931  -24.1931  -24.1930  -21.2667  -21.2664  -21.2658  -21.2655  -21.2414  -21.2412  -21.2412  -21.2411  -21.2263  -21.2260  -21.2254  -21.2251  -11.4156  -11.4146  -10.7285  -10.7274   -8.2232   -8.2103   -7.2370   -7.2183   -2.9272   -2.7061   -2.1118   -1.8120   -1.7645   -1.5761   -0.9029   -0.8906   -0.8680   -0.6052   -0.0873   -0.0659    0.2818    0.4482    1.3793    1.4694    1.6903    1.7170    2.3411    2.5231
  0.1349  -24.2219  -24.2217  -24.2213  -24.2211  -24.1933  -24.1931  -24.1931  -24.1930  -21.2667  -21.2664  -21.2659  -21.2655  -21.2414  -21.2412  -21.2412  -21.2411  -21.2263  -21.2259  -21.2254  -21.2251  -11.4032  -11.4021  -10.7518  -10.7506   -8.1915   -8.1765   -7.2551   -7.2338   -2.9438   -2.6949   -2.1864   -1.8098   -1.8002   -1.5360   -0.9578   -0.8698   -0.8451   -0.6391   -0.0916   -0.0684    0.3709    0.5602    1.3607    1.4616    1.6816    1.7091    2.3247    2.5339
  0.1542  -24.2219  -24.2217  -24.2213  -24.2211  -24.1933  -24.1931  -24.1931  -24.1930  -21.2667  -21.2663  -21.2659  -21.2655  -21.2414  -21.2412  -21.2412  -21.2411  -21.2263  -21.2259  -21.2255  -21.2251  -11.3889  -11.3877  -10.7776  -10.7762   -8.1560   -8.1390   -7.2759   -7.2521   -2.9582   -2.6844   -2.2610   -1.8628   -1.7838   -1.4949   -1.0067   -0.8455   -0.8194   -0.6721   -0.1024   -0.0794    0.4687    0.6739    1.3418    1.4520    1.6745    1.7001    2.3068    2.5415
  0.1735  -24.2219  -24.2217  -24.2214  -24.2211  -24.1933  -24.1932  -24.1931  -24.1930  -21.2667  -21.2663  -21.2660  -21.2655  -21.2414  -21.2412  -21.2412  -21.2411  -21.2263  -21.2259  -21.2255  -21.2251  -11.3729  -11.3715  -10.8055  -10.8040   -8.1174   -8.0983   -7.2991   -7.2730   -2.9700   -2.6742   -2.3347   -1.9210   -1.7631   -1.4534   -1.0511   -0.8179   -0.7911   -0.7046   -0.1179   -0.0960    0.5708    0.7848    1.3229    1.4409    1.6712    1.6907    2.2872    2.5525
  0.1927  -24.2219  -24.2216  -24.2214  -24.2211  -24.1933  -24.1932  -24.1931  -24.1929  -21.2667  -21.2662  -21.2660  -21.2655  -21.2414  -21.2412  -21.2412  -21.2411  -21.2262  -21.2258  -21.2256  -21.2251  -11.3550  -11.3535  -10.8350  -10.8334   -8.0762   -8.0551   -7.3248   -7.2967   -2.9789   -2.6636   -2.4065   -1.9824   -1.7387   -1.4116   -1.0924   -0.7870   -0.7603   -0.7371   -0.1370   -0.1169    0.6742    0.8884    1.3044    1.4285    1.6747    1.6822    2.2649    2.5439
  0.2120  -24.2219  -24.2216  -24.2214  -24.2211  -24.1933  -24.1932  -24.1931  -24.1929  -21.2666  -21.2661  -21.2661  -21.2655  -21.2414  -21.2413  -21.2412  -21.2411  -21.2262  -21.2258  -21.2256  -21.2251  -11.3355  -11.3338  -10.8659  -10.8641   -8.0327   -8.0097   -7.3531   -7.3232   -2.9846   -2.6521   -2.4757   -2.0450   -1.7112   -1.3700   -1.1317   -0.7699   -0.7531   -0.7273   -0.1592   -0.1412    0.7763    0.9802    1.2867    1.4153    1.6760    1.6890    2.2395    2.5387
  0.2313  -24.2219  -24.2216  -24.2215  -24.2211  -24.1933  -24.1932  -24.1931  -24.1929  -21.2666  -21.2661  -21.2661  -21.2655  -21.2414  -21.2413  -21.2412  -21.2411  -21.2262  -21.2257  -21.2257  -21.2252  -11.3143  -11.3125  -10.8978  -10.8959   -7.9875   -7.9627   -7.3837   -7.3523   -2.9867   -2.6390   -2.5416   -2.1073   -1.6811   -1.3286   -1.1697   -0.8031   -0.7166   -0.6923   -0.1841   -0.1683    0.8745    1.0557    1.2700    1.4015    1.6736    1.7183    2.2104    2.5277
  0.2505  -24.2219  -24.2215  -24.2215  -24.2212  -24.1933  -24.1932  -24.1930  -24.1929  -21.2666  -21.2662  -21.2660  -21.2655  -21.2414  -21.2413  -21.2412  -21.2411  -21.2262  -21.2257  -21.2257  -21.2252  -11.2915  -11.2896  -10.9304  -10.9284   -7.9410   -7.9144   -7.4168   -7.3841   -2.9849   -2.6238   -2.6038   -2.1681   -1.6488   -1.2876   -1.2071   -0.8369   -0.6779   -0.6556   -0.2116   -0.1981    0.9664    1.1120    1.2547    1.3873    1.6772    1.7649    2.1771    2.5098
  0.2698  -24.2218  -24.2215  -24.2215  -24.2212  -24.1933  -24.1932  -24.1930  -24.1929  -21.2666  -21.2662  -21.2660  -21.2655  -21.2414  -21.2413  -21.2412  -21.2411  -21.2262  -21.2258  -21.2256  -21.2252  -11.2671  -11.2652  -10.9634  -10.9613   -7.8937   -7.8655   -7.4521   -7.4185   -2.9791   -2.6619   -2.6061   -2.2266   -1.6149   -1.2471   -1.2443   -0.8713   -0.6373   -0.6174   -0.2417   -0.2302    1.0493    1.1497    1.2411    1.3729    1.6888    1.8278    2.1392    2.4852
  0.2891  -24.2218  -24.2216  -24.2214  -24.2212  -24.1933  -24.1932  -24.1930  -24.1929  -21.2665  -21.2662  -21.2659  -21.2655  -21.2414  -21.2413  -21.2412  -21.2411  -21.2261  -21.2258  -21.2256  -21.2252  -11.2413  -11.2393  -10.9965  -10.9944   -7.8460   -7.8163   -7.4895   -7.4554   -2.9689   -2.7155   -2.5853   -2.2820   -1.5796   -1.2815   -1.2072   -0.9064   -0.5954   -0.5780   -0.2742   -0.2643    1.1207    1.1726    1.2293    1.3582    1.7103    1.9028    2.0966    2.4503
  0.3084  -24.2218  -24.2216  -24.2214  -24.2212  -24.1933  -24.1933  -24.1930  -24.1930  -21.2665  -21.2663  -21.2659  -21.2656  -21.2414  -21.2413  -21.2412  -21.2411  -21.2261  -21.2259  -21.2255  -21.2253  -11.2142  -11.2121  -11.0295  -11.0273   -7.7982   -7.7672   -7.5291   -7.4945   -2.9543   -2.7644   -2.5612   -2.3340   -1.5434   -1.3188   -1.1677   -0.9420   -0.5528   -0.5379   -0.3090   -0.3002    1.1793    1.1856    1.2195    1.3430    1.7425    1.9844    2.0494    2.4074
  0.3276  -24.2218  -24.2216  -24.2214  -24.2213  -24.1933  -24.1933  -24.1930  -24.1930  -21.2665  -21.2663  -21.2658  -21.2656  -21.2414  -21.2414  -21.2412  -21.2412  -21.2261  -21.2259  -21.2255  -21.2253  -11.1858  -11.1836  -11.0622  -11.0599   -7.7508   -7.7186   -7.5705   -7.5359   -2.9349   -2.8084   -2.5334   -2.3820   -1.5065   -1.3563   -1.1288   -0.9783   -0.5099   -0.4973   -0.3461   -0.3377    1.1928    1.2117    1.2252    1.3268    1.7847    1.9982    2.0678    2.3554
  0.3469  -24.2217  -24.2217  -24.2213  -24.2213  -24.1933  -24.1933  -24.1930  -24.1930  -21.2664  -21.2664  -21.2658  -21.2657  -21.2414  -21.2414  -21.2412  -21.2412  -21.2260  -21.2259  -21.2254  -21.2253  -11.1563  -11.1541  -11.0943  -11.0921   -7.7040   -7.6708   -7.6136   -7.5792   -2.9107   -2.8475   -2.5017   -2.4261   -1.4692   -1.3939   -1.0904   -1.0151   -0.4673   -0.4567   -0.3850   -0.3765    1.1973    1.2057    1.2603    1.3087    1.8345    1.9440    2.1490    2.2944
  0.3662  -24.2217  -24.2217  -24.2213  -24.2213  -24.1933  -24.1933  -24.1930  -24.1930  -21.2664  -21.2664  -21.2657  -21.2657  -21.2414  -21.2414  -21.2412  -21.2412  -21.2260  -21.2260  -21.2254  -21.2254  -11.1257  -11.1257  -11.1235  -11.1235   -7.6582   -7.6582   -7.6243   -7.6243   -2.8816   -2.8816   -2.4660   -2.4660   -1.4316   -1.4316   -1.0525   -1.0525   -0.4256   -0.4256   -0.4163   -0.4163    1.2012    1.2012    1.2872    1.2872    1.8886    1.8886    2.2252    2.2252
  0.3662  -24.2217  -24.2217  -24.2213  -24.2213  -24.1933  -24.1933  -24.1930  -24.1930  -21.2664  -21.2664  -21.2657  -21.2657  -21.2414  -21.2414  -21.2412  -21.2412  -21.2260  -21.2260  -21.2254  -21.2254  -11.1257  -11.1257  -11.1235  -11.1235   -7.6582   -7.6582   -7.6243   -7.6243   -2.8816   -2.8816   -2.4660   -2.4660   -1.4316   -1.4316   -1.0525   -1.0525   -0.4256   -0.4256   -0.4163   -0.4163    1.2012    1.2012    1.2872    1.2872    1.8886    1.8886    2.2252    2.2252
  0.4050  -24.2217  -24.2217  -24.2213  -24.2213  -24.1933  -24.1933  -24.1930  -24.1930  -21.2664  -21.2664  -21.2656  -21.2656  -21.2415  -21.2415  -21.2411  -21.2411  -21.2260  -21.2260  -21.2254  -21.2254  -11.1215  -11.1215  -11.1192  -11.1192   -7.6602   -7.6602   -7.6260   -7.6260   -2.8796   -2.8796   -2.4626   -2.4626   -1.4534   -1.4534   -1.0760   -1.0760   -0.4635   -0.4635   -0.4131   -0.4131    1.2110    1.2110    1.3502    1.3502    1.8822    1.8822    2.2330    2.2330
  0.4438  -24.2217  -24.2217  -24.2212  -24.2212  -24.1933  -24.1933  -24.1929  -24.1929  -21.2664  -21.2664  -21.2653  -21.2653  -21.2418  -21.2418  -21.2410  -21.2410  -21.2260  -21.2260  -21.2253  -21.2253  -11.1089  -11.1089  -11.1065  -11.1065   -7.6662   -7.6662   -7.6312   -7.6312   -2.8738   -2.8738   -2.4525   -2.4525   -1.5183   -1.5183   -1.1453   -1.1453   -0.5232   -0.5232   -0.4398   -0.4398    1.2683    1.2683    1.4840    1.4840    1.8646    1.8646    2.2568    2.2568
  0.4826  -24.2217  -24.2217  -24.2210  -24.2210  -24.1934  -24.1934  -24.1929  -24.1929  -21.2664  -21.2664  -21.2650  -21.2650  -21.2421  -21.2421  -21.2410  -21.2410  -21.2259  -21.2259  -21.2252  -21.2252  -11.0880  -11.0880  -11.0854  -11.0854   -7.6765   -7.6765   -7.6403   -7.6403   -2.8650   -2.8650   -2.4362   -2.4362   -1.6232   -1.6232   -1.2550   -1.2550   -0.5855   -0.5855   -0.4801   -0.4801    1.3589    1.3589    1.6288    1.6288    1.8482    1.8482    2.2964    2.2964
  0.5214  -24.2217  -24.2217  -24.2208  -24.2208  -24.1934  -24.1934  -24.1929  -24.1929  -21.2662  -21.2662  -21.2645  -21.2645  -21.2424  -21.2424  -21.2411  -21.2411  -21.2258  -21.2258  -21.2251  -21.2251  -11.0590  -11.0590  -11.0561  -11.0561   -7.6914   -7.6914   -7.6538   -7.6538   -2.8546   -2.8546   -2.4145   -2.4145   -1.7580   -1.7580   -1.3943   -1.3943   -0.6442   -0.6442   -0.5166   -0.5166    1.4354    1.4354    1.7045    1.7045    1.8887    1.8887    2.3430    2.3449
  0.5603  -24.2217  -24.2217  -24.2206  -24.2206  -24.1935  -24.1935  -24.1928  -24.1928  -21.2660  -21.2660  -21.2641  -21.2641  -21.2428  -21.2428  -21.2412  -21.2412  -21.2257  -21.2257  -21.2249  -21.2249  -11.0221  -11.0221  -11.0189  -11.0189   -7.7114   -7.7114   -7.6723   -7.6723   -2.8450   -2.8450   -2.3890   -2.3890   -1.9078   -1.9078   -1.5497   -1.5497   -0.6971   -0.6971   -0.5462   -0.5462    1.4487    1.4487    1.6936    1.6936    1.9925    1.9925    2.3730    2.3737
  0.5991  -24.2216  -24.2216  -24.2204  -24.2204  -24.1935  -24.1935  -24.1928  -24.1928  -21.2658  -21.2658  -21.2636  -21.2636  -21.2432  -21.2432  -21.2413  -21.2413  -21.2255  -21.2255  -21.2247  -21.2247  -10.9776  -10.9776  -10.9743  -10.9743   -7.7371   -7.7371   -7.6965   -7.6965   -2.8398   -2.8398   -2.3631   -2.3631   -2.0559   -2.0559   -1.7076   -1.7076   -0.7454   -0.7454   -0.5730   -0.5730    1.3913    1.3913    1.6506    1.6506    2.0794    2.0794    2.3908    2.3908
  0.6379  -24.2215  -24.2215  -24.2202  -24.2202  -24.1935  -24.1935  -24.1928  -24.1928  -21.2655  -21.2655  -21.2631  -21.2631  -21.2436  -21.2436  -21.2415  -21.2415  -21.2254  -21.2254  -21.2245  -21.2245  -10.9261  -10.9261  -10.9226  -10.9226   -7.7690   -7.7690   -7.7272   -7.7272   -2.8443   -2.8443   -2.3477   -2.3477   -2.1813   -2.1813   -1.8547   -1.8547   -0.7923   -0.7923   -0.6024   -0.6024    1.2950    1.2950    1.5754    1.5754    2.1290    2.1290    2.4238    2.4238
  0.6767  -24.2213  -24.2213  -24.2200  -24.2200  -24.1935  -24.1935  -24.1927  -24.1927  -21.2652  -21.2652  -21.2626  -21.2626  -21.2440  -21.2440  -21.2417  -21.2417  -21.2252  -21.2252  -21.2242  -21.2242  -10.8681  -10.8681  -10.8645  -10.8645   -7.8074   -7.8074   -7.7650   -7.7650   -2.8643   -2.8643   -2.3788   -2.3788   -2.2451   -2.2451   -1.9762   -1.9762   -0.8408   -0.8408   -0.6386   -0.6386    1.1857    1.1857    1.4786    1.4786    2.1536    2.1536    2.4614    2.4615
  0.7155  -24.2212  -24.2212  -24.2199  -24.2199  -24.1935  -24.1935  -24.1927  -24.1927  -21.2648  -21.2648  -21.2621  -21.2621  -21.2443  -21.2443  -21.2419  -21.2419  -21.2249  -21.2249  -21.2239  -21.2239  -10.8044  -10.8044  -10.8007  -10.8007   -7.8526   -7.8526   -7.8101   -7.8101   -2.9027   -2.9027   -2.4523   -2.4523   -2.2614   -2.2614   -2.0529   -2.0529   -0.8920   -0.8920   -0.6846   -0.6846    1.0785    1.0785    1.3759    1.3759    2.1664    2.1664    2.4891    2.4893
  0.7543  -24.2210  -24.2210  -24.2197  -24.2197  -24.1935  -24.1935  -24.1927  -24.1927  -21.2644  -21.2644  -21.2617  -21.2617  -21.2446  -21.2446  -21.2421  -21.2421  -21.2246  -21.2246  -21.2237  -21.2237  -10.7360  -10.7360  -10.7324  -10.7324   -7.9042   -7.9042   -7.8625   -7.8625   -2.9542   -2.9542   -2.5253   -2.5253   -2.2863   -2.2863   -2.0756   -2.0756   -0.9454   -0.9454   -0.7412   -0.7412    0.9823    0.9823    1.2773    1.2773    2.1729    2.1729    2.5054    2.5056
  0.7931  -24.2208  -24.2208  -24.2195  -24.2195  -24.1935  -24.1935  -24.1927  -24.1927  -21.2641  -21.2641  -21.2614  -21.2614  -21.2449  -21.2449  -21.2424  -21.2424  -21.2244  -21.2244  -21.2234  -21.2234  -10.6642  -10.6642  -10.6607  -10.6607   -7.9616   -7.9616   -7.9216   -7.9216   -3.0080   -3.0080   -2.5917   -2.5917   -2.3153   -2.3153   -2.0678   -2.0678   -0.9979   -0.9979   -0.8063   -0.8063    0.9014    0.9014    1.1865    1.1865    2.1764    2.1765    2.5141    2.5150
  0.8320  -24.2206  -24.2206  -24.2194  -24.2194  -24.1935  -24.1935  -24.1927  -24.1927  -21.2637  -21.2637  -21.2612  -21.2612  -21.2450  -21.2450  -21.2426  -21.2426  -21.2241  -21.2241  -21.2232  -21.2232  -10.5905  -10.5905  -10.5871  -10.5871   -8.0235   -8.0235   -7.9860   -7.9860   -3.0539   -3.0539   -2.6497   -2.6497   -2.3400   -2.3400   -2.0555   -2.0555   -1.0454   -1.0454   -0.8752   -0.8752    0.8366    0.8366    1.1037    1.1037    2.1805    2.1805    2.5192    2.5193
  0.8708  -24.2204  -24.2204  -24.2193  -24.2193  -24.1935  -24.1935  -24.1928  -24.1928  -21.2634  -21.2634  -21.2611  -21.2611  -21.2451  -21.2451  -21.2429  -21.2429  -21.2238  -21.2238  -21.2230  -21.2230  -10.5168  -10.5168  -10.5138  -10.5138   -8.0878   -8.0878   -8.0538   -8.0538   -3.0854   -3.0854   -2.6975   -2.6975   -2.3627   -2.3627   -2.0524   -2.0524   -1.0834   -1.0834   -0.9410   -0.9410    0.7861    0.7861    1.0274    1.0274    2.1889    2.1889    2.5256    2.5262
  0.9096  -24.2202  -24.2202  -24.2192  -24.2192  -24.1934  -24.1934  -24.1928  -24.1928  -21.2631  -21.2631  -21.2611  -21.2611  -21.2451  -21.2451  -21.2431  -21.2431  -21.2235  -21.2235  -21.2228  -21.2228  -10.4457  -10.4457  -10.4430  -10.4430   -8.1518   -8.1518   -8.1221   -8.1221   -3.0999   -3.0999   -2.7353   -2.7353   -2.3856   -2.3856   -2.0656   -2.0656   -1.1087   -1.1087   -0.9968   -0.9968    0.7472    0.7472    0.9562    0.9562    2.2054    2.2054    2.5365    2.5365
  0.9484  -24.2200  -24.2200  -24.2192  -24.2192  -24.1934  -24.1934  -24.1929  -24.1929  -21.2628  -21.2628  -21.2611  -21.2611  -21.2450  -21.2450  -21.2434  -21.2434  -21.2232  -21.2232  -21.2226  -21.2226  -10.3801  -10.3801  -10.3778  -10.3778   -8.2121   -8.2121   -8.1873   -8.1873   -3.0965   -3.0965   -2.7673   -2.7673   -2.4057   -2.4057   -2.0978   -2.0978   -1.1210   -1.1210   -1.0383   -1.0383    0.7180    0.7180    0.8899    0.8899    2.2327    2.2327    2.5525    2.5779
  0.9872  -24.2198  -24.2198  -24.2192  -24.2192  -24.1933  -24.1933  -24.1929  -24.1929  -21.2625  -21.2625  -21.2612  -21.2612  -21.2449  -21.2449  -21.2436  -21.2436  -21.2230  -21.2230  -21.2225  -21.2225  -10.3233  -10.3233  -10.3215  -10.3215   -8.2646   -8.2646   -8.2455   -8.2455   -3.0765   -3.0765   -2.8005   -2.8005   -2.4156   -2.4156   -2.1469   -2.1469   -1.1225   -1.1225   -1.0652   -1.0652    0.6981    0.6981    0.8295    0.8295    2.2720    2.2720    2.5660    2.5661
  1.0260  -24.2196  -24.2196  -24.2192  -24.2192  -24.1932  -24.1932  -24.1930  -24.1930  -21.2622  -21.2622  -21.2613  -21.2613  -21.2447  -21.2447  -21.2438  -21.2438  -21.2228  -21.2228  -21.2224  -21.2224  -10.2791  -10.2791  -10.2778  -10.2778   -8.3053   -8.3053   -8.2922   -8.2922   -3.0420   -3.0420   -2.8412   -2.8412   -2.4074   -2.4074   -2.2073   -2.2073   -1.1169   -1.1169   -1.0811   -1.0811    0.6884    0.6884    0.7771    0.7771    2.3225    2.3225    2.5549    2.5550
  1.0648  -24.2195  -24.2195  -24.2193  -24.2193  -24.1932  -24.1932  -24.1930  -24.1930  -21.2620  -21.2620  -21.2615  -21.2615  -21.2445  -21.2445  -21.2441  -21.2441  -21.2226  -21.2226  -21.2224  -21.2224  -10.2507  -10.2507  -10.2500  -10.2500   -8.3302   -8.3302   -8.3235   -8.3235   -2.9964   -2.9964   -2.8903   -2.8903   -2.3780   -2.3780   -2.2711   -2.2711   -1.1084   -1.1084   -1.0912   -1.0912    0.6906    0.6906    0.7352    0.7352    2.3821    2.3824    2.5090    2.5100
  1.1037  -24.2194  -24.2194  -24.2194  -24.2194  -24.1931  -24.1931  -24.1931  -24.1931  -21.2618  -21.2618  -21.2618  -21.2618  -21.2443  -21.2443  -21.2443  -21.2443  -21.2225  -21.2225  -21.2225  -21.2225  -10.2407  -10.2407  -10.2407  -10.2407   -8.3366   -8.3366   -8.3366   -8.3366   -2.9440   -2.9440   -2.9440   -2.9440   -2.3305   -2.3305   -2.3305   -2.3305   -1.0996   -1.0996   -1.0996   -1.0996    0.7061    0.7061    0.7061    0.7061    2.4466    2.4466    2.4466    2.4467
  1.1037  -24.2194  -24.2194  -24.2194  -24.2194  -24.1931  -24.1931  -24.1931  -24.1931  -21.2618  -21.2618  -21.2618  -21.2618  -21.2443  -21.2443  -21.2443  -21.2443  -21.2225  -21.2225  -21.2225  -21.2225  -10.2407  -10.2407  -10.2407  -10.2407   -8.3366   -8.3366   -8.3366   -8.3366   -2.9440   -2.9440   -2.9440   -2.9440   -2.3305   -2.3305   -2.3305   -2.3305   -1.0996   -1.0996   -1.0996   -1.0996    0.7061    0.7061    0.7061    0.7061    2.4466    2.4466    2.4466    2.4468
  1.1229  -24.2194  -24.2194  -24.2193  -24.2193  -24.1931  -24.1931  -24.1931  -24.1931  -21.2619  -21.2619  -21.2616  -21.2616  -21.2444  -21.2444  -21.2442  -21.2442  -21.2225  -21.2225  -21.2225  -21.2225  -10.2411  -10.2411  -10.2405  -10.2405   -8.3383   -8.3383   -8.3345   -8.3345   -2.9702   -2.9702   -2.9190   -2.9190   -2.3574   -2.3574   -2.3052   -2.3052   -1.1060   -1.1060   -1.0934   -1.0934    0.6966    0.6966    0.7256    0.7256    2.4248    2.4249    2.4662    2.4665
  1.1422  -24.2195  -24.2195  -24.2193  -24.2193  -24.1932  -24.1932  -24.1931  -24.1931  -21.2620  -21.2620  -21.2615  -21.2615  -21.2445  -21.2445  -21.2441  -21.2441  -21.2225  -21.2225  -21.2225  -21.2225  -10.2416  -10.2416  -10.2404  -10.2404   -8.3395   -8.3395   -8.3319   -8.3319   -2.9972   -2.9972   -2.8954   -2.8954   -2.3854   -2.3854   -2.2817   -2.2817   -1.1126   -1.1126   -1.0873   -1.0873    0.6973    0.6973    0.7549    0.7549    2.4008    2.4008    2.4830    2.4830
  1.1615  -24.2196  -24.2196  -24.2192  -24.2192  -24.1932  -24.1932  -24.1930  -24.1930  -21.2622  -21.2622  -21.2613  -21.2613  -21.2446  -21.2446  -21.2441  -21.2441  -21.2226  -21.2226  -21.2224  -21.2224  -10.2422  -10.2422  -10.2405  -10.2405   -8.3402   -8.3402   -8.3289   -8.3289   -3.0249   -3.0249   -2.8734   -2.8734   -2.4139   -2.4139   -2.2604   -2.2604   -1.1193   -1.1193   -1.0811   -1.0811    0.7080    0.7080    0.7936    0.7936    2.3752    2.3752    2.4970    2.4971
  1.1807  -24.2196  -24.2196  -24.2192  -24.2192  -24.1932  -24.1932  -24.1930  -24.1930  -21.2623  -21.2623  -21.2611  -21.2611  -21.2447  -21.2447  -21.2440  -21.2440  -21.2226  -21.2226  -21.2224  -21.2224  -10.2429  -10.2429  -10.2406  -10.2406   -8.3405   -8.3405   -8.3255   -8.3255   -3.0528   -3.0528   -2.8535   -2.8535   -2.4424   -2.4424   -2.2415   -2.2415   -1.1260   -1.1260   -1.0748   -1.0748    0.7285    0.7285    0.8408    0.8408    2.3482    2.3486    2.5085    2.5119
  1.2000  -24.2197  -24.2197  -24.2191  -24.2191  -24.1932  -24.1932  -24.1930  -24.1930  -21.2624  -21.2624  -21.2610  -21.2610  -21.2447  -21.2447  -21.2439  -21.2439  -21.2226  -21.2226  -21.2224  -21.2224  -10.2438  -10.2438  -10.2410  -10.2410   -8.3404   -8.3404   -8.3218   -8.3218   -3.0808   -3.0808   -2.8359   -2.8359   -2.4701   -2.4701   -2.2252   -2.2252   -1.1325   -1.1325   -1.0682   -1.0682    0.7581    0.7581    0.8959    0.8959    2.3201    2.3202    2.5161    2.5168
  1.2193  -24.2197  -24.2197  -24.2190  -24.2190  -24.1932  -24.1932  -24.1930  -24.1930  -21.2626  -21.2626  -21.2608  -21.2608  -21.2448  -21.2448  -21.2439  -21.2439  -21.2226  -21.2226  -21.2224  -21.2224  -10.2447  -10.2447  -10.2414  -10.2414   -8.3400   -8.3400   -8.3179   -8.3179   -3.1085   -3.1085   -2.8211   -2.8211   -2.4965   -2.4965   -2.2115   -2.2115   -1.1387   -1.1387   -1.0611   -1.0611    0.7962    0.7962    0.9580    0.9580    2.2916    2.2916    2.5205    2.5214
  1.2386  -24.2198  -24.2198  -24.2190  -24.2190  -24.1933  -24.1933  -24.1929  -24.1929  -21.2627  -21.2627  -21.2607  -21.2607  -21.2449  -21.2449  -21.2438  -21.2438  -21.2227  -21.2227  -21.2224  -21.2224  -10.2456  -10.2456  -10.2418  -10.2418   -8.3392   -8.3392   -8.3138   -8.3138   -3.1357   -3.1357   -2.8093   -2.8093   -2.5208   -2.5208   -2.2004   -2.2004   -1.1443   -1.1443   -1.0536   -1.0536    0.8420    0.8420    1.0260    1.0260    2.2629    2.2630    2.5232    2.5331
  1.2578  -24.2198  -24.2198  -24.2189  -24.2189  -24.1933  -24.1933  -24.1929  -24.1929  -21.2628  -21.2628  -21.2606  -21.2606  -21.2450  -21.2450  -21.2438  -21.2438  -21.2227  -21.2227  -21.2224  -21.2224  -10.2467  -10.2467  -10.2424  -10.2424   -8.3381   -8.3381   -8.3095   -8.3095   -3.1620   -3.1620   -2.8012   -2.8012   -2.5421   -2.5421   -2.1916   -2.1916   -1.1493   -1.1493   -1.0457   -1.0457    0.8945    0.8945    1.0987    1.0987    2.2347    2.2347    2.5163    2.5199
  1.2771  -24.2199  -24.2199  -24.2189  -24.2189  -24.1933  -24.1933  -24.1929  -24.1929  -21.2629  -21.2629  -21.2604  -21.2604  -21.2451  -21.2451  -21.2437  -21.2437  -21.2227  -21.2227  -21.2223  -21.2223  -10.2477  -10.2477  -10.2430  -10.2430   -8.3368   -8.3368   -8.3053   -8.3053   -3.1873   -3.1873   -2.7969   -2.7969   -2.5597   -2.5597   -2.1851   -2.1851   -1.1535   -1.1535   -1.0373   -1.0373    0.9526    0.9526    1.1750    1.1750    2.2074    2.2074    2.4982    2.5004
  1.2964  -24.2199  -24.2199  -24.2189  -24.2189  -24.1933  -24.1933  -24.1929  -24.1929  -21.2630  -21.2630  -21.2603  -21.2603  -21.2451  -21.2451  -21.2437  -21.2437  -21.2227  -21.2227  -21.2223  -21.2223  -10.2487  -10.2487  -10.2436  -10.2436   -8.3354   -8.3354   -8.3011   -8.3011   -3.2111   -3.2111   -2.7966   -2.7966   -2.5733   -2.5733   -2.1805   -2.1805   -1.1569   -1.1569   -1.0288   -1.0288    1.0151    1.0151    1.2532    1.2532    2.1817    2.1817    2.4666    2.4672
  1.3157  -24.2199  -24.2199  -24.2188  -24.2188  -24.1933  -24.1933  -24.1929  -24.1929  -21.2630  -21.2630  -21.2602  -21.2602  -21.2452  -21.2452  -21.2436  -21.2436  -21.2228  -21.2228  -21.2223  -21.2223  -10.2497  -10.2497  -10.2443  -10.2443   -8.3339   -8.3339   -8.2970   -8.2970   -3.2332   -3.2332   -2.8000   -2.8000   -2.5828   -2.5828   -2.1776   -2.1776   -1.1595   -1.1595   -1.0201   -1.0201    1.0809    1.0809    1.3315    1.3315    2.1584    2.1584    2.4315    2.4324
  1.3349  -24.2200  -24.2200  -24.2188  -24.2188  -24.1933  -24.1933  -24.1929  -24.1929  -21.2631  -21.2631  -21.2601  -21.2601  -21.2453  -21.2453  -21.2436  -21.2436  -21.2228  -21.2228  -21.2223  -21.2223  -10.2507  -10.2507  -10.2449  -10.2449   -8.3324   -8.3324   -8.2932   -8.2932   -3.2534   -3.2534   -2.8062   -2.8062   -2.5888   -2.5888   -2.1760   -2.1760   -1.1614   -1.1614   -1.0117   -1.0117    1.1486    1.1486    1.4078    1.4078    2.1385    2.1385    2.3983    2.4005
  1.3542  -24.2200  -24.2200  -24.2188  -24.2188  -24.1934  -24.1934  -24.1928  -24.1928  -21.2632  -21.2632  -21.2600  -21.2600  -21.2453  -21.2453  -21.2435  -21.2435  -21.2228  -21.2228  -21.2223  -21.2223  -10.2515  -10.2515  -10.2455  -10.2455   -8.3310   -8.3310   -8.2897   -8.2897   -3.2715   -3.2715   -2.8141   -2.8141   -2.5921   -2.5921   -2.1753   -2.1753   -1.1626   -1.1626   -1.0037   -1.0037    1.2167    1.2167    1.4790    1.4790    2.1233    2.1233    2.3683    2.3685
  1.3735  -24.2200  -24.2200  -24.2187  -24.2187  -24.1934  -24.1934  -24.1928  -24.1928  -21.2632  -21.2632  -21.2599  -21.2599  -21.2454  -21.2454  -21.2435  -21.2435  -21.2228  -21.2228  -21.2223  -21.2223  -10.2523  -10.2523  -10.2460  -10.2460   -8.3296   -8.3296   -8.2867   -8.2867   -3.2871   -3.2871   -2.8227   -2.8227   -2.5934   -2.5934   -2.1754   -2.1754   -1.1634   -1.1634   -0.9964   -0.9964    1.2836    1.2836    1.5415    1.5415    2.1147    2.1148    2.3421    2.3440
  1.3927  -24.2200  -24.2200  -24.2187  -24.2187  -24.1934  -24.1934  -24.1928  -24.1928  -21.2632  -21.2632  -21.2598  -21.2598  -21.2454  -21.2454  -21.2435  -21.2435  -21.2228  -21.2228  -21.2223  -21.2223  -10.2530  -10.2530  -10.2465  -10.2465   -8.3284   -8.3284   -8.2840   -8.2840   -3.3002   -3.3002   -2.8308   -2.8308   -2.5937   -2.5937   -2.1759   -2.1759   -1.1637   -1.1637   -0.9900   -0.9900    1.3475    1.3475    1.5910    1.5910    2.1147    2.1147    2.3205    2.3208
  1.4120  -24.2200  -24.2200  -24.2187  -24.2187  -24.1934  -24.1934  -24.1928  -24.1928  -21.2633  -21.2633  -21.2597  -21.2597  -21.2454  -21.2454  -21.2435  -21.2435  -21.2228  -21.2228  -21.2223  -21.2223  -10.2535  -10.2535  -10.2469  -10.2469   -8.3275   -8.3275   -8.2819   -8.2819   -3.3105   -3.3105   -2.8379   -2.8379   -2.5933   -2.5933   -2.1765   -2.1765   -1.1638   -1.1638   -0.9848   -0.9848    1.4060    1.4060    1.6242    1.6242    2.1239    2.1239    2.3042    2.3045
  1.4313  -24.2201  -24.2201  -24.2187  -24.2187  -24.1934  -24.1934  -24.1928  -24.1928  -21.2633  -21.2633  -21.2597  -21.2597  -21.2455  -21.2455  -21.2435  -21.2435  -21.2228  -21.2228  -21.2223  -21.2223  -10.2539  -10.2539  -10.2472  -10.2472   -8.3267   -8.3267   -8.2804   -8.2804   -3.3180   -3.3180   -2.8433   -2.8433   -2.5928   -2.5928   -2.1771   -2.1771   -1.1638   -1.1638   -0.9810   -0.9810    1.4557    1.4557    1.6404    1.6404    2.1397    2.1397    2.2936    2.2951
  1.4506  -24.2201  -24.2201  -24.2187  -24.2187  -24.1934  -24.1934  -24.1928  -24.1928  -21.2633  -21.2633  -21.2597  -21.2597  -21.2455  -21.2455  -21.2434  -21.2434  -21.2228  -21.2228  -21.2223  -21.2223  -10.2541  -10.2541  -10.2473  -10.2473   -8.3263   -8.3263   -8.2794   -8.2794   -3.3225   -3.3225   -2.8467   -2.8467   -2.5924   -2.5924   -2.1775   -2.1775   -1.1638   -1.1638   -0.9786   -0.9786    1.4914    1.4914    1.6438    1.6438    2.1550    2.1550    2.2881    2.2891
  1.4698  -24.2201  -24.2201  -24.2187  -24.2187  -24.1934  -24.1934  -24.1928  -24.1928  -21.2633  -21.2633  -21.2597  -21.2597  -21.2455  -21.2455  -21.2434  -21.2434  -21.2228  -21.2228  -21.2223  -21.2223  -10.2542  -10.2542  -10.2474  -10.2474   -8.3261   -8.3261   -8.2791   -8.2791   -3.3240   -3.3240   -2.8479   -2.8479   -2.5923   -2.5923   -2.1777   -2.1777   -1.1638   -1.1638   -0.9778   -0.9778    1.5051    1.5051    1.6431    1.6431    2.1614    2.1615    2.2867    2.2872
  1.4698  -24.2201  -24.2201  -24.2187  -24.2187  -24.1934  -24.1934  -24.1928  -24.1928  -21.2633  -21.2633  -21.2597  -21.2597  -21.2455  -21.2455  -21.2434  -21.2434  -21.2228  -21.2228  -21.2223  -21.2223  -10.2542  -10.2542  -10.2474  -10.2474   -8.3261   -8.3261   -8.2791   -8.2791   -3.3240   -3.3240   -2.8479   -2.8479   -2.5923   -2.5923   -2.1777   -2.1777   -1.1638   -1.1638   -0.9778   -0.9778    1.5051    1.5051    1.6431    1.6431    2.1614    2.1614    2.2868    2.2870
  1.5087  -24.2202  -24.2200  -24.2188  -24.2186  -24.1934  -24.1934  -24.1928  -24.1928  -21.2635  -21.2632  -21.2600  -21.2594  -21.2457  -21.2452  -21.2436  -21.2433  -21.2230  -21.2227  -21.2224  -21.2223  -10.3252  -10.3195  -10.1966  -10.1885   -8.4022   -8.3507   -8.2377   -8.1946   -3.3987   -3.2408   -2.9302   -2.7601   -2.6292   -2.5311   -2.2440   -2.0990   -1.2654   -1.0791   -1.0619   -0.8765    1.4054    1.5542    1.5627    1.7353    2.0736    2.1301    2.2460    2.3316
  1.5475  -24.2202  -24.2200  -24.2190  -24.2185  -24.1935  -24.1934  -24.1928  -24.1928  -21.2636  -21.2631  -21.2603  -21.2592  -21.2460  -21.2450  -21.2438  -21.2431  -21.2232  -21.2227  -21.2225  -21.2223  -10.4063  -10.4014  -10.1556  -10.1461   -8.4624   -8.4066   -8.1406   -8.1008   -3.4599   -3.1567   -2.9972   -2.7088   -2.5960   -2.4598   -2.2918   -2.0126   -1.3646   -1.1783   -0.9616   -0.7772    1.2856    1.4737    1.5531    1.8406    1.9407    2.0579    2.1369    2.3641
  1.5863  -24.2204  -24.2200  -24.2192  -24.2184  -24.1935  -24.1934  -24.1928  -24.1927  -21.2637  -21.2630  -21.2607  -21.2590  -21.2461  -21.2448  -21.2438  -21.2429  -21.2234  -21.2228  -21.2226  -21.2224  -10.4943  -10.4897  -10.1332  -10.1227   -8.5044   -8.4449   -8.0387   -8.0011   -3.5042   -3.0824   -3.0453   -2.6844   -2.5036   -2.3864   -2.3082   -1.9232   -1.4586   -1.2722   -0.8642   -0.6816    1.1616    1.3734    1.5295    1.8074    1.9280    2.0045    2.0142    2.4182
  1.6251  -24.2205  -24.2201  -24.2194  -24.2184  -24.1936  -24.1934  -24.1928  -24.1927  -21.2639  -21.2630  -21.2611  -21.2589  -21.2462  -21.2446  -21.2438  -21.2427  -21.2237  -21.2230  -21.2227  -21.2225  -10.5861  -10.5816  -10.1301  -10.1192   -8.5278   -8.4656   -7.9355   -7.8990   -3.5294   -3.0724   -3.0257   -2.6317   -2.4323   -2.3187   -2.2608   -1.8361   -1.5442   -1.3566   -0.7710   -0.5912    1.0395    1.2666    1.5044    1.6832    1.8987    1.9070    2.0651    2.4804
  1.6639  -24.2206  -24.2201  -24.2196  -24.2185  -24.1936  -24.1934  -24.1928  -24.1927  -21.2641  -21.2630  -21.2615  -21.2589  -21.2463  -21.2445  -21.2436  -21.2425  -21.2240  -21.2232  -21.2229  -21.2227  -10.6794  -10.6749  -10.1450  -10.1343   -8.5340   -8.4704   -7.8340   -7.7977   -3.5340   -3.0775   -2.9814   -2.5528   -2.3878   -2.2655   -2.1485   -1.7589   -1.6168   -1.4242   -0.6827   -0.5073    0.9221    1.1577    1.4908    1.5723    1.7963    1.8706    2.1487    2.5454
  1.7027  -24.2208  -24.2202  -24.2198  -24.2185  -24.1937  -24.1934  -24.1928  -24.1927  -21.2643  -21.2631  -21.2619  -21.2590  -21.2462  -21.2445  -21.2434  -21.2423  -21.2243  -21.2234  -21.2230  -21.2229  -10.7721  -10.7674  -10.1751  -10.1651   -8.5263   -8.4626   -7.7367   -7.7000   -3.5175   -3.0599   -2.9363   -2.4728   -2.3195   -2.2358   -2.0135   -1.7159   -1.6589   -1.4632   -0.5997   -0.4309    0.8114    1.0495    1.4783    1.4963    1.7108    1.8552    2.2200    2.5980
  1.7415  -24.2209  -24.2204  -24.2200  -24.2186  -24.1937  -24.1934  -24.1927  -24.1927  -21.2645  -21.2632  -21.2623  -21.2593  -21.2460  -21.2444  -21.2431  -21.2421  -21.2246  -21.2237  -21.2232  -21.2232  -10.8624  -10.8577  -10.2166  -10.2076   -8.5086   -8.4461   -7.6458   -7.6085   -3.4802   -3.0200   -2.8801   -2.4035   -2.2344   -2.2121   -1.8744   -1.7504   -1.6338   -1.4641   -0.5226   -0.3628    0.7084    0.9444    1.4042    1.5249    1.6454    1.8653    2.2753    2.6346
  1.7803  -24.2211  -24.2206  -24.2202  -24.2188  -24.1937  -24.1934  -24.1927  -24.1927  -21.2647  -21.2635  -21.2628  -21.2596  -21.2457  -21.2443  -21.2428  -21.2419  -21.2249  -21.2239  -21.2234  -21.2234  -10.9491  -10.9444  -10.2657  -10.2580   -8.4852   -8.4250   -7.5626   -7.5251   -3.4238   -2.9592   -2.8076   -2.3321   -2.2575   -2.0823   -1.7969   -1.7389   -1.6000   -1.4377   -0.4517   -0.3036    0.6138    0.8439    1.3538    1.5777    1.6036    1.9021    2.3140    2.6665
  1.8192  -24.2212  -24.2208  -24.2203  -24.2189  -24.1937  -24.1934  -24.1927  -24.1927  -21.2650  -21.2638  -21.2632  -21.2601  -21.2453  -21.2441  -21.2426  -21.2417  -21.2252  -21.2241  -21.2237  -21.2237  -11.0309  -11.0264  -10.3189  -10.3124   -8.4593   -8.4023   -7.4883   -7.4510   -3.3511   -2.8807   -2.7173   -2.2945   -2.2506   -1.9430   -1.8368   -1.6114   -1.5626   -1.4039   -0.3883   -0.2536    0.5276    0.7493    1.3304    1.5885    1.6523    1.9645    2.3370    2.6900
  1.8580  -24.2213  -24.2210  -24.2205  -24.2191  -24.1937  -24.1934  -24.1927  -24.1927  -21.2653  -21.2643  -21.2636  -21.2606  -21.2449  -21.2439  -21.2423  -21.2415  -21.2255  -21.2244  -21.2241  -21.2239  -11.1071  -11.1028  -10.3733  -10.3679   -8.4335   -8.3805   -7.4233   -7.3869   -3.2671   -2.7909   -2.6100   -2.3325   -2.1596   -1.8645   -1.7981   -1.5206   -1.4941   -1.3726   -0.3342   -0.2128    0.4489    0.6619    1.3374    1.6024    1.7426    2.0484    2.3467    2.7093
  1.8968  -24.2214  -24.2212  -24.2207  -24.2194  -24.1937  -24.1934  -24.1927  -24.1927  -21.2655  -21.2647  -21.2640  -21.2612  -21.2444  -21.2436  -21.2420  -21.2413  -21.2257  -21.2246  -21.2244  -21.2241  -11.1767  -11.1727  -10.4265  -10.4221   -8.4093   -8.3611   -7.3676   -7.3330   -3.1784   -2.7043   -2.4888   -2.3542   -2.0643   -1.8759   -1.6472   -1.4742   -1.3867   -1.3454   -0.2916   -0.1808    0.3765    0.5826    1.3763    1.6456    1.8369    2.1418    2.3493    2.7290
  1.9356  -24.2215  -24.2214  -24.2209  -24.2196  -24.1937  -24.1934  -24.1928  -24.1927  -21.2657  -21.2651  -21.2644  -21.2618  -21.2439  -21.2432  -21.2417  -21.2411  -21.2259  -21.2247  -21.2247  -21.2243  -11.2394  -11.2357  -10.4767  -10.4731   -8.3879   -8.3449   -7.3208   -7.2889   -3.0926   -2.6491   -2.3589   -2.3320   -1.9719   -1.8693   -1.4877   -1.4216   -1.3201   -1.2856   -0.2620   -0.1569    0.3087    0.5119    1.4455    1.7153    1.9155    2.2110    2.3657    2.7514
  1.9744  -24.2216  -24.2215  -24.2211  -24.2198  -24.1936  -24.1933  -24.1928  -24.1928  -21.2659  -21.2656  -21.2649  -21.2625  -21.2434  -21.2429  -21.2415  -21.2410  -21.2261  -21.2249  -21.2249  -21.2245  -11.2945  -11.2913  -10.5225  -10.5196   -8.3695   -8.3322   -7.2823   -7.2537   -3.0169   -2.6425   -2.2516   -2.2273   -1.8898   -1.8473   -1.3586   -1.3176   -1.2919   -1.1848   -0.2451   -0.1406    0.2439    0.4498    1.5383    1.8032    1.9458    2.2185    2.4058    2.6092
  2.0132  -24.2217  -24.2215  -24.2213  -24.2201  -24.1936  -24.1933  -24.1929  -24.1928  -21.2661  -21.2659  -21.2653  -21.2631  -21.2429  -21.2426  -21.2414  -21.2409  -21.2262  -21.2252  -21.2250  -21.2247  -11.3417  -11.3389  -10.5627  -10.5603   -8.3542   -8.3228   -7.2513   -7.2267   -2.9559   -2.6644   -2.1396   -2.1024   -1.8231   -1.8172   -1.2835   -1.2523   -1.1381   -1.0761   -0.2394   -0.1315    0.1815    0.3949    1.6413    1.8902    1.8967    2.1772    2.4153    2.4771
  2.0520  -24.2218  -24.2215  -24.2214  -24.2203  -24.1935  -24.1933  -24.1929  -24.1928  -21.2662  -21.2662  -21.2657  -21.2637  -21.2425  -21.2422  -21.2412  -21.2408  -21.2263  -21.2255  -21.2251  -21.2248  -11.3806  -11.3784  -10.5965  -10.5946   -8.3417   -8.3165   -7.2269   -7.2068   -2.9098   -2.6949   -2.0248   -1.9920   -1.7882   -1.7742   -1.2135   -1.1780   -0.9675   -0.9397   -0.2437   -0.1304    0.1229    0.3443    1.7328    1.7807    1.9323    2.0624    2.3971    2.4038
  2.0909  -24.2219  -24.2216  -24.2215  -24.2205  -24.1934  -24.1932  -24.1930  -24.1929  -21.2665  -21.2662  -21.2660  -21.2643  -21.2421  -21.2419  -21.2412  -21.2408  -21.2263  -21.2257  -21.2252  -21.2250  -11.4111  -11.4094  -10.6233  -10.6219   -8.3318   -8.3128   -7.2084   -7.1930   -2.8756   -2.7261   -1.9253   -1.9012   -1.7669   -1.7433   -1.1425   -1.0812   -0.8279   -0.7604   -0.2579   -0.1427    0.0753    0.2939    1.6415    1.7847    1.8866    1.8894    2.4040    2.4226
  2.1297  -24.2219  -24.2217  -24.2214  -24.2208  -24.1934  -24.1932  -24.1931  -24.1929  -21.2666  -21.2663  -21.2661  -21.2648  -21.2417  -21.2417  -21.2412  -21.2409  -21.2263  -21.2259  -21.2252  -21.2251  -11.4329  -11.4317  -10.6426  -10.6418   -8.3241   -8.3114   -7.1949   -7.1845   -2.8491   -2.7551   -1.8504   -1.8315   -1.7563   -1.7294   -1.0613   -0.9950   -0.6849   -0.5897   -0.2853   -0.1803    0.0540    0.2390    1.5216    1.7034    1.7810    1.8097    2.4125    2.4809
  2.1685  -24.2219  -24.2218  -24.2213  -24.2210  -24.1933  -24.1932  -24.1931  -24.1930  -21.2667  -21.2665  -21.2659  -21.2653  -21.2415  -21.2414  -21.2412  -21.2410  -21.2263  -21.2260  -21.2252  -21.2251  -11.4459  -11.4453  -10.6543  -10.6539   -8.3183   -8.3119   -7.1860   -7.1807   -2.8264   -2.7811   -1.8005   -1.7813   -1.7572   -1.7313   -0.9859   -0.9429   -0.5452   -0.4452   -0.3358   -0.2471    0.0695    0.1776    1.4556    1.5534    1.7420    1.7542    2.4208    2.4535
  2.2073  -24.2219  -24.2219  -24.2211  -24.2211  -24.1932  -24.1932  -24.1930  -24.1930  -21.2666  -21.2666  -21.2656  -21.2656  -21.2413  -21.2413  -21.2411  -21.2411  -21.2262  -21.2262  -21.2252  -21.2252  -11.4500  -11.4500  -10.6581  -10.6581   -8.3143   -8.3143   -7.1813   -7.1813   -2.8044   -2.8044   -1.7710   -1.7710   -1.7484   -1.7484   -0.9404   -0.9404   -0.4235   -0.4235   -0.3336   -0.3336    0.1159    0.1159    1.4653    1.4653    1.7282    1.7282    2.4337    2.4338
