#K-Path     Band-1    Band-2    Band-3    Band-4      ...     Band-n
  0.0000  -24.5270  -24.5270  -24.5237  -24.5237  -24.4950  -24.4950  -24.4949  -24.4949  -21.5768  -21.5768  -21.5713  -21.5713  -21.5493  -21.5493  -21.5459  -21.5459  -21.5298  -21.5298  -21.5252  -21.5252  -12.1640  -12.1640  -10.8335  -10.8335   -8.6936   -8.6936   -7.5771   -7.5771   -3.5164   -3.5164   -2.3756   -2.3756   -1.7741   -1.7741   -1.5783   -1.5783   -0.5764   -0.5764   -0.1829   -0.1829    0.1836    0.1836    0.9680    0.9680    1.6583    1.6583    1.9057    1.9057
  0.0219  -24.5270  -24.5270  -24.5237  -24.5237  -24.4950  -24.4950  -24.4949  -24.4949  -21.5768  -21.5767  -21.5714  -21.5713  -21.5493  -21.5493  -21.5459  -21.5459  -21.5298  -21.5297  -21.5253  -21.5252  -12.1627  -12.1623  -10.8380  -10.8373   -8.6905   -8.6874   -7.5792   -7.5759   -3.5381   -3.4953   -2.3947   -2.3505   -1.7937   -1.7636   -1.5773   -1.5740   -0.6222   -0.5495   -0.2302   -0.1944    0.1858    0.2561    0.9473    0.9826    1.6540    1.6650    1.8859    1.9324
  0.0438  -24.5270  -24.5270  -24.5237  -24.5237  -24.4951  -24.4950  -24.4949  -24.4948  -21.5768  -21.5767  -21.5715  -21.5712  -21.5494  -21.5493  -21.5459  -21.5459  -21.5299  -21.5297  -21.5254  -21.5252  -12.1585  -12.1576  -10.8510  -10.8495   -8.6782   -8.6721   -7.5822   -7.5757   -3.5599   -3.4753   -2.4073   -2.3202   -1.8234   -1.7617   -1.5710   -1.5647   -0.6817   -0.5492   -0.3166   -0.2339    0.2505    0.3672    0.9213    0.9903    1.6508    1.6750    1.8737    1.9652
  0.0658  -24.5270  -24.5270  -24.5237  -24.5237  -24.4951  -24.4950  -24.4949  -24.4948  -21.5767  -21.5766  -21.5716  -21.5712  -21.5494  -21.5492  -21.5460  -21.5460  -21.5299  -21.5296  -21.5254  -21.5252  -12.1513  -12.1501  -10.8718  -10.8697   -8.6572   -8.6480   -7.5862   -7.5765   -3.5809   -3.4564   -2.4130   -2.2853   -1.8643   -1.7679   -1.5593   -1.5505   -0.7490   -0.5929   -0.3920   -0.2793    0.3447    0.4881    0.8912    0.9909    1.6476    1.6895    1.8695    2.0032
  0.0877  -24.5269  -24.5269  -24.5238  -24.5238  -24.4952  -24.4951  -24.4949  -24.4948  -21.5767  -21.5765  -21.5717  -21.5712  -21.5494  -21.5492  -21.5461  -21.5460  -21.5299  -21.5295  -21.5255  -21.5252  -12.1412  -12.1395  -10.8998  -10.8970   -8.6283   -8.6160   -7.5912   -7.5783   -3.6006   -3.4389   -2.4118   -2.2468   -1.9171   -1.7825   -1.5422   -1.5314   -0.8180   -0.6866   -0.4328   -0.3246    0.4508    0.6054    0.8580    0.9845    1.6435    1.7103    1.8730    2.0455
  0.1096  -24.5269  -24.5269  -24.5238  -24.5238  -24.4952  -24.4951  -24.4948  -24.4947  -21.5766  -21.5763  -21.5718  -21.5711  -21.5494  -21.5491  -21.5461  -21.5461  -21.5299  -21.5294  -21.5257  -21.5253  -12.1282  -12.1261  -10.9343  -10.9309   -8.5924   -8.5770   -7.5973   -7.5812   -3.6183   -3.4223   -2.4037   -2.2052   -1.9821   -1.8058   -1.5198   -1.5077   -0.8842   -0.8034   -0.4571   -0.3690    0.5597    0.7109    0.8227    0.9719    1.6379    1.7395    1.8835    2.0912
  0.1315  -24.5268  -24.5268  -24.5239  -24.5239  -24.4952  -24.4951  -24.4948  -24.4947  -21.5765  -21.5762  -21.5719  -21.5711  -21.5494  -21.5491  -21.5462  -21.5462  -21.5298  -21.5292  -21.5258  -21.5253  -12.1122  -12.1097  -10.9743  -10.9703   -8.5505   -8.5321   -7.6047   -7.5854   -3.6331   -3.4062   -2.3891   -2.1613   -2.0588   -1.8388   -1.4921   -1.4796   -0.9449   -0.9240   -0.4787   -0.4127    0.6650    0.7862    0.7979    0.9541    1.6319    1.7802    1.9000    2.1397
  0.1534  -24.5268  -24.5267  -24.5240  -24.5239  -24.4952  -24.4952  -24.4948  -24.4947  -21.5764  -21.5760  -21.5720  -21.5712  -21.5494  -21.5490  -21.5463  -21.5463  -21.5298  -21.5291  -21.5259  -21.5254  -12.0934  -12.0905  -11.0189  -11.0144   -8.5038   -8.4823   -7.6134   -7.5911   -3.6444   -3.3899   -2.3685   -2.1460   -2.1158   -1.8823   -1.4593   -1.4474   -1.0401   -0.9994   -0.5015   -0.4558    0.7494    0.7608    0.8614    0.9324    1.6278    1.8348    1.9214    2.1901
  0.1753  -24.5267  -24.5266  -24.5240  -24.5240  -24.4953  -24.4952  -24.4947  -24.4947  -21.5762  -21.5758  -21.5721  -21.5712  -21.5493  -21.5490  -21.5464  -21.5464  -21.5297  -21.5290  -21.5261  -21.5255  -12.0717  -12.0684  -11.0672  -11.0622   -8.4532   -8.4287   -7.6236   -7.5983   -3.6515   -3.3726   -2.3424   -2.2417   -2.0691   -1.9372   -1.4218   -1.4113   -1.1478   -1.0481   -0.5262   -0.4982    0.7132    0.8413    0.8990    0.9081    1.6298    1.9043    1.9461    2.2420
  0.1973  -24.5266  -24.5265  -24.5241  -24.5241  -24.4953  -24.4952  -24.4947  -24.4946  -21.5761  -21.5756  -21.5723  -21.5712  -21.5493  -21.5489  -21.5466  -21.5465  -21.5297  -21.5288  -21.5262  -21.5256  -12.0473  -12.0436  -11.1185  -11.1131   -8.3999   -8.3724   -7.6355   -7.6073   -3.6539   -3.3533   -2.3436   -2.3116   -2.0216   -2.0037   -1.3800   -1.3718   -1.2452   -1.0924   -0.5528   -0.5393    0.6783    0.8825    0.9009    0.9118    1.6428    1.9729    1.9869    2.2945
  0.2192  -24.5265  -24.5264  -24.5242  -24.5242  -24.4953  -24.4952  -24.4947  -24.4946  -21.5759  -21.5753  -21.5724  -21.5713  -21.5492  -21.5489  -21.5467  -21.5467  -21.5296  -21.5287  -21.5264  -21.5257  -12.0200  -12.0159  -11.1719  -11.1661   -8.3448   -8.3145   -7.6493   -7.6182   -3.6508   -3.3312   -2.4494   -2.2768   -2.0810   -1.9735   -1.3344   -1.3319   -1.3292   -1.1337   -0.5809   -0.5790    0.6456    0.8567    0.9037    0.9362    1.6704    2.0003    2.0785    2.3483
  0.2411  -24.5264  -24.5263  -24.5243  -24.5243  -24.4953  -24.4953  -24.4947  -24.4946  -21.5757  -21.5751  -21.5726  -21.5714  -21.5492  -21.5488  -21.5468  -21.5468  -21.5295  -21.5285  -21.5266  -21.5258  -11.9900  -11.9856  -11.2267  -11.2207   -8.2889   -8.2558   -7.6651   -7.6314   -3.6418   -3.3055   -2.5572   -2.2386   -2.1674   -1.9251   -1.4089   -1.2858   -1.2840   -1.1738   -0.6168   -0.6102    0.6157    0.8320    0.8797    0.9480    1.7123    2.0272    2.1747    2.3998
  0.2630  -24.5263  -24.5262  -24.5244  -24.5244  -24.4954  -24.4953  -24.4946  -24.4946  -21.5755  -21.5748  -21.5727  -21.5716  -21.5491  -21.5487  -21.5470  -21.5470  -21.5293  -21.5283  -21.5268  -21.5259  -11.9574  -11.9526  -11.2825  -11.2762   -8.2329   -8.1972   -7.6831   -7.6470   -3.6263   -3.2753   -2.6649   -2.2601   -2.1976   -1.8764   -1.4777   -1.2369   -1.2351   -1.2138   -0.6527   -0.6407    0.5896    0.8093    0.8446    0.9409    1.7645    2.0522    2.2727    2.4504
  0.2849  -24.5262  -24.5261  -24.5246  -24.5245  -24.4954  -24.4953  -24.4946  -24.4946  -21.5753  -21.5745  -21.5729  -21.5717  -21.5490  -21.5486  -21.5472  -21.5471  -21.5292  -21.5282  -21.5270  -21.5261  -11.9221  -11.9170  -11.3386  -11.3321   -8.1775   -8.1395   -7.7036   -7.6653   -3.6040   -3.2401   -2.7711   -2.3566   -2.1542   -1.8274   -1.5406   -1.2547   -1.1882   -1.1831   -0.6868   -0.6724    0.5679    0.7895    0.8029    0.9212    1.8218    2.0741    2.3609    2.4968
  0.3069  -24.5260  -24.5260  -24.5247  -24.5246  -24.4954  -24.4953  -24.4946  -24.4946  -21.5751  -21.5743  -21.5731  -21.5718  -21.5489  -21.5485  -21.5474  -21.5473  -21.5291  -21.5280  -21.5272  -21.5262  -11.8844  -11.8790  -11.3946  -11.3879   -8.1233   -8.0833   -7.7268   -7.6865   -3.5745   -3.1991   -2.8743   -2.4542   -2.1089   -1.7782   -1.5992   -1.2970   -1.1387   -1.1308   -0.7198   -0.7055    0.5516    0.7580    0.7734    0.8943    1.8793    2.0917    2.4435    2.5425
  0.3288  -24.5259  -24.5258  -24.5248  -24.5248  -24.4954  -24.4954  -24.4946  -24.4945  -21.5749  -21.5740  -21.5732  -21.5720  -21.5488  -21.5484  -21.5475  -21.5474  -21.5289  -21.5278  -21.5274  -21.5264  -11.8442  -11.8385  -11.4501  -11.4434   -8.0710   -8.0292   -7.7527   -7.7108   -3.5375   -3.1520   -2.9735   -2.5507   -2.0621   -1.7288   -1.6549   -1.3410   -1.0889   -1.0791   -0.7521   -0.7401    0.5412    0.7128    0.7618    0.8647    1.9336    2.1040    2.5275    2.5877
  0.3507  -24.5258  -24.5257  -24.5250  -24.5249  -24.4954  -24.4954  -24.4946  -24.4945  -21.5747  -21.5737  -21.5734  -21.5722  -21.5487  -21.5483  -21.5477  -21.5475  -21.5287  -21.5276  -21.5276  -21.5266  -11.8016  -11.7957  -11.5048  -11.4981   -8.0209   -7.9777   -7.7817   -7.7384   -3.4929   -3.0986   -3.0676   -2.6446   -2.0140   -1.7088   -1.6792   -1.3866   -1.0395   -1.0289   -0.7849   -0.7766    0.5376    0.6699    0.7553    0.8356    1.9823    2.1100    2.5791    2.6111
  0.3726  -24.5256  -24.5256  -24.5251  -24.5250  -24.4954  -24.4954  -24.4946  -24.4945  -21.5745  -21.5736  -21.5734  -21.5724  -21.5485  -21.5482  -21.5479  -21.5477  -21.5286  -21.5278  -21.5274  -21.5267  -11.7569  -11.7507  -11.5584  -11.5517   -7.9735   -7.9292   -7.8137   -7.7694   -3.4406   -3.1560   -3.0385   -2.7345   -1.9650   -1.7615   -1.6295   -1.4336   -0.9911   -0.9810   -0.8189   -0.8152    0.5413    0.6311    0.7544    0.8092    2.0239    2.1089    2.6209    2.6831
  0.3945  -24.5255  -24.5254  -24.5252  -24.5252  -24.4954  -24.4954  -24.4945  -24.4945  -21.5743  -21.5738  -21.5732  -21.5727  -21.5484  -21.5481  -21.5481  -21.5478  -21.5284  -21.5280  -21.5273  -21.5269  -11.7100  -11.7037  -11.6106  -11.6040   -7.9289   -7.8840   -7.8489   -7.8040   -3.3805   -3.2379   -2.9719   -2.8195   -1.9151   -1.8133   -1.5799   -1.4816   -0.9441   -0.9359   -0.8560   -0.8551    0.5526    0.5980    0.7594    0.7872    2.0576    2.1001    2.6418    2.6744
  0.4164  -24.5254  -24.5254  -24.5253  -24.5253  -24.4954  -24.4954  -24.4945  -24.4945  -21.5740  -21.5740  -21.5729  -21.5729  -21.5482  -21.5482  -21.5480  -21.5480  -21.5282  -21.5282  -21.5271  -21.5271  -11.6612  -11.6612  -11.6547  -11.6547   -7.8873   -7.8873   -7.8422   -7.8422   -3.3128   -3.3128   -2.8988   -2.8988   -1.8645   -1.8645   -1.5305   -1.5305   -0.8990   -0.8990   -0.8939   -0.8939    0.5716    0.5716    0.7704    0.7704    2.0830    2.0831    2.6468    2.6627
  0.4164  -24.5254  -24.5254  -24.5253  -24.5253  -24.4954  -24.4954  -24.4945  -24.4945  -21.5740  -21.5740  -21.5729  -21.5729  -21.5482  -21.5482  -21.5480  -21.5480  -21.5282  -21.5282  -21.5271  -21.5271  -11.6612  -11.6612  -11.6547  -11.6547   -7.8873   -7.8873   -7.8422   -7.8422   -3.3128   -3.3128   -2.8988   -2.8988   -1.8645   -1.8645   -1.5305   -1.5305   -0.8990   -0.8990   -0.8939   -0.8939    0.5716    0.5716    0.7704    0.7704    2.0830    2.0830    2.6471    2.6527
  0.4553  -24.5255  -24.5255  -24.5252  -24.5252  -24.4954  -24.4954  -24.4945  -24.4945  -21.5741  -21.5741  -21.5728  -21.5728  -21.5483  -21.5483  -21.5479  -21.5479  -21.5282  -21.5282  -21.5271  -21.5271  -11.6569  -11.6569  -11.6504  -11.6504   -7.8898   -7.8898   -7.8445   -7.8445   -3.3123   -3.3123   -2.8960   -2.8960   -1.8912   -1.8912   -1.5525   -1.5525   -0.9338   -0.9338   -0.8864   -0.8864    0.6036    0.6036    0.8174    0.8174    2.0704    2.0704    2.6333    2.6387
  0.4941  -24.5256  -24.5256  -24.5250  -24.5250  -24.4954  -24.4954  -24.4945  -24.4945  -21.5741  -21.5741  -21.5725  -21.5725  -21.5485  -21.5485  -21.5478  -21.5478  -21.5282  -21.5282  -21.5270  -21.5270  -11.6441  -11.6441  -11.6375  -11.6375   -7.8972   -7.8972   -7.8514   -7.8514   -3.3109   -3.3109   -2.8879   -2.8879   -1.9682   -1.9682   -1.6172   -1.6172   -0.9837   -0.9837   -0.9029   -0.9029    0.6963    0.6963    0.9394    0.9394    2.0318    2.0319    2.5718    2.5723
  0.5329  -24.5256  -24.5256  -24.5248  -24.5248  -24.4954  -24.4954  -24.4945  -24.4945  -21.5742  -21.5742  -21.5722  -21.5722  -21.5488  -21.5488  -21.5478  -21.5478  -21.5281  -21.5281  -21.5270  -21.5270  -11.6229  -11.6229  -11.6162  -11.6162   -7.9099   -7.9099   -7.8632   -7.8632   -3.3101   -3.3101   -2.8751   -2.8751   -2.0856   -2.0856   -1.7183   -1.7183   -1.0326   -1.0326   -0.9313   -0.9313    0.8329    0.8329    1.1005    1.1005    1.9674    1.9674    2.4522    2.4542
  0.5717  -24.5256  -24.5256  -24.5246  -24.5246  -24.4955  -24.4955  -24.4945  -24.4945  -21.5742  -21.5742  -21.5717  -21.5717  -21.5491  -21.5491  -21.5478  -21.5478  -21.5280  -21.5280  -21.5269  -21.5269  -11.5935  -11.5935  -11.5867  -11.5867   -7.9283   -7.9283   -7.8806   -7.8806   -3.3119   -3.3119   -2.8592   -2.8592   -2.2277   -2.2277   -1.8432   -1.8432   -1.0754   -1.0754   -0.9598   -0.9598    0.9853    0.9853    1.2689    1.2689    1.8828    1.8828    2.3166    2.3169
  0.6105  -24.5256  -24.5256  -24.5244  -24.5244  -24.4955  -24.4955  -24.4945  -24.4945  -21.5741  -21.5741  -21.5713  -21.5713  -21.5494  -21.5494  -21.5478  -21.5478  -21.5279  -21.5278  -21.5267  -21.5267  -11.5560  -11.5560  -11.5491  -11.5491   -7.9528   -7.9528   -7.9042   -7.9042   -3.3196   -3.3196   -2.8435   -2.8435   -2.3767   -2.3767   -1.9756   -1.9756   -1.1134   -1.1134   -0.9856   -0.9856    1.1198    1.1198    1.4148    1.4148    1.7968    1.7968    2.1913    2.1913
  0.6493  -24.5256  -24.5256  -24.5241  -24.5241  -24.4955  -24.4955  -24.4945  -24.4945  -21.5740  -21.5740  -21.5708  -21.5708  -21.5497  -21.5497  -21.5478  -21.5478  -21.5277  -21.5277  -21.5266  -21.5266  -11.5110  -11.5110  -11.5040  -11.5040   -7.9841   -7.9841   -7.9347   -7.9347   -3.3371   -3.3371   -2.8363   -2.8363   -2.5127   -2.5127   -2.0994   -2.0994   -1.1503   -1.1503   -1.0114   -1.0114    1.1954    1.1954    1.4966    1.4966    1.7530    1.7530    2.1109    2.1109
  0.6881  -24.5255  -24.5255  -24.5239  -24.5239  -24.4955  -24.4955  -24.4944  -24.4944  -21.5738  -21.5738  -21.5704  -21.5704  -21.5500  -21.5500  -21.5479  -21.5479  -21.5275  -21.5275  -21.5264  -21.5264  -11.4589  -11.4589  -11.4518  -11.4518   -8.0225   -8.0225   -7.9728   -7.9728   -3.3676   -3.3676   -2.8588   -2.8588   -2.6073   -2.6073   -2.2013   -2.2013   -1.1897   -1.1897   -1.0409   -1.0409    1.1821    1.1821    1.4802    1.4802    1.7900    1.7900    2.1052    2.1052
  0.7270  -24.5254  -24.5254  -24.5237  -24.5237  -24.4955  -24.4955  -24.4944  -24.4944  -21.5736  -21.5736  -21.5700  -21.5700  -21.5502  -21.5502  -21.5480  -21.5480  -21.5273  -21.5273  -21.5262  -21.5262  -11.4002  -11.4002  -11.3931  -11.3931   -8.0685   -8.0685   -8.0190   -8.0190   -3.4116   -3.4116   -2.9297   -2.9297   -2.6386   -2.6386   -2.2730   -2.2730   -1.2344   -1.2344   -1.0782   -1.0782    1.1057    1.1057    1.4072    1.4072    1.8645    1.8645    2.1593    2.1593
  0.7658  -24.5252  -24.5252  -24.5235  -24.5235  -24.4955  -24.4955  -24.4944  -24.4944  -21.5734  -21.5734  -21.5697  -21.5697  -21.5504  -21.5504  -21.5481  -21.5481  -21.5270  -21.5270  -21.5260  -21.5260  -11.3358  -11.3358  -11.3288  -11.3288   -8.1220   -8.1220   -8.0735   -8.0735   -3.4652   -3.4652   -3.0242   -3.0242   -2.6305   -2.6305   -2.3133   -2.3133   -1.2857   -1.2857   -1.1263   -1.1263    1.0108    1.0108    1.3196    1.3196    1.9357    1.9357    2.2361    2.2361
  0.8046  -24.5250  -24.5250  -24.5234  -24.5234  -24.4955  -24.4955  -24.4945  -24.4945  -21.5731  -21.5731  -21.5695  -21.5695  -21.5506  -21.5506  -21.5482  -21.5482  -21.5267  -21.5267  -21.5258  -21.5258  -11.2667  -11.2667  -11.2598  -11.2598   -8.1826   -8.1826   -8.1359   -8.1359   -3.5211   -3.5211   -3.1169   -3.1169   -2.6089   -2.6089   -2.3271   -2.3271   -1.3428   -1.3428   -1.1868   -1.1868    0.9224    0.9224    1.2371    1.2371    1.9849    1.9849    2.3129    2.3131
  0.8434  -24.5248  -24.5248  -24.5232  -24.5232  -24.4955  -24.4955  -24.4945  -24.4945  -21.5729  -21.5729  -21.5694  -21.5694  -21.5507  -21.5507  -21.5483  -21.5483  -21.5265  -21.5265  -21.5256  -21.5256  -11.1942  -11.1942  -11.1875  -11.1875   -8.2493   -8.2493   -8.2053   -8.2053   -3.5718   -3.5718   -3.1990   -3.1990   -2.5836   -2.5836   -2.3231   -2.3231   -1.4034   -1.4034   -1.2588   -1.2588    0.8509    0.8509    1.1669    1.1669    2.0031    2.0031    2.3754    2.3775
  0.8822  -24.5246  -24.5246  -24.5231  -24.5231  -24.4955  -24.4955  -24.4945  -24.4945  -21.5726  -21.5726  -21.5693  -21.5693  -21.5507  -21.5507  -21.5484  -21.5484  -21.5262  -21.5262  -21.5254  -21.5254  -11.1198  -11.1198  -11.1135  -11.1135   -8.3203   -8.3203   -8.2800   -8.2800   -3.6117   -3.6117   -3.2677   -3.2677   -2.5594   -2.5594   -2.3105   -2.3105   -1.4635   -1.4635   -1.3387   -1.3387    0.7997    0.7997    1.1097    1.1097    1.9903    1.9903    2.3970    2.3976
  0.9210  -24.5244  -24.5244  -24.5230  -24.5230  -24.4954  -24.4954  -24.4945  -24.4945  -21.5723  -21.5723  -21.5694  -21.5694  -21.5506  -21.5506  -21.5486  -21.5486  -21.5259  -21.5259  -21.5252  -21.5252  -11.0456  -11.0456  -11.0398  -11.0398   -8.3934   -8.3934   -8.3574   -8.3574   -3.6373   -3.6373   -3.3231   -3.3231   -2.5394   -2.5394   -2.2979   -2.2979   -1.5183   -1.5183   -1.4206   -1.4206    0.7679    0.7679    1.0627    1.0627    1.9564    1.9565    2.3445    2.3447
  0.9598  -24.5242  -24.5242  -24.5230  -24.5230  -24.4954  -24.4954  -24.4946  -24.4946  -21.5721  -21.5721  -21.5695  -21.5695  -21.5505  -21.5505  -21.5487  -21.5487  -21.5256  -21.5256  -21.5250  -21.5250  -10.9740  -10.9740  -10.9688  -10.9688   -8.4654   -8.4654   -8.4344   -8.4344   -3.6478   -3.6478   -3.3670   -3.3670   -2.5251   -2.5251   -2.2926   -2.2926   -1.5637   -1.5637   -1.4963   -1.4963    0.7527    0.7527    1.0216    1.0216    1.9162    1.9162    2.2534    2.2534
  0.9987  -24.5240  -24.5240  -24.5230  -24.5230  -24.4953  -24.4953  -24.4947  -24.4947  -21.5718  -21.5718  -21.5697  -21.5697  -21.5503  -21.5503  -21.5488  -21.5488  -21.5254  -21.5254  -21.5249  -21.5249  -10.9081  -10.9081  -10.9036  -10.9036   -8.5326   -8.5326   -8.5072   -8.5072   -3.6437   -3.6437   -3.4027   -3.4027   -2.5156   -2.5156   -2.3005   -2.3005   -1.5980   -1.5980   -1.5579   -1.5579    0.7506    0.7506    0.9825    0.9825    1.8821    1.8821    2.1598    2.1598
  1.0375  -24.5238  -24.5238  -24.5230  -24.5230  -24.4952  -24.4952  -24.4947  -24.4947  -21.5716  -21.5716  -21.5699  -21.5699  -21.5502  -21.5502  -21.5490  -21.5490  -21.5252  -21.5252  -21.5248  -21.5248  -10.8511  -10.8511  -10.8476  -10.8476   -8.5907   -8.5907   -8.5712   -8.5712   -3.6269   -3.6269   -3.4340   -3.4340   -2.5072   -2.5072   -2.3239   -2.3239   -1.6216   -1.6216   -1.6002   -1.6002    0.7588    0.7588    0.9429    0.9429    1.8621    1.8621    2.0756    2.0756
  1.0763  -24.5236  -24.5236  -24.5231  -24.5231  -24.4951  -24.4951  -24.4948  -24.4948  -21.5713  -21.5713  -21.5702  -21.5702  -21.5499  -21.5499  -21.5491  -21.5491  -21.5250  -21.5250  -21.5247  -21.5247  -10.8066  -10.8066  -10.8042  -10.8042   -8.6354   -8.6354   -8.6222   -8.6222   -3.6003   -3.6003   -3.4647   -3.4647   -2.4947   -2.4947   -2.3600   -2.3600   -1.6366   -1.6366   -1.6241   -1.6241    0.7752    0.7752    0.9029    0.9029    1.8592    1.8592    2.0043    2.0043
  1.1151  -24.5234  -24.5234  -24.5232  -24.5232  -24.4950  -24.4950  -24.4949  -24.4949  -21.5710  -21.5710  -21.5704  -21.5704  -21.5497  -21.5497  -21.5493  -21.5493  -21.5248  -21.5248  -21.5247  -21.5247  -10.7781  -10.7781  -10.7769  -10.7769   -8.6627   -8.6627   -8.6561   -8.6561   -3.5675   -3.5675   -3.4973   -3.4973   -2.4734   -2.4734   -2.4019   -2.4019   -1.6430   -1.6430   -1.6363   -1.6363    0.7988    0.7988    0.8641    0.8641    1.8733    1.8733    1.9467    1.9467
  1.1539  -24.5233  -24.5233  -24.5233  -24.5233  -24.4950  -24.4950  -24.4950  -24.4950  -21.5707  -21.5707  -21.5707  -21.5707  -21.5495  -21.5495  -21.5495  -21.5495  -21.5247  -21.5247  -21.5247  -21.5247  -10.7679  -10.7679  -10.7679  -10.7679   -8.6699   -8.6699   -8.6699   -8.6699   -3.5321   -3.5321   -3.5321   -3.5321   -2.4417   -2.4417   -2.4417   -2.4417   -1.6423   -1.6423   -1.6423   -1.6423    0.8288    0.8288    0.8288    0.8288    1.9029    1.9029    1.9029    1.9029
  1.1539  -24.5233  -24.5233  -24.5233  -24.5233  -24.4950  -24.4950  -24.4950  -24.4950  -21.5707  -21.5707  -21.5707  -21.5707  -21.5495  -21.5495  -21.5495  -21.5495  -21.5247  -21.5247  -21.5247  -21.5247  -10.7679  -10.7679  -10.7679  -10.7679   -8.6699   -8.6699   -8.6699   -8.6699   -3.5321   -3.5321   -3.5321   -3.5321   -2.4417   -2.4417   -2.4417   -2.4417   -1.6423   -1.6423   -1.6423   -1.6423    0.8288    0.8288    0.8288    0.8288    1.9029    1.9029    1.9029    1.9029
  1.1758  -24.5234  -24.5234  -24.5232  -24.5232  -24.4950  -24.4950  -24.4949  -24.4949  -21.5710  -21.5710  -21.5704  -21.5704  -21.5497  -21.5497  -21.5493  -21.5493  -21.5248  -21.5248  -21.5247  -21.5247  -10.7684  -10.7684  -10.7678  -10.7678   -8.6716   -8.6716   -8.6669   -8.6669   -3.5493   -3.5493   -3.5152   -3.5152   -2.4628   -2.4628   -2.4245   -2.4245   -1.6475   -1.6475   -1.6416   -1.6416    0.8148    0.8148    0.8589    0.8589    1.8847    1.8847    1.9209    1.9209
  1.1977  -24.5235  -24.5235  -24.5230  -24.5230  -24.4951  -24.4951  -24.4948  -24.4948  -21.5712  -21.5712  -21.5702  -21.5702  -21.5499  -21.5499  -21.5492  -21.5492  -21.5248  -21.5248  -21.5247  -21.5247  -10.7695  -10.7695  -10.7683  -10.7683   -8.6717   -8.6717   -8.6624   -8.6624   -3.5665   -3.5665   -3.4986   -3.4986   -2.4877   -2.4877   -2.4116   -2.4116   -1.6564   -1.6564   -1.6454   -1.6454    0.8170    0.8170    0.9043    0.9043    1.8664    1.8664    1.9390    1.9390
  1.2197  -24.5237  -24.5237  -24.5229  -24.5229  -24.4951  -24.4951  -24.4948  -24.4948  -21.5714  -21.5714  -21.5699  -21.5699  -21.5501  -21.5501  -21.5491  -21.5491  -21.5249  -21.5249  -21.5247  -21.5247  -10.7709  -10.7709  -10.7692  -10.7692   -8.6706   -8.6706   -8.6566   -8.6566   -3.5838   -3.5838   -3.4825   -3.4825   -2.5162   -2.5162   -2.4035   -2.4035   -1.6679   -1.6679   -1.6529   -1.6529    0.8345    0.8345    0.9632    0.9632    1.8479    1.8479    1.9575    1.9575
  1.2416  -24.5238  -24.5238  -24.5228  -24.5228  -24.4952  -24.4952  -24.4947  -24.4947  -21.5716  -21.5716  -21.5696  -21.5696  -21.5503  -21.5503  -21.5489  -21.5489  -21.5249  -21.5249  -21.5247  -21.5247  -10.7728  -10.7728  -10.7705  -10.7705   -8.6680   -8.6680   -8.6495   -8.6495   -3.6008   -3.6008   -3.4668   -3.4668   -2.5485   -2.5485   -2.4010   -2.4010   -1.6813   -1.6813   -1.6618   -1.6618    0.8653    0.8653    1.0334    1.0334    1.8296    1.8296    1.9770    1.9770
  1.2635  -24.5239  -24.5239  -24.5227  -24.5227  -24.4953  -24.4953  -24.4947  -24.4947  -21.5717  -21.5717  -21.5692  -21.5692  -21.5506  -21.5506  -21.5488  -21.5488  -21.5249  -21.5249  -21.5247  -21.5247  -10.7751  -10.7751  -10.7722  -10.7722   -8.6643   -8.6643   -8.6414   -8.6414   -3.6173   -3.6173   -3.4515   -3.4515   -2.5844   -2.5844   -2.4045   -2.4045   -1.6962   -1.6962   -1.6692   -1.6692    0.9069    0.9069    1.1121    1.1121    1.8118    1.8118    1.9978    1.9978
  1.2854  -24.5240  -24.5240  -24.5225  -24.5225  -24.4953  -24.4953  -24.4946  -24.4946  -21.5719  -21.5719  -21.5689  -21.5689  -21.5508  -21.5508  -21.5487  -21.5487  -21.5250  -21.5250  -21.5247  -21.5247  -10.7777  -10.7777  -10.7743  -10.7743   -8.6596   -8.6596   -8.6323   -8.6323   -3.6333   -3.6333   -3.4365   -3.4365   -2.6238   -2.6238   -2.4147   -2.4147   -1.7117   -1.7117   -1.6729   -1.6729    0.9560    0.9560    1.1963    1.1963    1.7951    1.7951    2.0203    2.0203
  1.3073  -24.5241  -24.5241  -24.5224  -24.5224  -24.4954  -24.4954  -24.4946  -24.4946  -21.5720  -21.5720  -21.5686  -21.5686  -21.5510  -21.5510  -21.5486  -21.5486  -21.5250  -21.5250  -21.5247  -21.5247  -10.7805  -10.7805  -10.7766  -10.7766   -8.6540   -8.6540   -8.6225   -8.6225   -3.6485   -3.6485   -3.4217   -3.4217   -2.6663   -2.6663   -2.4314   -2.4314   -1.7264   -1.7264   -1.6720   -1.6720    1.0088    1.0088    1.2823    1.2823    1.7805    1.7805    2.0444    2.0444
  1.3293  -24.5242  -24.5242  -24.5223  -24.5223  -24.4954  -24.4954  -24.4946  -24.4946  -21.5721  -21.5721  -21.5683  -21.5683  -21.5513  -21.5513  -21.5486  -21.5486  -21.5251  -21.5251  -21.5247  -21.5247  -10.7835  -10.7835  -10.7792  -10.7792   -8.6477   -8.6477   -8.6122   -8.6122   -3.6627   -3.6627   -3.4070   -3.4070   -2.7112   -2.7112   -2.4544   -2.4544   -1.7389   -1.7389   -1.6665   -1.6665    1.0614    1.0614    1.3659    1.3659    1.7694    1.7694    2.0686    2.0686
  1.3512  -24.5243  -24.5243  -24.5222  -24.5222  -24.4955  -24.4955  -24.4945  -24.4945  -21.5722  -21.5722  -21.5679  -21.5679  -21.5515  -21.5515  -21.5485  -21.5485  -21.5251  -21.5251  -21.5247  -21.5247  -10.7866  -10.7866  -10.7818  -10.7818   -8.6409   -8.6409   -8.6016   -8.6016   -3.6759   -3.6759   -3.3921   -3.3921   -2.7578   -2.7578   -2.4827   -2.4827   -1.7483   -1.7483   -1.6569   -1.6569    1.1101    1.1101    1.4421    1.4421    1.7637    1.7637    2.0900    2.0900
  1.3731  -24.5244  -24.5244  -24.5221  -24.5221  -24.4955  -24.4955  -24.4945  -24.4945  -21.5723  -21.5723  -21.5676  -21.5676  -21.5517  -21.5517  -21.5485  -21.5485  -21.5252  -21.5252  -21.5248  -21.5248  -10.7896  -10.7896  -10.7845  -10.7845   -8.6339   -8.6339   -8.5910   -8.5910   -3.6878   -3.6878   -3.3769   -3.3769   -2.8051   -2.8051   -2.5150   -2.5150   -1.7543   -1.7543   -1.6440   -1.6440    1.1519    1.1519    1.5050    1.5050    1.7663    1.7663    2.1047    2.1047
  1.3950  -24.5245  -24.5245  -24.5220  -24.5220  -24.4955  -24.4955  -24.4944  -24.4944  -21.5724  -21.5724  -21.5673  -21.5673  -21.5520  -21.5520  -21.5485  -21.5485  -21.5252  -21.5252  -21.5248  -21.5248  -10.7926  -10.7926  -10.7872  -10.7872   -8.6269   -8.6269   -8.5806   -8.5806   -3.6984   -3.6984   -3.3613   -3.3613   -2.8522   -2.8522   -2.5500   -2.5500   -1.7571   -1.7571   -1.6289   -1.6289    1.1850    1.1850    1.5490    1.5490    1.7789    1.7789    2.1112    2.1112
  1.4169  -24.5245  -24.5245  -24.5220  -24.5220  -24.4956  -24.4956  -24.4944  -24.4944  -21.5724  -21.5724  -21.5671  -21.5671  -21.5522  -21.5522  -21.5484  -21.5484  -21.5253  -21.5253  -21.5248  -21.5248  -10.7955  -10.7955  -10.7897  -10.7897   -8.6200   -8.6200   -8.5708   -8.5708   -3.7077   -3.7077   -3.3450   -3.3450   -2.8983   -2.8983   -2.5858   -2.5858   -1.7572   -1.7572   -1.6125   -1.6125    1.2090    1.2090    1.5730    1.5730    1.7988    1.7988    2.1124    2.1124
  1.4388  -24.5246  -24.5246  -24.5219  -24.5219  -24.4956  -24.4956  -24.4944  -24.4944  -21.5725  -21.5725  -21.5668  -21.5668  -21.5524  -21.5524  -21.5484  -21.5484  -21.5253  -21.5253  -21.5248  -21.5248  -10.7981  -10.7981  -10.7921  -10.7921   -8.6136   -8.6136   -8.5616   -8.5616   -3.7156   -3.7156   -3.3281   -3.3281   -2.9424   -2.9424   -2.6210   -2.6210   -1.7553   -1.7553   -1.5959   -1.5959    1.2250    1.2250    1.5819    1.5819    1.8186    1.8186    2.1132    2.1133
  1.4608  -24.5247  -24.5247  -24.5218  -24.5218  -24.4956  -24.4956  -24.4944  -24.4944  -21.5725  -21.5725  -21.5666  -21.5666  -21.5525  -21.5525  -21.5484  -21.5484  -21.5253  -21.5253  -21.5248  -21.5248  -10.8005  -10.8005  -10.7942  -10.7942   -8.6078   -8.6078   -8.5535   -8.5535   -3.7221   -3.7221   -3.3104   -3.3104   -2.9838   -2.9838   -2.6540   -2.6540   -1.7520   -1.7520   -1.5801   -1.5801    1.2345    1.2345    1.5817    1.5817    1.8323    1.8323    2.1166    2.1166
  1.4827  -24.5247  -24.5247  -24.5218  -24.5218  -24.4957  -24.4957  -24.4943  -24.4943  -21.5725  -21.5725  -21.5664  -21.5664  -21.5527  -21.5527  -21.5484  -21.5484  -21.5254  -21.5254  -21.5249  -21.5249  -10.8025  -10.8025  -10.7960  -10.7960   -8.6027   -8.6027   -8.5465   -8.5465   -3.7273   -3.7273   -3.2922   -3.2922   -3.0218   -3.0218   -2.6833   -2.6833   -1.7482   -1.7482   -1.5659   -1.5659    1.2395    1.2395    1.5769    1.5769    1.8389    1.8389    2.1221    2.1221
  1.5046  -24.5247  -24.5247  -24.5217  -24.5217  -24.4957  -24.4957  -24.4943  -24.4943  -21.5725  -21.5725  -21.5662  -21.5662  -21.5528  -21.5528  -21.5484  -21.5484  -21.5254  -21.5254  -21.5249  -21.5249  -10.8041  -10.8041  -10.7975  -10.7975   -8.5986   -8.5986   -8.5408   -8.5408   -3.7313   -3.7313   -3.2741   -3.2741   -3.0555   -3.0555   -2.7077   -2.7077   -1.7444   -1.7444   -1.5541   -1.5541    1.2415    1.2415    1.5704    1.5704    1.8408    1.8408    2.1278    2.1278
  1.5265  -24.5248  -24.5248  -24.5217  -24.5217  -24.4957  -24.4957  -24.4943  -24.4943  -21.5725  -21.5725  -21.5661  -21.5661  -21.5529  -21.5529  -21.5484  -21.5484  -21.5254  -21.5254  -21.5249  -21.5249  -10.8052  -10.8052  -10.7986  -10.7986   -8.5956   -8.5956   -8.5367   -8.5367   -3.7340   -3.7340   -3.2570   -3.2570   -3.0837   -3.0837   -2.7260   -2.7260   -1.7414   -1.7414   -1.5452   -1.5452    1.2420    1.2420    1.5642    1.5642    1.8404    1.8404    2.1324    2.1324
  1.5484  -24.5248  -24.5248  -24.5217  -24.5217  -24.4957  -24.4957  -24.4943  -24.4943  -21.5725  -21.5725  -21.5660  -21.5660  -21.5529  -21.5529  -21.5484  -21.5484  -21.5254  -21.5254  -21.5249  -21.5249  -10.8060  -10.8060  -10.7992  -10.7992   -8.5938   -8.5938   -8.5342   -8.5342   -3.7356   -3.7356   -3.2437   -3.2437   -3.1037   -3.1037   -2.7373   -2.7373   -1.7394   -1.7394   -1.5397   -1.5397    1.2420    1.2420    1.5598    1.5598    1.8396    1.8396    2.1352    2.1352
  1.5704  -24.5248  -24.5248  -24.5217  -24.5217  -24.4957  -24.4957  -24.4943  -24.4943  -21.5725  -21.5725  -21.5660  -21.5660  -21.5529  -21.5529  -21.5484  -21.5484  -21.5254  -21.5254  -21.5249  -21.5249  -10.8062  -10.8062  -10.7995  -10.7995   -8.5932   -8.5932   -8.5333   -8.5333   -3.7362   -3.7362   -3.2384   -3.2384   -3.1112   -3.1112   -2.7412   -2.7412   -1.7386   -1.7386   -1.5378   -1.5378    1.2419    1.2419    1.5583    1.5583    1.8392    1.8392    2.1361    2.1361
  1.5704  -24.5248  -24.5248  -24.5217  -24.5217  -24.4957  -24.4957  -24.4943  -24.4943  -21.5725  -21.5725  -21.5660  -21.5660  -21.5529  -21.5529  -21.5484  -21.5484  -21.5254  -21.5254  -21.5249  -21.5249  -10.8062  -10.8062  -10.7995  -10.7995   -8.5932   -8.5932   -8.5333   -8.5333   -3.7362   -3.7362   -3.2384   -3.2384   -3.1112   -3.1112   -2.7412   -2.7412   -1.7386   -1.7386   -1.5378   -1.5378    1.2419    1.2419    1.5583    1.5583    1.8392    1.8392    2.1361    2.1361
  1.6092  -24.5248  -24.5248  -24.5220  -24.5214  -24.4958  -24.4957  -24.4943  -24.4943  -21.5726  -21.5724  -21.5667  -21.5653  -21.5535  -21.5524  -21.5484  -21.5484  -21.5256  -21.5253  -21.5250  -21.5248  -10.9052  -10.8988  -10.7160  -10.7083   -8.6841   -8.6199   -8.4949   -8.4387   -3.8247   -3.6478   -3.3384   -3.1708   -3.0827   -3.0709   -2.7914   -2.6719   -1.8451   -1.6417   -1.6315   -1.4349    1.1482    1.3286    1.4712    1.6120    1.7767    1.9423    2.0045    2.2765
  1.6480  -24.5248  -24.5248  -24.5223  -24.5212  -24.4958  -24.4956  -24.4944  -24.4943  -21.5728  -21.5723  -21.5674  -21.5647  -21.5540  -21.5519  -21.5484  -21.5484  -21.5259  -21.5252  -21.5252  -21.5247  -11.0098  -11.0033  -10.6379  -10.6286   -8.7639   -8.6952   -8.3928   -8.3394   -3.9046   -3.5725   -3.4282   -3.1379   -3.0107   -2.9885   -2.8007   -2.5917   -1.9479   -1.7438   -1.5261   -1.3355    1.0592    1.3789    1.3837    1.5985    1.7894    1.9029    2.0496    2.4195
  1.6868  -24.5249  -24.5248  -24.5227  -24.5210  -24.4959  -24.4956  -24.4944  -24.4942  -21.5729  -21.5722  -21.5681  -21.5641  -21.5545  -21.5514  -21.5484  -21.5484  -21.5262  -21.5254  -21.5251  -21.5247  -11.1173  -11.1105  -10.5750  -10.5638   -8.8294   -8.7561   -8.2902   -8.2387   -3.9706   -3.5184   -3.5006   -3.0674   -2.9443   -2.9382   -2.7209   -2.5063   -2.0437   -1.8409   -1.4244   -1.2418    0.9818    1.3063    1.3521    1.6061    1.7364    1.9136    2.1476    2.5595
  1.7256  -24.5250  -24.5248  -24.5231  -24.5209  -24.4959  -24.4955  -24.4944  -24.4942  -21.5731  -21.5721  -21.5688  -21.5636  -21.5549  -21.5509  -21.5485  -21.5484  -21.5265  -21.5256  -21.5251  -21.5247  -11.2254  -11.2184  -10.5299  -10.5169   -8.8777   -8.8006   -8.1900   -8.1397   -4.0196   -3.5533   -3.4776   -2.9707   -2.9042   -2.8818   -2.5750   -2.4218   -2.1283   -1.9281   -1.3284   -1.1558    0.9209    1.2448    1.2800    1.5978    1.6834    1.9652    2.2266    2.6918
  1.7644  -24.5251  -24.5248  -24.5234  -24.5208  -24.4960  -24.4955  -24.4944  -24.4942  -21.5732  -21.5721  -21.5695  -21.5632  -21.5553  -21.5504  -21.5485  -21.5483  -21.5269  -21.5259  -21.5251  -21.5247  -11.3322  -11.3250  -10.5038  -10.4896   -8.9075   -8.8277   -8.0948   -8.0451   -4.0496   -3.5851   -3.4345   -2.9167   -2.8338   -2.7903   -2.4061   -2.3460   -2.1970   -1.9970   -1.2393   -1.0790    0.8805    1.2026    1.2035    1.5250    1.6838    2.0076    2.2794    2.7554
  1.8032  -24.5252  -24.5249  -24.5238  -24.5208  -24.4960  -24.4955  -24.4944  -24.4942  -21.5734  -21.5721  -21.5703  -21.5630  -21.5555  -21.5499  -21.5485  -21.5483  -21.5272  -21.5262  -21.5252  -21.5247  -11.4362  -11.4289  -10.4964  -10.4817   -8.9194   -8.8384   -8.0065   -7.9573   -4.0598   -3.5956   -3.3777   -2.8681   -2.8105   -2.6346   -2.2929   -2.2445   -2.2270   -2.0333   -1.1581   -1.0121    0.8638    1.1328    1.1856    1.4513    1.6687    2.0370    2.3035    2.8160
  1.8421  -24.5254  -24.5249  -24.5242  -24.5208  -24.4960  -24.4955  -24.4944  -24.4942  -21.5737  -21.5721  -21.5710  -21.5630  -21.5555  -21.5494  -21.5485  -21.5482  -21.5276  -21.5265  -21.5252  -21.5248  -11.5360  -11.5288  -10.5055  -10.4912   -8.9158   -8.8355   -7.9267   -7.8782   -4.0500   -3.5852   -3.3014   -2.8156   -2.7998   -2.4665   -2.3120   -2.2290   -2.0437   -2.0279   -1.0848   -0.9549    0.8726    1.0746    1.1936    1.3887    1.6314    2.0538    2.3015    2.7950
  1.8809  -24.5255  -24.5249  -24.5246  -24.5209  -24.4960  -24.4954  -24.4944  -24.4942  -21.5739  -21.5721  -21.5717  -21.5633  -21.5553  -21.5489  -21.5485  -21.5480  -21.5280  -21.5268  -21.5253  -21.5248  -11.6306  -11.6236  -10.5279  -10.5146   -8.9005   -8.8225   -7.8563   -7.8090   -4.0216   -3.5557   -3.2028   -2.8424   -2.7093   -2.3571   -2.2933   -2.1888   -1.9959   -1.8614   -1.0190   -0.9058    0.9071    1.0290    1.2286    1.3374    1.5806    2.0603    2.2781    2.7630
  1.9197  -24.5257  -24.5250  -24.5249  -24.5210  -24.4959  -24.4954  -24.4945  -24.4942  -21.5742  -21.5724  -21.5723  -21.5638  -21.5549  -21.5485  -21.5484  -21.5478  -21.5283  -21.5271  -21.5253  -21.5249  -11.7192  -11.7125  -10.5597  -10.5478   -8.8776   -8.8034   -7.7958   -7.7503   -3.9767   -3.5109   -3.0817   -2.8780   -2.5980   -2.3975   -2.1433   -2.1190   -1.9576   -1.6857   -0.9587   -0.8619    0.9654    0.9951    1.2902    1.2933    1.5270    2.0612    2.2374    2.7168
  1.9585  -24.5258  -24.5254  -24.5249  -24.5212  -24.4959  -24.4954  -24.4945  -24.4943  -21.5745  -21.5731  -21.5724  -21.5644  -21.5544  -21.5484  -21.5481  -21.5476  -21.5287  -21.5275  -21.5254  -21.5249  -11.8010  -11.7947  -10.5973  -10.5870   -8.8509   -8.7817   -7.7448   -7.7019   -3.9194   -3.4578   -2.9395   -2.9084   -2.4694   -2.4263   -2.0947   -1.9455   -1.9226   -1.5228   -0.9010   -0.8193    0.9705    1.0430    1.2478    1.3756    1.4837    2.0615    2.1811    2.6860
  1.9973  -24.5260  -24.5257  -24.5249  -24.5214  -24.4958  -24.4954  -24.4945  -24.4943  -21.5749  -21.5738  -21.5725  -21.5652  -21.5538  -21.5483  -21.5477  -21.5474  -21.5290  -21.5278  -21.5254  -21.5250  -11.8754  -11.8697  -10.6375  -10.6288   -8.8232   -8.7600   -7.7030   -7.6634   -3.8548   -3.4084   -2.9187   -2.7794   -2.4402   -2.3302   -2.0444   -1.8926   -1.7728   -1.3791   -0.8416   -0.7744    0.9505    1.1322    1.1897    1.4642    1.4788    2.0644    2.1066    2.6258
  2.0361  -24.5262  -24.5260  -24.5248  -24.5217  -24.4958  -24.4953  -24.4945  -24.4944  -21.5752  -21.5744  -21.5726  -21.5660  -21.5532  -21.5483  -21.5473  -21.5471  -21.5292  -21.5282  -21.5254  -21.5250  -11.9420  -11.9369  -10.6776  -10.6704   -8.7967   -8.7402   -7.6694   -7.6337   -3.7889   -3.3774   -2.8945   -2.6065   -2.4380   -2.1895   -1.9910   -1.8661   -1.5973   -1.2584   -0.7769   -0.7251    0.9273    1.1143    1.2212    1.4742    1.5884    2.0071    2.0682    2.4956
  2.0749  -24.5264  -24.5263  -24.5248  -24.5219  -24.4957  -24.4953  -24.4946  -24.4944  -21.5756  -21.5750  -21.5727  -21.5669  -21.5525  -21.5483  -21.5470  -21.5468  -21.5295  -21.5285  -21.5254  -21.5250  -12.0004  -11.9959  -10.7156  -10.7097   -8.7726   -8.7233   -7.6429   -7.6116   -3.7274   -3.3719   -2.8315   -2.4281   -2.4223   -2.0592   -1.9315   -1.8393   -1.4123   -1.1576   -0.7075   -0.6709    0.8884    1.0262    1.2904    1.5086    1.6856    1.8805    2.0550    2.3106
  2.1138  -24.5266  -24.5265  -24.5247  -24.5222  -24.4956  -24.4952  -24.4946  -24.4945  -21.5759  -21.5755  -21.5727  -21.5677  -21.5519  -21.5483  -21.5467  -21.5466  -21.5297  -21.5288  -21.5254  -21.5251  -12.0502  -12.0464  -10.7499  -10.7452   -8.7515   -8.7100   -7.6224   -7.5960   -3.6741   -3.3861   -2.7411   -2.3988   -2.2538   -1.9497   -1.8631   -1.8075   -1.2112   -1.0654   -0.6419   -0.6099    0.8147    0.9344    1.3083    1.5575    1.7086    1.7766    1.9938    2.1454
  2.1526  -24.5267  -24.5267  -24.5245  -24.5225  -24.4955  -24.4952  -24.4947  -24.4946  -21.5762  -21.5759  -21.5726  -21.5686  -21.5513  -21.5484  -21.5464  -21.5463  -21.5298  -21.5291  -21.5254  -21.5251  -12.0913  -12.0881  -10.7793  -10.7757   -8.7337   -8.7002   -7.6069   -7.5855   -3.6305   -3.4102   -2.6410   -2.3752   -2.0958   -1.8664   -1.7883   -1.7636   -0.9973   -0.9623   -0.5900   -0.5405    0.6962    0.8356    1.2461    1.5575    1.6069    1.7971    1.8911    2.0387
  2.1914  -24.5269  -24.5268  -24.5244  -24.5228  -24.4954  -24.4951  -24.4947  -24.4947  -21.5765  -21.5762  -21.5724  -21.5694  -21.5507  -21.5485  -21.5462  -21.5461  -21.5299  -21.5293  -21.5254  -21.5251  -12.1233  -12.1209  -10.8028  -10.8002   -8.7191   -8.6939   -7.5952   -7.5791   -3.5953   -3.4377   -2.5466   -2.3579   -1.9656   -1.8094   -1.7234   -1.6959   -0.8620   -0.7537   -0.5509   -0.4658    0.5437    0.7086    1.1310    1.3735    1.6417    1.7907    1.8224    1.9875
  2.2302  -24.5270  -24.5269  -24.5242  -24.5231  -24.4952  -24.4950  -24.4948  -24.4948  -21.5767  -21.5765  -21.5722  -21.5701  -21.5502  -21.5487  -21.5461  -21.5460  -21.5299  -21.5295  -21.5253  -21.5252  -12.1461  -12.1445  -10.8200  -10.8183   -8.7077   -8.6909   -7.5868   -7.5760   -3.5664   -3.4653   -2.4688   -2.3508   -1.8697   -1.7761   -1.6631   -1.6271   -0.7429   -0.5647   -0.4799   -0.3797    0.3725    0.5428    1.0215    1.1935    1.6548    1.7184    1.8511    1.9568
  2.2690  -24.5270  -24.5270  -24.5239  -24.5234  -24.4951  -24.4950  -24.4949  -24.4948  -21.5768  -21.5767  -21.5718  -21.5708  -21.5497  -21.5490  -21.5460  -21.5459  -21.5299  -21.5297  -21.5253  -21.5252  -12.1597  -12.1589  -10.8303  -10.8294   -8.6993   -8.6908   -7.5808   -7.5754   -3.5408   -3.4916   -2.4121   -2.3561   -1.8076   -1.7644   -1.6092   -1.5838   -0.6409   -0.5489   -0.2844   -0.2639    0.2128    0.3492    0.9597    1.0502    1.6546    1.6770    1.8793    1.9309
  2.3078  -24.5270  -24.5270  -24.5237  -24.5237  -24.4950  -24.4950  -24.4949  -24.4949  -21.5768  -21.5768  -21.5713  -21.5713  -21.5493  -21.5493  -21.5459  -21.5459  -21.5298  -21.5298  -21.5252  -21.5252  -12.1640  -12.1640  -10.8335  -10.8335   -8.6936   -8.6936   -7.5771   -7.5771   -3.5164   -3.5164   -2.3756   -2.3756   -1.7741   -1.7741   -1.5783   -1.5783   -0.5764   -0.5764   -0.1829   -0.1829    0.1836    0.1836    0.9680    0.9680    1.6583    1.6583    1.9057    1.9057
