#K-Path     Band-1    Band-2    Band-3    Band-4      ...     Band-n
  0.0000  -24.2951  -24.2951  -24.2932  -24.2932  -24.2644  -24.2644  -24.2644  -24.2644  -21.3426  -21.3426  -21.3393  -21.3393  -21.3159  -21.3159  -21.3138  -21.3138  -21.2981  -21.2981  -21.2954  -21.2954  -11.7307  -11.7307  -10.6554  -10.6554   -8.4599   -8.4599   -7.2864   -7.2864   -3.0978   -3.0978   -2.0098   -2.0098   -1.6309   -1.6309   -1.1938   -1.1938   -0.3730   -0.3730   -0.1226   -0.1226    0.1127    0.1127    1.3101    1.3101    1.7452    1.7452    2.2553    2.2554
  0.0207  -24.2951  -24.2951  -24.2932  -24.2932  -24.2645  -24.2644  -24.2644  -24.2644  -21.3426  -21.3426  -21.3393  -21.3392  -21.3159  -21.3159  -21.3138  -21.3138  -21.2981  -21.2980  -21.2955  -21.2954  -11.7296  -11.7293  -10.6587  -10.6583   -8.4574   -8.4548   -7.2890   -7.2856   -3.1194   -3.0770   -2.0297   -1.9844   -1.6644   -1.6098   -1.1939   -1.1895   -0.4163   -0.3722   -0.1673   -0.0888    0.1274    0.1585    1.2938    1.3221    1.7435    1.7467    2.2368    2.2779
  0.0414  -24.2951  -24.2951  -24.2933  -24.2932  -24.2645  -24.2644  -24.2644  -24.2643  -21.3426  -21.3425  -21.3394  -21.3392  -21.3159  -21.3159  -21.3138  -21.3138  -21.2981  -21.2980  -21.2955  -21.2954  -11.7260  -11.7254  -10.6683  -10.6675   -8.4475   -8.4421   -7.2934   -7.2866   -3.1413   -3.0574   -2.0437   -1.9542   -1.7100   -1.6010   -1.1897   -1.1810   -0.4735   -0.4370   -0.1786   -0.0872    0.1815    0.2565    1.2738    1.3295    1.7411    1.7484    2.2224    2.3038
  0.0621  -24.2951  -24.2950  -24.2933  -24.2932  -24.2645  -24.2645  -24.2644  -24.2643  -21.3426  -21.3424  -21.3394  -21.3392  -21.3159  -21.3158  -21.3138  -21.3138  -21.2982  -21.2979  -21.2956  -21.2954  -11.7200  -11.7191  -10.6838  -10.6826   -8.4303   -8.4223   -7.2997   -7.2895   -3.1629   -3.0394   -2.0514   -1.9199   -1.7671   -1.6046   -1.1811   -1.1685   -0.5354   -0.5326   -0.1744   -0.1007    0.2611    0.3766    1.2507    1.3320    1.7373    1.7507    2.2125    2.3326
  0.0828  -24.2951  -24.2950  -24.2933  -24.2932  -24.2645  -24.2645  -24.2643  -24.2643  -21.3426  -21.3424  -21.3395  -21.3392  -21.3159  -21.3158  -21.3139  -21.3138  -21.2982  -21.2978  -21.2956  -21.2953  -11.7114  -11.7103  -10.7048  -10.7032   -8.4064   -8.3957   -7.3078   -7.2942   -3.1837   -3.0229   -2.0526   -1.8821   -1.8345   -1.6206   -1.1681   -1.1520   -0.6404   -0.5887   -0.1732   -0.1203    0.3575    0.5029    1.2252    1.3297    1.7314    1.7541    2.2068    2.3638
  0.1035  -24.2951  -24.2950  -24.2934  -24.2933  -24.2646  -24.2645  -24.2643  -24.2643  -21.3425  -21.3423  -21.3396  -21.3392  -21.3159  -21.3158  -21.3139  -21.3138  -21.2982  -21.2978  -21.2957  -21.2953  -11.7004  -11.6990  -10.7308  -10.7288   -8.3764   -8.3630   -7.3178   -7.3010   -3.2029   -3.0080   -2.0473   -1.9108   -1.8414   -1.6490   -1.1506   -1.1316   -0.7423   -0.6404   -0.1780   -0.1431    0.4639    0.6278    1.1979    1.3229    1.7231    1.7596    2.2050    2.3963
  0.1242  -24.2951  -24.2949  -24.2934  -24.2933  -24.2646  -24.2645  -24.2643  -24.2642  -21.3425  -21.3422  -21.3397  -21.3392  -21.3158  -21.3158  -21.3140  -21.3139  -21.2982  -21.2977  -21.2958  -21.2954  -11.6870  -11.6853  -10.7613  -10.7589   -8.3409   -8.3249   -7.3298   -7.3099   -3.2200   -2.9942   -2.0359   -1.9942   -1.7987   -1.6898   -1.1288   -1.1075   -0.8370   -0.6874   -0.1884   -0.1681    0.5752    0.7460    1.1695    1.3121    1.7122    1.7691    2.2065    2.4300
  0.1449  -24.2950  -24.2949  -24.2934  -24.2933  -24.2646  -24.2646  -24.2643  -24.2642  -21.3424  -21.3421  -21.3398  -21.3392  -21.3158  -21.3157  -21.3141  -21.3139  -21.2981  -21.2976  -21.2959  -21.2954  -11.6711  -11.6691  -10.7955  -10.7929   -8.3007   -8.2821   -7.3439   -7.3209   -3.2345   -2.9810   -2.0828   -2.0187   -1.7544   -1.7422   -1.1026   -1.0799   -0.9230   -0.7306   -0.2033   -0.1946    0.6873    0.8523    1.1407    1.2981    1.6997    1.7857    2.2105    2.4643
  0.1656  -24.2950  -24.2948  -24.2935  -24.2934  -24.2646  -24.2646  -24.2642  -24.2642  -21.3424  -21.3420  -21.3399  -21.3392  -21.3158  -21.3157  -21.3141  -21.3140  -21.2981  -21.2975  -21.2960  -21.2954  -11.6529  -11.6507  -10.8329  -10.8300   -8.2565   -8.2354   -7.3601   -7.3342   -3.2459   -2.9678   -2.1747   -1.9964   -1.8051   -1.7090   -1.0722   -1.0490   -0.9999   -0.7709   -0.2222   -0.2219    0.7963    0.9413    1.1120    1.2817    1.6872    1.8135    2.2162    2.4987
  0.1863  -24.2949  -24.2948  -24.2936  -24.2934  -24.2646  -24.2646  -24.2642  -24.2642  -21.3423  -21.3418  -21.3399  -21.3392  -21.3157  -21.3156  -21.3142  -21.3141  -21.2981  -21.2974  -21.2961  -21.2955  -11.6323  -11.6298  -10.8729  -10.8697   -8.2092   -8.1855   -7.3785   -7.3499   -3.2536   -2.9539   -2.2682   -1.9694   -1.8765   -1.6630   -1.0686   -1.0378   -1.0150   -0.8093   -0.2506   -0.2435    0.8983    1.0084    1.0840    1.2637    1.6776    1.8565    2.2220    2.5331
  0.2070  -24.2949  -24.2947  -24.2936  -24.2934  -24.2647  -24.2646  -24.2642  -24.2642  -21.3422  -21.3417  -21.3400  -21.3393  -21.3157  -21.3156  -21.3143  -21.3141  -21.2980  -21.2973  -21.2962  -21.2955  -11.6095  -11.6067  -10.9149  -10.9114   -8.1595   -8.1333   -7.3993   -7.3682   -3.2571   -2.9384   -2.3617   -1.9541   -1.9386   -1.6168   -1.1303   -0.9998   -0.9781   -0.8469   -0.2796   -0.2678    0.9886    1.0515    1.0574    1.2450    1.6749    1.9163    2.2273    2.5658
  0.2277  -24.2948  -24.2947  -24.2937  -24.2935  -24.2647  -24.2647  -24.2642  -24.2642  -21.3421  -21.3416  -21.3402  -21.3394  -21.3156  -21.3156  -21.3144  -21.3142  -21.2980  -21.2972  -21.2963  -21.2956  -11.5843  -11.5813  -10.9584  -10.9547   -8.1080   -8.0794   -7.4225   -7.3891   -3.2561   -2.9206   -2.4540   -2.0355   -1.9044   -1.5706   -1.1867   -0.9586   -0.9388   -0.8842   -0.3090   -0.2945    1.0327    1.0624    1.0723    1.2263    1.6839    1.9912    2.2310    2.5945
  0.2484  -24.2948  -24.2946  -24.2938  -24.2935  -24.2647  -24.2647  -24.2642  -24.2641  -21.3420  -21.3414  -21.3403  -21.3394  -21.3155  -21.3155  -21.3144  -21.3143  -21.2979  -21.2971  -21.2964  -21.2956  -11.5570  -11.5538  -11.0029  -10.9989   -8.0554   -8.0246   -7.4482   -7.4128   -3.2501   -2.8999   -2.5439   -2.1186   -1.8675   -1.5245   -1.2393   -0.9219   -0.9147   -0.8973   -0.3390   -0.3235    1.0105    1.0755    1.1157    1.2084    1.7083    2.0766    2.2318    2.6179
  0.2691  -24.2947  -24.2945  -24.2938  -24.2936  -24.2647  -24.2647  -24.2641  -24.2641  -21.3419  -21.3412  -21.3404  -21.3395  -21.3155  -21.3154  -21.3145  -21.3144  -21.2978  -21.2970  -21.2965  -21.2957  -11.5276  -11.5241  -11.0479  -11.0438   -8.0024   -7.9695   -7.4765   -7.4393   -3.2388   -2.8756   -2.6305   -2.2015   -1.8284   -1.4786   -1.2892   -0.9604   -0.8688   -0.8541   -0.3698   -0.3546    0.9912    1.0665    1.1481    1.1920    1.7488    2.1670    2.2288    2.6372
  0.2898  -24.2947  -24.2944  -24.2939  -24.2937  -24.2647  -24.2647  -24.2641  -24.2641  -21.3418  -21.3411  -21.3405  -21.3396  -21.3154  -21.3154  -21.3146  -21.3145  -21.2978  -21.2969  -21.2967  -21.2958  -11.4960  -11.4924  -11.0930  -11.0889   -7.9495   -7.9146   -7.5075   -7.4688   -3.2218   -2.8471   -2.7129   -2.2826   -1.7875   -1.4331   -1.3373   -0.9998   -0.8215   -0.8096   -0.4017   -0.3878    0.9755    1.0501    1.1633    1.1776    1.8018    2.2211    2.2575    2.6578
  0.3105  -24.2946  -24.2944  -24.2940  -24.2937  -24.2647  -24.2647  -24.2641  -24.2641  -21.3417  -21.3409  -21.3406  -21.3397  -21.3153  -21.3153  -21.3147  -21.3146  -21.2977  -21.2968  -21.2967  -21.2959  -11.4625  -11.4587  -11.1380  -11.1338   -7.8971   -7.8605   -7.5411   -7.5013   -3.1990   -2.8140   -2.7907   -2.3608   -1.7453   -1.3878   -1.3844   -1.0401   -0.7736   -0.7643   -0.4351   -0.4231    0.9638    1.0303    1.1658    1.1667    1.8617    2.2076    2.3440    2.6760
  0.3312  -24.2945  -24.2943  -24.2941  -24.2938  -24.2647  -24.2647  -24.2641  -24.2641  -21.3415  -21.3408  -21.3408  -21.3399  -21.3153  -21.3153  -21.3148  -21.3147  -21.2976  -21.2969  -21.2966  -21.2960  -11.4272  -11.4232  -11.1826  -11.1783   -7.8458   -7.8077   -7.5774   -7.5368   -3.1700   -2.8631   -2.7759   -2.4351   -1.7020   -1.4308   -1.3428   -1.0814   -0.7258   -0.7186   -0.4702   -0.4604    0.9565    1.0099    1.1569    1.1638    1.9232    2.1878    2.4229    2.6601
  0.3519  -24.2944  -24.2942  -24.2941  -24.2939  -24.2647  -24.2647  -24.2641  -24.2641  -21.3414  -21.3409  -21.3406  -21.3400  -21.3152  -21.3152  -21.3149  -21.3148  -21.2975  -21.2970  -21.2965  -21.2961  -11.3900  -11.3859  -11.2264  -11.2221   -7.7959   -7.7565   -7.6163   -7.5753   -3.1347   -2.9298   -2.7326   -2.5050   -1.6579   -1.4768   -1.2981   -1.1235   -0.6787   -0.6729   -0.5075   -0.4998    0.9539    0.9910    1.1513    1.1585    1.9826    2.1611    2.4922    2.6505
  0.3726  -24.2944  -24.2942  -24.2941  -24.2940  -24.2647  -24.2647  -24.2641  -24.2641  -21.3413  -21.3410  -21.3404  -21.3401  -21.3151  -21.3151  -21.3150  -21.3149  -21.2974  -21.2971  -21.2964  -21.2962  -11.3512  -11.3470  -11.2692  -11.2649   -7.7477   -7.7075   -7.6577   -7.6166   -3.0930   -2.9905   -2.6839   -2.5700   -1.6132   -1.5226   -1.2538   -1.1664   -0.6329   -0.6279   -0.5471   -0.5410    0.9562    0.9752    1.1489    1.1532    2.0372    2.1270    2.5522    2.6301
  0.3933  -24.2943  -24.2943  -24.2940  -24.2940  -24.2647  -24.2647  -24.2641  -24.2641  -21.3411  -21.3411  -21.3403  -21.3403  -21.3150  -21.3150  -21.3150  -21.3150  -21.2973  -21.2973  -21.2963  -21.2963  -11.3109  -11.3109  -11.3067  -11.3067   -7.7016   -7.7016   -7.6607   -7.6607   -3.0450   -3.0450   -2.6296   -2.6296   -1.5680   -1.5680   -1.2098   -1.2098   -0.5889   -0.5889   -0.5838   -0.5838    0.9634    0.9634    1.1497    1.1497    2.0856    2.0856    2.5956    2.5970
  0.3933  -24.2943  -24.2943  -24.2940  -24.2940  -24.2647  -24.2647  -24.2641  -24.2641  -21.3411  -21.3411  -21.3403  -21.3403  -21.3150  -21.3150  -21.3150  -21.3150  -21.2973  -21.2973  -21.2963  -21.2963  -11.3109  -11.3109  -11.3067  -11.3067   -7.7016   -7.7016   -7.6607   -7.6607   -3.0450   -3.0450   -2.6296   -2.6296   -1.5680   -1.5680   -1.2098   -1.2098   -0.5889   -0.5889   -0.5838   -0.5838    0.9634    0.9634    1.1497    1.1497    2.0856    2.0856    2.5956    2.5963
  0.4321  -24.2943  -24.2943  -24.2940  -24.2940  -24.2647  -24.2647  -24.2641  -24.2641  -21.3412  -21.3412  -21.3402  -21.3402  -21.3152  -21.3152  -21.3149  -21.3149  -21.2973  -21.2973  -21.2963  -21.2963  -11.3067  -11.3067  -11.3024  -11.3024   -7.7038   -7.7038   -7.6627   -7.6627   -3.0433   -3.0433   -2.6263   -2.6263   -1.5918   -1.5918   -1.2328   -1.2328   -0.6261   -0.6261   -0.5775   -0.5775    0.9910    0.9910    1.1977    1.1977    2.0753    2.0753    2.5975    2.5984
  0.4709  -24.2944  -24.2944  -24.2938  -24.2938  -24.2648  -24.2647  -24.2641  -24.2641  -21.3412  -21.3412  -21.3399  -21.3399  -21.3155  -21.3155  -21.3148  -21.3148  -21.2972  -21.2972  -21.2962  -21.2962  -11.2941  -11.2941  -11.2897  -11.2897   -7.7103   -7.7103   -7.6687   -7.6687   -3.0387   -3.0387   -2.6166   -2.6166   -1.6618   -1.6618   -1.3005   -1.3005   -0.6810   -0.6810   -0.5989   -0.5989    1.0734    1.0734    1.3195    1.3195    2.0438    2.0438    2.5953    2.6180
  0.5098  -24.2944  -24.2944  -24.2937  -24.2937  -24.2648  -24.2648  -24.2641  -24.2641  -21.3412  -21.3412  -21.3395  -21.3395  -21.3157  -21.3157  -21.3147  -21.3147  -21.2971  -21.2971  -21.2962  -21.2962  -11.2731  -11.2731  -11.2687  -11.2687   -7.7214   -7.7214   -7.6789   -7.6789   -3.0320   -3.0320   -2.6008   -2.6008   -1.7725   -1.7725   -1.4070   -1.4070   -0.7365   -0.7365   -0.6332   -0.6332    1.1947    1.1947    1.4758    1.4758    1.9909    1.9909    2.5576    2.5654
  0.5486  -24.2944  -24.2944  -24.2935  -24.2935  -24.2648  -24.2648  -24.2640  -24.2640  -21.3412  -21.3412  -21.3391  -21.3391  -21.3161  -21.3161  -21.3147  -21.3147  -21.2970  -21.2970  -21.2960  -21.2960  -11.2441  -11.2441  -11.2395  -11.2395   -7.7376   -7.7376   -7.6941   -7.6941   -3.0249   -3.0249   -2.5798   -2.5798   -1.9118   -1.9118   -1.5411   -1.5411   -0.7870   -0.7870   -0.6659   -0.6659    1.3230    1.3230    1.6324    1.6324    1.9226    1.9226    2.4653    2.4655
  0.5874  -24.2944  -24.2944  -24.2932  -24.2932  -24.2648  -24.2648  -24.2640  -24.2640  -21.3410  -21.3410  -21.3386  -21.3386  -21.3164  -21.3164  -21.3148  -21.3148  -21.2969  -21.2969  -21.2959  -21.2959  -11.2072  -11.2072  -11.2024  -11.2024   -7.7593   -7.7593   -7.7147   -7.7147   -3.0199   -3.0199   -2.5552   -2.5552   -2.0644   -2.0644   -1.6878   -1.6878   -0.8321   -0.8321   -0.6939   -0.6939    1.4163    1.4163    1.7406    1.7406    1.8769    1.8769    2.3674    2.3674
  0.6262  -24.2943  -24.2943  -24.2930  -24.2930  -24.2649  -24.2649  -24.2640  -24.2640  -21.3409  -21.3409  -21.3381  -21.3381  -21.3167  -21.3167  -21.3149  -21.3149  -21.2968  -21.2968  -21.2958  -21.2958  -11.1628  -11.1628  -11.1578  -11.1578   -7.7871   -7.7871   -7.7415   -7.7415   -3.0210   -3.0210   -2.5303   -2.5303   -2.2146   -2.2146   -1.8321   -1.8321   -0.8746   -0.8746   -0.7204   -0.7204    1.4283    1.4283    1.7202    1.7202    1.9376    1.9376    2.3142    2.3142
  0.6650  -24.2942  -24.2942  -24.2928  -24.2928  -24.2649  -24.2649  -24.2640  -24.2640  -21.3406  -21.3406  -21.3376  -21.3376  -21.3171  -21.3171  -21.3150  -21.3150  -21.2966  -21.2966  -21.2956  -21.2956  -11.1114  -11.1114  -11.1063  -11.1063   -7.8214   -7.8214   -7.7751   -7.7751   -3.0328   -3.0328   -2.5159   -2.5159   -2.3431   -2.3431   -1.9600   -1.9600   -0.9180   -0.9180   -0.7501   -0.7501    1.3581    1.3581    1.6472    1.6472    2.0214    2.0214    2.3258    2.3258
  0.7038  -24.2941  -24.2941  -24.2926  -24.2926  -24.2649  -24.2649  -24.2639  -24.2639  -21.3403  -21.3403  -21.3372  -21.3372  -21.3174  -21.3174  -21.3151  -21.3151  -21.2964  -21.2964  -21.2954  -21.2954  -11.0535  -11.0535  -11.0483  -11.0483   -7.8626   -7.8626   -7.8162   -7.8162   -3.0591   -3.0591   -2.5529   -2.5529   -2.4061   -2.4061   -2.0588   -2.0588   -0.9652   -0.9652   -0.7873   -0.7873    1.2520    1.2520    1.5514    1.5514    2.0935    2.0935    2.3766    2.3766
  0.7426  -24.2939  -24.2939  -24.2924  -24.2924  -24.2649  -24.2649  -24.2639  -24.2639  -21.3400  -21.3400  -21.3368  -21.3368  -21.3176  -21.3176  -21.3153  -21.3153  -21.2961  -21.2961  -21.2952  -21.2952  -10.9901  -10.9901  -10.9849  -10.9849   -7.9107   -7.9107   -7.8650   -7.8650   -3.1001   -3.1001   -2.6418   -2.6418   -2.4052   -2.4052   -2.1201   -2.1201   -1.0178   -1.0178   -0.8351   -0.8351    1.1424    1.1424    1.4497    1.4497    2.1483    2.1483    2.4370    2.4371
  0.7815  -24.2938  -24.2938  -24.2923  -24.2923  -24.2649  -24.2649  -24.2639  -24.2639  -21.3397  -21.3397  -21.3365  -21.3365  -21.3179  -21.3179  -21.3154  -21.3154  -21.2959  -21.2959  -21.2949  -21.2949  -10.9220  -10.9220  -10.9169  -10.9169   -7.9655   -7.9655   -7.9211   -7.9211   -3.1500   -3.1500   -2.7323   -2.7323   -2.3937   -2.3937   -2.1444   -2.1444   -1.0752   -1.0752   -0.8949   -0.8949    1.0445    1.0445    1.3547    1.3547    2.1824    2.1824    2.4929    2.4934
  0.8203  -24.2936  -24.2936  -24.2921  -24.2921  -24.2649  -24.2649  -24.2639  -24.2639  -21.3394  -21.3394  -21.3363  -21.3363  -21.3180  -21.3180  -21.3156  -21.3156  -21.2956  -21.2956  -21.2947  -21.2947  -10.8505  -10.8505  -10.8456  -10.8456   -8.0261   -8.0261   -7.9840   -7.9840   -3.1998   -3.1998   -2.8125   -2.8125   -2.3832   -2.3832   -2.1427   -2.1427   -1.1351   -1.1351   -0.9657   -0.9657    0.9648    0.9648    1.2708    1.2708    2.1957    2.1957    2.5367    2.5377
  0.8591  -24.2934  -24.2934  -24.2920  -24.2920  -24.2648  -24.2648  -24.2640  -24.2640  -21.3391  -21.3391  -21.3361  -21.3361  -21.3181  -21.3181  -21.3158  -21.3158  -21.2953  -21.2953  -21.2945  -21.2945  -10.7773  -10.7773  -10.7726  -10.7726   -8.0911   -8.0911   -8.0520   -8.0520   -3.2415   -3.2415   -2.8804   -2.8804   -2.3746   -2.3746   -2.1298   -2.1298   -1.1934   -1.1934   -1.0434   -1.0434    0.9045    0.9045    1.1980    1.1980    2.1924    2.1924    2.5596    2.5598
  0.8979  -24.2932  -24.2932  -24.2919  -24.2919  -24.2648  -24.2648  -24.2640  -24.2640  -21.3388  -21.3388  -21.3361  -21.3361  -21.3181  -21.3181  -21.3159  -21.3159  -21.2951  -21.2951  -21.2943  -21.2943  -10.7043  -10.7043  -10.6999  -10.6999   -8.1582   -8.1582   -8.1231   -8.1231   -3.2701   -3.2701   -2.9357   -2.9357   -2.3686   -2.3686   -2.1178   -2.1178   -1.2455   -1.2455   -1.1218   -1.1218    0.8622    0.8622    1.1338    1.1338    2.1802    2.1802    2.5491    2.5534
  0.9367  -24.2930  -24.2930  -24.2919  -24.2919  -24.2647  -24.2647  -24.2641  -24.2641  -21.3385  -21.3385  -21.3362  -21.3362  -21.3180  -21.3180  -21.3161  -21.3161  -21.2948  -21.2948  -21.2941  -21.2941  -10.6339  -10.6339  -10.6300  -10.6300   -8.2247   -8.2247   -8.1942   -8.1942   -3.2833   -3.2833   -2.9801   -2.9801   -2.3658   -2.3658   -2.1157   -2.1157   -1.2873   -1.2873   -1.1929   -1.1929    0.8345    0.8345    1.0753    1.0753    2.1680    2.1680    2.5048    2.5049
  0.9755  -24.2927  -24.2927  -24.2918  -24.2918  -24.2647  -24.2647  -24.2641  -24.2641  -21.3382  -21.3382  -21.3363  -21.3363  -21.3179  -21.3179  -21.3163  -21.3163  -21.2946  -21.2946  -21.2940  -21.2940  -10.5690  -10.5690  -10.5657  -10.5657   -8.2869   -8.2869   -8.2617   -8.2617   -3.2810   -3.2810   -3.0168   -3.0168   -2.3649   -2.3649   -2.1289   -2.1289   -1.3170   -1.3170   -1.2503   -1.2503    0.8187    0.8187    1.0205    1.0205    2.1630    2.1630    2.4487    2.4487
  1.0143  -24.2926  -24.2926  -24.2919  -24.2919  -24.2646  -24.2646  -24.2642  -24.2642  -21.3380  -21.3380  -21.3365  -21.3365  -21.3177  -21.3177  -21.3165  -21.3165  -21.2943  -21.2943  -21.2939  -21.2939  -10.5130  -10.5130  -10.5104  -10.5104   -8.3408   -8.3408   -8.3215   -8.3215   -3.2645   -3.2645   -3.0501   -3.0501   -2.3617   -2.3617   -2.1584   -2.1584   -1.3348   -1.3348   -1.2908   -1.2908    0.8127    0.8127    0.9691    0.9691    2.1690    2.1690    2.3929    2.3929
  1.0531  -24.2924  -24.2924  -24.2919  -24.2919  -24.2645  -24.2645  -24.2642  -24.2642  -21.3377  -21.3377  -21.3367  -21.3367  -21.3175  -21.3175  -21.3167  -21.3167  -21.2941  -21.2941  -21.2939  -21.2939  -10.4694  -10.4694  -10.4676  -10.4676   -8.3824   -8.3824   -8.3692   -8.3692   -3.2366   -3.2366   -3.0842   -3.0842   -2.3506   -2.3506   -2.2005   -2.2005   -1.3428   -1.3428   -1.3161   -1.3161    0.8158    0.8158    0.9223    0.9223    2.1868    2.1868    2.3412    2.3412
  1.0920  -24.2922  -24.2922  -24.2920  -24.2920  -24.2645  -24.2645  -24.2643  -24.2643  -21.3374  -21.3374  -21.3369  -21.3369  -21.3173  -21.3173  -21.3169  -21.3169  -21.2940  -21.2940  -21.2939  -21.2939  -10.4415  -10.4415  -10.4406  -10.4406   -8.4078   -8.4078   -8.4011   -8.4011   -3.2008   -3.2008   -3.1212   -3.1212   -2.3277   -2.3277   -2.2478   -2.2478   -1.3436   -1.3436   -1.3309   -1.3309    0.8282    0.8282    0.8821    0.8821    2.2152    2.2152    2.2941    2.2942
  1.1308  -24.2921  -24.2921  -24.2921  -24.2921  -24.2644  -24.2644  -24.2644  -24.2644  -21.3372  -21.3372  -21.3372  -21.3372  -21.3171  -21.3171  -21.3171  -21.3171  -21.2939  -21.2939  -21.2939  -21.2939  -10.4316  -10.4316  -10.4316  -10.4316   -8.4144   -8.4144   -8.4144   -8.4144   -3.1610   -3.1610   -3.1610   -3.1610   -2.2923   -2.2923   -2.2923   -2.2923   -1.3394   -1.3394   -1.3394   -1.3394    0.8504    0.8504    0.8504    0.8504    2.2516    2.2516    2.2516    2.2516
  1.1308  -24.2921  -24.2921  -24.2921  -24.2921  -24.2644  -24.2644  -24.2644  -24.2644  -21.3372  -21.3372  -21.3372  -21.3372  -21.3171  -21.3171  -21.3171  -21.3171  -21.2939  -21.2939  -21.2939  -21.2939  -10.4316  -10.4316  -10.4316  -10.4316   -8.4144   -8.4144   -8.4144   -8.4144   -3.1610   -3.1610   -3.1610   -3.1610   -2.2923   -2.2923   -2.2923   -2.2923   -1.3394   -1.3394   -1.3394   -1.3394    0.8504    0.8504    0.8504    0.8504    2.2516    2.2516    2.2516    2.2517
  1.1515  -24.2922  -24.2922  -24.2920  -24.2920  -24.2644  -24.2644  -24.2643  -24.2643  -21.3374  -21.3374  -21.3369  -21.3369  -21.3172  -21.3172  -21.3169  -21.3169  -21.2939  -21.2939  -21.2939  -21.2939  -10.4320  -10.4320  -10.4314  -10.4314   -8.4161   -8.4161   -8.4117   -8.4117   -3.1810   -3.1810   -3.1417   -3.1417   -2.3157   -2.3157   -2.2726   -2.2726   -1.3443   -1.3443   -1.3356   -1.3356    0.8394    0.8394    0.8749    0.8749    2.2309    2.2309    2.2702    2.2702
  1.1722  -24.2923  -24.2923  -24.2919  -24.2919  -24.2645  -24.2645  -24.2643  -24.2643  -21.3376  -21.3376  -21.3367  -21.3367  -21.3174  -21.3174  -21.3168  -21.3168  -21.2939  -21.2939  -21.2939  -21.2939  -10.4327  -10.4327  -10.4316  -10.4316   -8.4169   -8.4169   -8.4082   -8.4082   -3.2017   -3.2017   -3.1234   -3.1234   -2.3424   -2.3424   -2.2568   -2.2568   -1.3504   -1.3504   -1.3325   -1.3325    0.8422    0.8422    0.9124    0.9124    2.2083    2.2083    2.2865    2.2865
  1.1929  -24.2924  -24.2924  -24.2918  -24.2918  -24.2645  -24.2645  -24.2643  -24.2643  -21.3377  -21.3377  -21.3365  -21.3365  -21.3175  -21.3175  -21.3167  -21.3167  -21.2940  -21.2940  -21.2938  -21.2938  -10.4337  -10.4337  -10.4320  -10.4320   -8.4169   -8.4169   -8.4039   -8.4039   -3.2228   -3.2228   -3.1061   -3.1061   -2.3718   -2.3718   -2.2454   -2.2454   -1.3576   -1.3576   -1.3296   -1.3296    0.8583    0.8583    0.9620    0.9620    2.1840    2.1840    2.3002    2.3003
  1.2136  -24.2925  -24.2925  -24.2917  -24.2917  -24.2645  -24.2645  -24.2642  -24.2642  -21.3379  -21.3379  -21.3363  -21.3363  -21.3177  -21.3177  -21.3166  -21.3166  -21.2940  -21.2940  -21.2938  -21.2938  -10.4349  -10.4349  -10.4327  -10.4327   -8.4161   -8.4161   -8.3989   -8.3989   -3.2443   -3.2443   -3.0899   -3.0899   -2.4036   -2.4036   -2.2384   -2.2384   -1.3656   -1.3656   -1.3262   -1.3262    0.8869    0.8869    1.0222    1.0222    2.1585    2.1585    2.3111    2.3112
  1.2343  -24.2925  -24.2925  -24.2916  -24.2916  -24.2646  -24.2646  -24.2642  -24.2642  -21.3381  -21.3381  -21.3360  -21.3360  -21.3178  -21.3178  -21.3165  -21.3165  -21.2940  -21.2940  -21.2938  -21.2938  -10.4363  -10.4363  -10.4336  -10.4336   -8.4145   -8.4145   -8.3931   -8.3931   -3.2658   -3.2658   -3.0748   -3.0748   -2.4371   -2.4371   -2.2359   -2.2359   -1.3737   -1.3737   -1.3219   -1.3219    0.9269    0.9269    1.0917    1.0917    2.1323    2.1323    2.3190    2.3190
  1.2550  -24.2926  -24.2926  -24.2915  -24.2915  -24.2646  -24.2646  -24.2641  -24.2641  -21.3382  -21.3382  -21.3358  -21.3358  -21.3180  -21.3180  -21.3164  -21.3164  -21.2941  -21.2941  -21.2938  -21.2938  -10.4379  -10.4379  -10.4347  -10.4347   -8.4122   -8.4122   -8.3869   -8.3869   -3.2872   -3.2872   -3.0608   -3.0608   -2.4718   -2.4718   -2.2379   -2.2379   -1.3816   -1.3816   -1.3162   -1.3162    0.9766    0.9766    1.1685    1.1685    2.1058    2.1058    2.3233    2.3234
  1.2757  -24.2927  -24.2927  -24.2914  -24.2914  -24.2647  -24.2647  -24.2641  -24.2641  -21.3383  -21.3383  -21.3356  -21.3356  -21.3181  -21.3181  -21.3164  -21.3164  -21.2941  -21.2941  -21.2938  -21.2938  -10.4397  -10.4397  -10.4359  -10.4359   -8.4094   -8.4094   -8.3802   -8.3802   -3.3084   -3.3084   -3.0480   -3.0480   -2.5071   -2.5071   -2.2439   -2.2439   -1.3886   -1.3886   -1.3089   -1.3089    1.0342    1.0342    1.2508    1.2508    2.0798    2.0798    2.3237    2.3237
  1.2964  -24.2928  -24.2928  -24.2914  -24.2914  -24.2647  -24.2647  -24.2641  -24.2641  -21.3385  -21.3385  -21.3353  -21.3353  -21.3183  -21.3183  -21.3163  -21.3163  -21.2941  -21.2941  -21.2938  -21.2938  -10.4415  -10.4415  -10.4373  -10.4373   -8.4061   -8.4061   -8.3732   -8.3732   -3.3289   -3.3289   -3.0363   -3.0363   -2.5425   -2.5425   -2.2536   -2.2536   -1.3945   -1.3945   -1.2999   -1.2999    1.0976    1.0976    1.3362    1.3362    2.0552    2.0552    2.3195    2.3195
  1.3171  -24.2928  -24.2928  -24.2913  -24.2913  -24.2647  -24.2647  -24.2641  -24.2641  -21.3386  -21.3386  -21.3351  -21.3351  -21.3184  -21.3184  -21.3162  -21.3162  -21.2941  -21.2941  -21.2938  -21.2938  -10.4434  -10.4434  -10.4388  -10.4388   -8.4025   -8.4025   -8.3661   -8.3661   -3.3488   -3.3488   -3.0256   -3.0256   -2.5772   -2.5772   -2.2662   -2.2662   -1.3988   -1.3988   -1.2894   -1.2894    1.1644    1.1644    1.4223    1.4223    2.0329    2.0329    2.3107    2.3108
  1.3378  -24.2929  -24.2929  -24.2912  -24.2912  -24.2647  -24.2647  -24.2640  -24.2640  -21.3387  -21.3387  -21.3349  -21.3349  -21.3186  -21.3186  -21.3162  -21.3162  -21.2942  -21.2942  -21.2938  -21.2938  -10.4452  -10.4452  -10.4403  -10.4403   -8.3986   -8.3986   -8.3591   -8.3591   -3.3676   -3.3676   -3.0159   -3.0159   -2.6108   -2.6108   -2.2810   -2.2810   -1.4015   -1.4015   -1.2778   -1.2778    1.2321    1.2321    1.5060    1.5060    2.0142    2.0142    2.2982    2.2983
  1.3585  -24.2930  -24.2930  -24.2912  -24.2912  -24.2648  -24.2648  -24.2640  -24.2640  -21.3388  -21.3388  -21.3347  -21.3347  -21.3187  -21.3187  -21.3161  -21.3161  -21.2942  -21.2942  -21.2938  -21.2938  -10.4471  -10.4471  -10.4418  -10.4418   -8.3948   -8.3948   -8.3522   -8.3522   -3.3852   -3.3852   -3.0072   -3.0072   -2.6425   -2.6425   -2.2972   -2.2972   -1.4028   -1.4028   -1.2654   -1.2654    1.2982    1.2982    1.5837    1.5837    2.0004    2.0004    2.2844    2.2844
  1.3792  -24.2930  -24.2930  -24.2911  -24.2911  -24.2648  -24.2648  -24.2640  -24.2640  -21.3388  -21.3388  -21.3345  -21.3345  -21.3188  -21.3188  -21.3161  -21.3161  -21.2942  -21.2942  -21.2938  -21.2938  -10.4488  -10.4488  -10.4433  -10.4433   -8.3910   -8.3910   -8.3457   -8.3457   -3.4014   -3.4014   -2.9993   -2.9993   -2.6720   -2.6720   -2.3138   -2.3138   -1.4029   -1.4029   -1.2528   -1.2528    1.3599    1.3599    1.6517    1.6517    1.9929    1.9929    2.2726    2.2726
  1.3999  -24.2931  -24.2931  -24.2910  -24.2910  -24.2648  -24.2648  -24.2640  -24.2640  -21.3389  -21.3389  -21.3344  -21.3344  -21.3189  -21.3189  -21.3160  -21.3160  -21.2942  -21.2942  -21.2938  -21.2938  -10.4504  -10.4504  -10.4446  -10.4446   -8.3874   -8.3874   -8.3397   -8.3397   -3.4160   -3.4160   -2.9923   -2.9923   -2.6988   -2.6988   -2.3301   -2.3301   -1.4019   -1.4019   -1.2405   -1.2405    1.4146    1.4146    1.7064    1.7064    1.9919    1.9919    2.2664    2.2664
  1.4206  -24.2931  -24.2931  -24.2910  -24.2910  -24.2648  -24.2648  -24.2639  -24.2639  -21.3390  -21.3390  -21.3342  -21.3342  -21.3190  -21.3190  -21.3160  -21.3160  -21.2943  -21.2943  -21.2938  -21.2938  -10.4519  -10.4519  -10.4458  -10.4458   -8.3841   -8.3841   -8.3343   -8.3343   -3.4287   -3.4287   -2.9861   -2.9861   -2.7223   -2.7223   -2.3453   -2.3453   -1.4003   -1.4003   -1.2291   -1.2291    1.4602    1.4602    1.7464    1.7464    1.9960    1.9960    2.2688    2.2688
  1.4413  -24.2931  -24.2931  -24.2910  -24.2910  -24.2649  -24.2649  -24.2639  -24.2639  -21.3390  -21.3390  -21.3341  -21.3341  -21.3191  -21.3191  -21.3160  -21.3160  -21.2943  -21.2943  -21.2938  -21.2938  -10.4531  -10.4531  -10.4469  -10.4469   -8.3813   -8.3813   -8.3298   -8.3298   -3.4393   -3.4393   -2.9809   -2.9809   -2.7422   -2.7422   -2.3588   -2.3588   -1.3984   -1.3984   -1.2189   -1.2189    1.4958    1.4958    1.7732    1.7732    2.0023    2.0023    2.2800    2.2800
  1.4620  -24.2932  -24.2932  -24.2909  -24.2909  -24.2649  -24.2649  -24.2639  -24.2639  -21.3390  -21.3390  -21.3340  -21.3340  -21.3192  -21.3192  -21.3160  -21.3160  -21.2943  -21.2943  -21.2938  -21.2938  -10.4541  -10.4541  -10.4477  -10.4477   -8.3790   -8.3790   -8.3261   -8.3261   -3.4478   -3.4478   -2.9766   -2.9766   -2.7582   -2.7582   -2.3698   -2.3698   -1.3966   -1.3966   -1.2106   -1.2106    1.5213    1.5213    1.7900    1.7900    2.0081    2.0081    2.2969    2.2969
  1.4827  -24.2932  -24.2932  -24.2909  -24.2909  -24.2649  -24.2649  -24.2639  -24.2639  -21.3390  -21.3390  -21.3339  -21.3339  -21.3192  -21.3192  -21.3160  -21.3160  -21.2943  -21.2943  -21.2938  -21.2938  -10.4548  -10.4548  -10.4483  -10.4483   -8.3772   -8.3772   -8.3234   -8.3234   -3.4540   -3.4540   -2.9734   -2.9734   -2.7699   -2.7699   -2.3781   -2.3781   -1.3950   -1.3950   -1.2043   -1.2043    1.5379    1.5379    1.8000    1.8000    2.0123    2.0123    2.3144    2.3144
  1.5034  -24.2932  -24.2932  -24.2909  -24.2909  -24.2649  -24.2649  -24.2639  -24.2639  -21.3390  -21.3390  -21.3339  -21.3339  -21.3193  -21.3193  -21.3160  -21.3160  -21.2943  -21.2943  -21.2938  -21.2938  -10.4552  -10.4552  -10.4487  -10.4487   -8.3762   -8.3762   -8.3217   -8.3217   -3.4577   -3.4577   -2.9714   -2.9714   -2.7770   -2.7770   -2.3831   -2.3831   -1.3940   -1.3940   -1.2005   -1.2005    1.5471    1.5471    1.8052    1.8052    2.0150    2.0150    2.3273    2.3273
  1.5241  -24.2932  -24.2932  -24.2909  -24.2909  -24.2649  -24.2649  -24.2639  -24.2639  -21.3390  -21.3390  -21.3338  -21.3338  -21.3193  -21.3193  -21.3159  -21.3159  -21.2943  -21.2943  -21.2938  -21.2938  -10.4554  -10.4554  -10.4488  -10.4488   -8.3758   -8.3758   -8.3212   -8.3212   -3.4589   -3.4589   -2.9707   -2.9707   -2.7794   -2.7794   -2.3848   -2.3848   -1.3937   -1.3937   -1.1992   -1.1992    1.5500    1.5500    1.8068    1.8068    2.0158    2.0158    2.3320    2.3320
  1.5241  -24.2932  -24.2932  -24.2909  -24.2909  -24.2649  -24.2649  -24.2639  -24.2639  -21.3390  -21.3390  -21.3338  -21.3338  -21.3193  -21.3193  -21.3159  -21.3159  -21.2943  -21.2943  -21.2938  -21.2938  -10.4554  -10.4554  -10.4488  -10.4488   -8.3758   -8.3758   -8.3212   -8.3212   -3.4589   -3.4589   -2.9707   -2.9707   -2.7794   -2.7794   -2.3848   -2.3848   -1.3937   -1.3937   -1.1992   -1.1992    1.5500    1.5500    1.8068    1.8068    2.0158    2.0158    2.3320    2.3320
  1.5629  -24.2932  -24.2932  -24.2911  -24.2907  -24.2649  -24.2649  -24.2639  -24.2639  -21.3391  -21.3390  -21.3344  -21.3334  -21.3197  -21.3189  -21.3160  -21.3159  -21.2945  -21.2942  -21.2938  -21.2938  -10.5412  -10.5355  -10.3803  -10.3724   -8.4621   -8.4031   -8.2802   -8.2294   -3.5408   -3.3715   -3.0632   -2.8812   -2.7953   -2.7276   -2.4433   -2.3119   -1.4980   -1.3021   -1.2886   -1.0965    1.4802    1.5978    1.7276    1.8128    2.0400    2.0477    2.1969    2.4820
  1.6017  -24.2933  -24.2932  -24.2914  -24.2906  -24.2650  -24.2648  -24.2639  -24.2639  -21.3391  -21.3390  -21.3349  -21.3330  -21.3201  -21.3185  -21.3161  -21.3158  -21.2947  -21.2942  -21.2939  -21.2938  -10.6345  -10.6292  -10.3191  -10.3095   -8.5354   -8.4721   -8.1789   -8.1310   -3.6109   -3.2885   -3.1412   -2.8461   -2.7206   -2.6627   -2.4773   -2.2301   -1.5990   -1.4028   -1.1849   -0.9962    1.4079    1.5611    1.6829    1.7552    1.9947    2.1350    2.1363    2.6287
  1.6405  -24.2934  -24.2932  -24.2916  -24.2905  -24.2650  -24.2648  -24.2639  -24.2638  -21.3391  -21.3391  -21.3354  -21.3326  -21.3204  -21.3181  -21.3162  -21.3157  -21.2949  -21.2942  -21.2941  -21.2938  -10.7325  -10.7272  -10.2746  -10.2634   -8.5928   -8.5254   -8.0752   -8.0295   -3.6653   -3.2212   -3.2006   -2.8035   -2.6329   -2.5946   -2.4580   -2.1446   -1.6937   -1.4981   -1.0843   -0.9003    1.3434    1.4544    1.6695    1.6901    1.8765    2.1290    2.2256    2.6398
  1.6793  -24.2935  -24.2932  -24.2919  -24.2904  -24.2650  -24.2648  -24.2639  -24.2638  -21.3392  -21.3391  -21.3360  -21.3323  -21.3207  -21.3177  -21.3162  -21.3157  -21.2952  -21.2943  -21.2942  -21.2939  -10.8325  -10.8270  -10.2486  -10.2361   -8.6323   -8.5617   -7.9724   -7.9279   -3.7014   -3.2395   -3.1714   -2.7243   -2.5896   -2.5318   -2.3548   -2.0611   -1.7783   -1.5834   -0.9884   -0.8107    1.2935    1.3416    1.6307    1.6360    1.7573    2.1040    2.3025    2.6721
  1.7182  -24.2936  -24.2933  -24.2923  -24.2904  -24.2651  -24.2649  -24.2639  -24.2638  -21.3392  -21.3392  -21.3366  -21.3321  -21.3209  -21.3173  -21.3162  -21.3156  -21.2955  -21.2945  -21.2944  -21.2939  -10.9324  -10.9267  -10.2412  -10.2282   -8.6538   -8.5813   -7.8732   -7.8292   -3.7177   -3.2568   -3.1274   -2.6347   -2.5357   -2.4839   -2.2088   -1.9869   -1.8486   -1.6507   -0.8983   -0.7287    1.2346    1.2633    1.5652    1.6005    1.6517    2.0609    2.3603    2.7491
  1.7570  -24.2937  -24.2934  -24.2926  -24.2904  -24.2651  -24.2649  -24.2639  -24.2638  -21.3393  -21.3393  -21.3371  -21.3320  -21.3210  -21.3169  -21.3162  -21.3156  -21.2959  -21.2947  -21.2945  -21.2940  -11.0305  -11.0247  -10.2511  -10.2382   -8.6591   -8.5862   -7.7797   -7.7359   -3.7135   -3.2521   -3.0759   -2.5711   -2.4603   -2.4218   -2.0490   -1.9406   -1.8935   -1.6873   -0.8149   -0.6555    1.1371    1.2562    1.4789    1.5658    1.5880    2.0098    2.3971    2.7996
  1.7958  -24.2937  -24.2935  -24.2929  -24.2905  -24.2651  -24.2649  -24.2639  -24.2638  -21.3395  -21.3394  -21.3377  -21.3321  -21.3209  -21.3166  -21.3161  -21.3155  -21.2962  -21.2950  -21.2947  -21.2942  -11.1253  -11.1194  -10.2753  -10.2632   -8.6513   -8.5796   -7.6938   -7.6502   -3.6891   -3.2258   -3.0088   -2.5078   -2.4646   -2.2760   -1.9700   -1.8852   -1.8720   -1.6851   -0.7385   -0.5918    1.0513    1.2743    1.3825    1.4992    1.6013    1.9599    2.4139    2.8578
  1.8346  -24.2938  -24.2936  -24.2932  -24.2906  -24.2651  -24.2649  -24.2639  -24.2638  -21.3397  -21.3396  -21.3383  -21.3324  -21.3208  -21.3163  -21.3159  -21.3154  -21.2965  -21.2953  -21.2948  -21.2943  -11.2156  -11.2099  -10.3102  -10.2993   -8.6345   -8.5654   -7.6167   -7.5736   -3.6461   -3.1798   -2.9222   -2.4910   -2.4284   -2.1197   -2.0149   -1.8359   -1.7232   -1.6573   -0.6692   -0.5375    0.9778    1.2838    1.3175    1.4507    1.6416    1.9181    2.4130    2.8712
  1.8734  -24.2939  -24.2938  -24.2935  -24.2908  -24.2651  -24.2649  -24.2639  -24.2638  -21.3399  -21.3397  -21.3389  -21.3328  -21.3205  -21.3161  -21.3156  -21.3153  -21.2969  -21.2956  -21.2950  -21.2945  -11.3005  -11.2950  -10.3520  -10.3425   -8.6125   -8.5471   -7.5490   -7.5070   -3.5873   -3.1179   -2.8151   -2.5276   -2.3312   -2.0538   -1.9592   -1.7953   -1.6232   -1.5677   -0.6066   -0.4921    0.9161    1.1861    1.3833    1.4228    1.7085    1.8897    2.3964    2.8320
  1.9122  -24.2940  -24.2940  -24.2938  -24.2910  -24.2651  -24.2648  -24.2639  -24.2638  -21.3402  -21.3399  -21.3395  -21.3333  -21.3201  -21.3158  -21.3153  -21.3153  -21.2971  -21.2959  -21.2951  -21.2946  -11.3791  -11.3739  -10.3974  -10.3892   -8.5885   -8.5277   -7.4909   -7.4508   -3.5172   -3.0476   -2.6885   -2.5603   -2.2192   -2.0806   -1.7966   -1.7509   -1.5917   -1.4225   -0.5504   -0.4544    0.8636    1.0906    1.4182    1.4664    1.7991    1.8786    2.3658    2.8162
  1.9510  -24.2942  -24.2940  -24.2940  -24.2912  -24.2650  -24.2648  -24.2639  -24.2639  -21.3406  -21.3400  -21.3400  -21.3340  -21.3196  -21.3156  -21.3152  -21.3150  -21.2974  -21.2962  -21.2952  -21.2947  -11.4509  -11.4461  -10.4435  -10.4367   -8.5646   -8.5092   -7.4420   -7.4046   -3.4417   -2.9835   -2.5720   -2.5455   -2.0984   -2.0916   -1.7030   -1.6310   -1.5644   -1.2895   -0.5008   -0.4231    0.8152    0.9987    1.4392    1.5575    1.8874    1.9065    2.3203    2.8058
  1.9899  -24.2944  -24.2942  -24.2940  -24.2914  -24.2650  -24.2648  -24.2640  -24.2639  -21.3410  -21.3405  -21.3402  -21.3347  -21.3191  -21.3153  -21.3151  -21.3147  -21.2977  -21.2965  -21.2953  -21.2949  -11.5153  -11.5109  -10.4882  -10.4826   -8.5424   -8.4930   -7.4018   -7.3678   -3.3678   -2.9459   -2.5430   -2.3910   -2.0860   -1.9774   -1.6498   -1.5391   -1.4589   -1.1680   -0.4581   -0.3962    0.7628    0.9125    1.4858    1.6426    1.9151    2.0174    2.2564    2.6864
  2.0287  -24.2946  -24.2944  -24.2940  -24.2917  -24.2649  -24.2648  -24.2640  -24.2640  -21.3414  -21.3409  -21.3402  -21.3354  -21.3186  -21.3151  -21.3150  -21.3144  -21.2979  -21.2968  -21.2954  -21.2950  -11.5718  -11.5680  -10.5297  -10.5252   -8.5226   -8.4798   -7.3694   -7.3393   -3.3014   -2.9429   -2.4684   -2.2318   -2.0668   -1.8658   -1.5874   -1.5114   -1.2756   -1.0535   -0.4233   -0.3720    0.6961    0.8345    1.5540    1.6987    1.9540    2.1018    2.1775    2.5871
  2.0675  -24.2948  -24.2946  -24.2939  -24.2919  -24.2649  -24.2647  -24.2641  -24.2640  -21.3418  -21.3414  -21.3403  -21.3361  -21.3180  -21.3151  -21.3147  -21.3142  -21.2980  -21.2971  -21.2954  -21.2951  -11.6201  -11.6168  -10.5666  -10.5630   -8.5057   -8.4697   -7.3438   -7.3181   -3.2465   -2.9622   -2.3669   -2.0771   -2.0407   -1.7717   -1.5134   -1.4748   -1.0779   -0.9383   -0.3969   -0.3489    0.6091    0.7615    1.6339    1.6919    1.9817    2.0441    2.1740    2.4595
  2.1063  -24.2949  -24.2947  -24.2939  -24.2922  -24.2648  -24.2647  -24.2641  -24.2641  -21.3421  -21.3417  -21.3403  -21.3369  -21.3175  -21.3152  -21.3145  -21.3140  -21.2981  -21.2974  -21.2955  -21.2952  -11.6599  -11.6573  -10.5979  -10.5952   -8.4917   -8.4627   -7.3239   -7.3030   -3.2035   -2.9901   -2.2605   -2.0158   -1.9367   -1.6994   -1.4393   -1.4132   -0.8675   -0.8131   -0.3782   -0.3252    0.5022    0.6818    1.6060    1.7084    1.9011    1.9604    2.1876    2.3952
  2.1451  -24.2950  -24.2949  -24.2938  -24.2925  -24.2647  -24.2646  -24.2642  -24.2642  -21.3424  -21.3420  -21.3402  -21.3376  -21.3170  -21.3152  -21.3142  -21.3138  -21.2982  -21.2976  -21.2955  -21.2952  -11.6910  -11.6890  -10.6229  -10.6210   -8.4803   -8.4584   -7.3089   -7.2931   -3.1703   -3.0197   -2.1657   -1.9981   -1.8195   -1.6499   -1.3726   -1.3252   -0.6723   -0.6524   -0.3657   -0.2958    0.3764    0.5826    1.4794    1.7208    1.7561    1.8893    2.2008    2.3377
  2.1839  -24.2951  -24.2950  -24.2936  -24.2928  -24.2646  -24.2645  -24.2643  -24.2643  -21.3425  -21.3423  -21.3400  -21.3382  -21.3166  -21.3154  -21.3140  -21.3137  -21.2982  -21.2978  -21.2955  -21.2953  -11.7133  -11.7119  -10.6411  -10.6398   -8.4713   -8.4567   -7.2980   -7.2874   -3.1437   -3.0481   -2.0921   -1.9904   -1.7299   -1.6225   -1.2997   -1.2459   -0.5218   -0.4571   -0.3579   -0.2371    0.2320    0.4541    1.3652    1.5401    1.7648    1.8147    2.2179    2.3030
  2.2227  -24.2951  -24.2951  -24.2934  -24.2930  -24.2645  -24.2645  -24.2643  -24.2643  -21.3426  -21.3425  -21.3397  -21.3388  -21.3162  -21.3156  -21.3139  -21.3137  -21.2982  -21.2980  -21.2955  -21.2954  -11.7265  -11.7258  -10.6520  -10.6513   -8.4646   -8.4573   -7.2906   -7.2853   -3.1204   -3.0740   -2.0412   -1.9938   -1.6680   -1.6162   -1.2332   -1.1976   -0.4112   -0.3643   -0.2892   -0.1030    0.0765    0.2940    1.3015    1.3944    1.7497    1.7663    2.2361    2.2770
  2.2616  -24.2951  -24.2951  -24.2932  -24.2932  -24.2644  -24.2644  -24.2644  -24.2644  -21.3426  -21.3426  -21.3393  -21.3393  -21.3159  -21.3159  -21.3138  -21.3138  -21.2981  -21.2981  -21.2954  -21.2954  -11.7307  -11.7307  -10.6554  -10.6554   -8.4599   -8.4599   -7.2864   -7.2864   -3.0978   -3.0978   -2.0098   -2.0098   -1.6309   -1.6309   -1.1938   -1.1938   -0.3730   -0.3730   -0.1226   -0.1226    0.1127    0.1127    1.3101    1.3101    1.7452    1.7452    2.2554    2.2554
