#K-Path     Band-1    Band-2    Band-3    Band-4      ...     Band-n
  0.0000  -24.2160  -24.2160  -24.2157  -24.2157  -24.1869  -24.1869  -24.1865  -24.1865  -21.2617  -21.2617  -21.2610  -21.2610  -21.2359  -21.2359  -21.2358  -21.2358  -21.2194  -21.2194  -21.2186  -21.2186  -11.1663  -11.1663  -11.1632  -11.1632   -7.6458   -7.6458   -7.6084   -7.6084   -2.9259   -2.9259   -2.5100   -2.5100   -1.4517   -1.4517   -1.0805   -1.0805   -0.4630   -0.4630   -0.4535   -0.4535    1.1343    1.1343    1.2907    1.2907    2.0134    2.0134    2.4587    2.4587    2.9906    2.9906    3.1426    3.1426    4.3437    4.3437    4.3992    4.3992    4.6144    4.6144    4.6482    4.6482    5.3618    5.3619    5.3760    5.3760    6.0093    6.0093    6.0236    6.0236    6.6441    6.6441    6.6885    6.6885    6.8337    6.8338    6.8377    6.8377    7.5323    7.5323    7.5756    7.5756    8.0303    8.0303    8.1123    8.1123    8.1766    8.1766    8.1904    8.1904    8.9680    8.9680    8.9939    8.9939    9.2586    9.2586    9.2652    9.2652    9.4415    9.4415    9.4468    9.4468    9.9686    9.9686    9.9835    9.9835   10.3944   10.3944   10.4269   10.4269   10.4608   10.4609   10.4764   10.4764
  0.0200  -24.2160  -24.2159  -24.2157  -24.2156  -24.1869  -24.1869  -24.1865  -24.1865  -21.2618  -21.2617  -21.2611  -21.2609  -21.2360  -21.2359  -21.2358  -21.2357  -21.2195  -21.2194  -21.2187  -21.2185  -11.2016  -11.1986  -11.1299  -11.1268   -7.6927   -7.6559   -7.6007   -7.5628   -2.9635   -2.8826   -2.5540   -2.4613   -1.4934   -1.4097   -1.1215   -1.0400   -0.5065   -0.4961   -0.4211   -0.4119    1.1333    1.1381    1.2827    1.2981    1.9560    2.0668    2.3945    2.5125    2.9534    3.0272    3.1025    3.1794    4.3034    4.3543    4.3858    4.4461    4.5692    4.5995    4.6615    4.6988    5.3287    5.3374    5.3984    5.4173    5.9835    6.0041    6.0405    6.0469    6.5954    6.6485    6.7013    6.7255    6.7778    6.7981    6.8923    6.8930    7.4585    7.4952    7.5842    7.6237    7.9975    8.0719    8.0758    8.1257    8.1539    8.1696    8.2271    8.2394    8.8540    8.8878    9.0760    9.0977    9.1334    9.1438    9.3291    9.3510    9.4181    9.4525    9.5076    9.5293    9.9621    9.9712    9.9774    9.9872   10.3888   10.4026   10.4110   10.4419   10.4515   10.4629   10.4673   10.4793
  0.0399  -24.2161  -24.2159  -24.2158  -24.2156  -24.1869  -24.1869  -24.1865  -24.1865  -21.2619  -21.2616  -21.2612  -21.2608  -21.2360  -21.2359  -21.2359  -21.2357  -21.2196  -21.2193  -21.2188  -21.2185  -11.2357  -11.2327  -11.0925  -11.0894   -7.7410   -7.7052   -7.5575   -7.5195   -2.9954   -2.8337   -2.5932   -2.4078   -1.5348   -1.3677   -1.1630   -1.0001   -0.5511   -0.5392   -0.3810   -0.3715    1.1355    1.1439    1.2722    1.3062    1.8965    2.1147    2.3212    2.5557    2.9159    3.0599    3.0628    3.2125    4.2646    4.3111    4.4303    4.4954    4.5261    4.5530    4.7099    4.7508    5.3003    5.3035    5.4361    5.4585    5.9629    5.9882    6.0750    6.0779    6.5578    6.6170    6.7099    6.7210    6.7686    6.8215    6.9512    6.9549    7.3704    7.3945    7.6089    7.6322    7.9817    8.0386    8.0892    8.0897    8.1689    8.2268    8.2852    8.2962    8.7435    8.7849    9.0193    9.0328    9.1368    9.1591    9.3347    9.3524    9.5315    9.5692    9.5870    9.6209    9.9464    9.9768    9.9773    9.9824   10.3862   10.3968   10.4087   10.4364   10.4437   10.4520   10.4586   10.4830
  0.0599  -24.2161  -24.2158  -24.2158  -24.2155  -24.1869  -24.1869  -24.1865  -24.1865  -21.2620  -21.2615  -21.2613  -21.2607  -21.2361  -21.2359  -21.2358  -21.2356  -21.2196  -21.2192  -21.2188  -21.2184  -11.2684  -11.2655  -11.0544  -11.0513   -7.7904   -7.7558   -7.5165   -7.4786   -3.0218   -2.7793   -2.6277   -2.3498   -1.5757   -1.3256   -1.2050   -0.9608   -0.5965   -0.5824   -0.3431   -0.3326    1.1410    1.1504    1.2564    1.3155    1.8382    2.1566    2.2403    2.5883    2.8785    3.0153    3.0970    3.2420    4.2266    4.2695    4.4774    4.4851    4.5089    4.5471    4.7593    4.8035    5.2746    5.2769    5.4721    5.4960    5.9482    5.9767    6.1101    6.1237    6.5327    6.5958    6.6664    6.6717    6.8340    6.8812    7.0128    7.0189    7.2768    7.2839    7.6063    7.6080    7.9707    8.0073    8.0584    8.0658    8.2349    8.2913    8.3495    8.3600    8.6350    8.6786    8.9287    8.9522    9.1094    9.1322    9.4138    9.4271    9.6491    9.6713    9.6889    9.7154    9.9196    9.9656    9.9937    9.9961   10.3778   10.3781   10.3994   10.4167   10.4214   10.4308   10.4594   10.4975
  0.0798  -24.2162  -24.2159  -24.2158  -24.2155  -24.1869  -24.1869  -24.1865  -24.1865  -21.2620  -21.2614  -21.2614  -21.2607  -21.2361  -21.2360  -21.2358  -21.2356  -21.2197  -21.2191  -21.2189  -21.2184  -11.2995  -11.2967  -11.0158  -11.0128   -7.8407   -7.8075   -7.4776   -7.4404   -3.0427   -2.7195   -2.6578   -2.2875   -1.6159   -1.2834   -1.2474   -0.9223   -0.6419   -0.6254   -0.3073   -0.2954    1.1499    1.1557    1.2312    1.3263    1.7854    2.1546    2.1924    2.6109    2.8418    2.9697    3.1295    3.2677    4.1893    4.2292    4.4463    4.4672    4.5270    4.6011    4.8088    4.8564    5.2504    5.2581    5.5037    5.5269    5.9404    5.9705    6.1547    6.1796    6.5205    6.5847    6.6218    6.6244    6.8935    6.9453    7.0759    7.0843    7.1732    7.1903    7.5642    7.5810    7.9510    7.9720    8.0331    8.0428    8.3101    8.3578    8.4173    8.4301    8.5256    8.5626    8.8708    8.9109    9.0469    9.0722    9.5135    9.5235    9.7543    9.7549    9.7870    9.7975    9.8919    9.9365   10.0345   10.0430   10.3294   10.3379   10.3666   10.3772   10.3908   10.4043   10.4718   10.5068
  0.0998  -24.2162  -24.2159  -24.2157  -24.2154  -24.1869  -24.1869  -24.1865  -24.1865  -21.2621  -21.2615  -21.2613  -21.2606  -21.2361  -21.2360  -21.2357  -21.2355  -21.2198  -21.2190  -21.2190  -21.2183  -11.3291  -11.3264  -10.9769  -10.9739   -7.8913   -7.8598   -7.4412   -7.4048   -3.0584   -2.6838   -2.6547   -2.2214   -1.6551   -1.2903   -1.2410   -0.8844   -0.6868   -0.6677   -0.2737   -0.2602    1.1569    1.1619    1.1922    1.3386    1.7428    2.0674    2.2223    2.6244    2.8062    2.9240    3.1601    3.2901    4.1526    4.1902    4.4095    4.4280    4.5786    4.6564    4.8580    4.9085    5.2295    5.2424    5.5299    5.5503    5.9408    5.9711    6.2104    6.2466    6.5209    6.5793    6.5801    6.5827    6.9169    6.9780    7.0986    7.1393    7.1428    7.1500    7.5088    7.5377    7.9212    7.9327    8.0140    8.0249    8.3854    8.3959    8.4211    8.4338    8.5051    8.5115    8.8444    8.9003    8.9803    9.0069    9.5924    9.5965    9.7941    9.8184    9.8542    9.8670    9.9056    9.9259   10.0840   10.1207   10.2508   10.2615   10.3183   10.3201   10.3667   10.3803   10.4685   10.4795
  0.1198  -24.2163  -24.2160  -24.2157  -24.2154  -24.1869  -24.1869  -24.1865  -24.1865  -21.2622  -21.2616  -21.2613  -21.2605  -21.2361  -21.2361  -21.2357  -21.2355  -21.2198  -21.2191  -21.2190  -21.2182  -11.3569  -11.3544  -10.9380  -10.9351   -7.9420   -7.9123   -7.4072   -7.3719   -3.0690   -2.7061   -2.5852   -2.1521   -1.6930   -1.3337   -1.1981   -0.8473   -0.7306   -0.7090   -0.2420   -0.2271    1.1364    1.1500    1.1767    1.3522    1.7137    1.9832    2.2466    2.6298    2.7724    2.8793    3.1887    3.3092    4.1166    4.1527    4.3747    4.3912    4.6313    4.7118    4.9066    4.9591    5.2103    5.2282    5.5518    5.5681    5.9503    5.9795    6.2771    6.3222    6.5336    6.5392    6.5396    6.5880    6.8706    6.9029    7.1380    7.1699    7.2013    7.2139    7.4456    7.4794    7.8891    7.8963    8.0007    8.0125    8.2774    8.3076    8.4528    8.4723    8.5831    8.5937    8.8397    8.9050    8.9218    8.9457    9.6366    9.6373    9.7324    9.8024    9.9066    9.9401    9.9461    9.9598   10.1224   10.1923   10.1981   10.2158   10.2562   10.2620   10.3436   10.3576   10.4167   10.4194
  0.1397  -24.2163  -24.2160  -24.2156  -24.2154  -24.1869  -24.1869  -24.1865  -24.1865  -21.2623  -21.2617  -21.2612  -21.2605  -21.2362  -21.2361  -21.2356  -21.2354  -21.2199  -21.2192  -21.2189  -21.2182  -11.3830  -11.3806  -10.8994  -10.8966   -7.9922   -7.9645   -7.3757   -7.3419   -3.0748   -2.7250   -2.5114   -2.0805   -1.7291   -1.3775   -1.1544   -0.8110   -0.7727   -0.7489   -0.2123   -0.1962    1.0636    1.1301    1.1941    1.3667    1.6985    1.9074    2.2659    2.6282    2.7410    2.8364    3.2152    3.3257    4.0816    4.1167    4.3419    4.3567    4.6833    4.7643    4.9555    5.0077    5.1909    5.2136    5.5722    5.5840    5.9695    5.9966    6.3515    6.3994    6.5019    6.5032    6.5610    6.5996    6.7889    6.7988    7.2143    7.2389    7.2573    7.2722    7.3785    7.4095    7.8649    7.8720    7.9929    8.0054    8.1568    8.1812    8.4971    8.4994    8.6659    8.6830    8.8471    8.8839    8.8992    8.9118    9.6545    9.6560    9.6575    9.7326    9.8825    9.9155    9.9827    9.9891   10.1336   10.1732   10.2071   10.2169   10.2316   10.2499   10.3226   10.3363   10.4103   10.4107
  0.1597  -24.2163  -24.2161  -24.2156  -24.2153  -24.1869  -24.1869  -24.1865  -24.1865  -21.2623  -21.2618  -21.2611  -21.2604  -21.2362  -21.2361  -21.2356  -21.2354  -21.2199  -21.2193  -21.2188  -21.2181  -11.4072  -11.4049  -10.8614  -10.8588   -8.0415   -8.0158   -7.3467   -7.3147   -3.0761   -2.7411   -2.4339   -2.0077   -1.7630   -1.4218   -1.1092   -0.8126   -0.7870   -0.7753   -0.1844   -0.1677    0.9764    1.0919    1.2137    1.3819    1.6951    1.8454    2.2810    2.6208    2.7125    2.7964    3.2396    3.3396    4.0479    4.0824    4.3111    4.3246    4.7322    4.8099    5.0067    5.0545    5.1702    5.1970    5.5951    5.6028    5.9981    6.0226    6.4264    6.4642    6.4685    6.4702    6.6099    6.6185    6.6972    6.7016    7.2724    7.2974    7.3022    7.3212    7.3421    7.3505    7.8557    7.8670    7.9903    8.0035    8.0401    8.0596    8.4814    8.5070    8.7418    8.7764    8.8664    8.8770    8.8819    8.9129    9.5657    9.6399    9.6679    9.6684    9.8311    9.8357    9.9639    9.9678   10.0886   10.1001   10.1748   10.2091   10.2741   10.2859   10.3236   10.3361   10.4920   10.4975
  0.1797  -24.2164  -24.2161  -24.2155  -24.2153  -24.1869  -24.1869  -24.1865  -24.1865  -21.2624  -21.2619  -21.2610  -21.2604  -21.2362  -21.2362  -21.2356  -21.2354  -21.2200  -21.2193  -21.2187  -21.2181  -11.4295  -11.4274  -10.8244  -10.8220   -8.0893   -8.0658   -7.3203   -7.2903   -3.0732   -2.7551   -2.3534   -1.9352   -1.7943   -1.4662   -1.0618   -0.8497   -0.8229   -0.7400   -0.1580   -0.1417    0.8784    1.0323    1.2350    1.3971    1.6999    1.8006    2.2928    2.6086    2.6878    2.7601    3.2619    3.3515    4.0158    4.0499    4.2823    4.2946    4.7748    4.8443    5.0637    5.1014    5.1474    5.1774    5.6238    5.6286    6.0343    6.0562    6.4401    6.4414    6.4875    6.5064    6.6041    6.6187    6.6505    6.6814    7.2086    7.2352    7.3739    7.3764    7.3831    7.4083    7.8600    7.8828    7.9337    7.9520    7.9923    8.0062    8.4276    8.4683    8.7832    8.8590    8.8940    8.8960    8.9176    8.9179    9.4690    9.5334    9.6779    9.6816    9.7558    9.7814    9.9066    9.9152   10.0157   10.0227   10.1471   10.1781   10.2693   10.2825   10.3671   10.3987   10.6305   10.6323
  0.1996  -24.2164  -24.2162  -24.2155  -24.2153  -24.1869  -24.1868  -24.1866  -24.1865  -21.2625  -21.2620  -21.2609  -21.2604  -21.2362  -21.2362  -21.2355  -21.2353  -21.2200  -21.2194  -21.2186  -21.2181  -11.4498  -11.4479  -10.7889  -10.7866   -8.1351   -8.1137   -7.2963   -7.2686   -3.0665   -2.7675   -2.2707   -1.8648   -1.8223   -1.5108   -1.0109   -0.8837   -0.8565   -0.7048   -0.1334   -0.1185    0.7734    0.9514    1.2575    1.4119    1.7097    1.7728    2.3021    2.5927    2.6672    2.7283    3.2822    3.3615    3.9856    4.0193    4.2556    4.2670    4.8079    4.8651    5.1224    5.1283    5.1513    5.1546    5.6603    5.6637    6.0743    6.0943    6.4175    6.4183    6.5192    6.5234    6.5311    6.5450    6.7000    6.7554    7.1407    7.1621    7.3975    7.4130    7.4697    7.4968    7.8167    7.8314    7.9236    7.9306    7.9988    8.0132    8.3500    8.3965    8.7841    8.8583    8.9156    8.9228    8.9952    9.0024    9.3691    9.4219    9.6853    9.6912    9.6988    9.7399    9.8445    9.8555    9.9403    9.9455   10.1185   10.1452   10.2491   10.2656   10.4240   10.4474   10.7866   10.7910
  0.2196  -24.2164  -24.2162  -24.2154  -24.2152  -24.1869  -24.1868  -24.1866  -24.1865  -21.2625  -21.2621  -21.2608  -21.2603  -21.2362  -21.2362  -21.2355  -21.2353  -21.2200  -21.2195  -21.2186  -21.2181  -11.4680  -11.4663  -10.7552  -10.7532   -8.1782   -8.1591   -7.2749   -7.2497   -3.0563   -2.7790   -2.1868   -1.8465   -1.7985   -1.5551   -0.9553   -0.9142   -0.8875   -0.6693   -0.1104   -0.0984    0.6645    0.8530    1.2810    1.4257    1.7217    1.7586    2.3098    2.5737    2.6513    2.7016    3.3005    3.3698    3.9577    3.9907    4.2312    4.2417    4.8295    4.8736    5.0957    5.1286    5.2006    5.2072    5.7049    5.7084    6.1110    6.1301    6.3984    6.4054    6.4621    6.4858    6.5216    6.5428    6.7485    6.8000    7.0932    7.1196    7.4069    7.4397    7.5563    7.5845    7.7348    7.7561    7.9697    7.9906    8.0092    8.0241    8.2597    8.3064    8.7637    8.8206    8.9267    8.9428    9.0906    9.0962    9.2777    9.3150    9.6259    9.7021    9.7054    9.7123    9.7962    9.8093    9.8676    9.8712   10.0974   10.1171   10.2295   10.2479   10.4608   10.4738   10.8389   10.8727
  0.2395  -24.2164  -24.2163  -24.2154  -24.2152  -24.1869  -24.1868  -24.1866  -24.1865  -21.2625  -21.2622  -21.2608  -21.2603  -21.2362  -21.2362  -21.2354  -21.2353  -21.2200  -21.2196  -21.2185  -21.2180  -11.4842  -11.4827  -10.7238  -10.7220   -8.2181   -8.2014   -7.2559   -7.2334   -3.0429   -2.7904   -2.1029   -1.8663   -1.7387   -1.5989   -0.9410   -0.9156   -0.8936   -0.6328   -0.0896   -0.0821    0.5549    0.7420    1.3048    1.4379    1.7340    1.7534    2.3167    2.5527    2.6401    2.6804    3.3169    3.3765    3.9323    3.9642    4.2092    4.2189    4.8400    4.8728    5.0681    5.1004    5.2706    5.2789    5.7566    5.7617    6.1344    6.1525    6.3747    6.3941    6.4403    6.4575    6.5016    6.5396    6.7655    6.7892    7.0861    7.1256    7.4081    7.4491    7.6414    7.6684    7.6783    7.7066    8.0233    8.0343    8.0377    8.0637    8.1645    8.2072    8.7303    8.7695    8.9201    8.9452    9.1125    9.1547    9.2595    9.2608    9.5779    9.6751    9.6913    9.6969    9.7804    9.7901    9.8033    9.8070   10.0966   10.1063   10.2109   10.2310   10.4719   10.4776   10.8903   10.9315
  0.2595  -24.2165  -24.2163  -24.2153  -24.2152  -24.1868  -24.1868  -24.1866  -24.1866  -21.2626  -21.2623  -21.2607  -21.2603  -21.2363  -21.2362  -21.2354  -21.2353  -21.2200  -21.2196  -21.2184  -21.2180  -11.4983  -11.4970  -10.6953  -10.6937   -8.2541   -8.2397   -7.2393   -7.2197   -3.0270   -2.8022   -2.0203   -1.8810   -1.6878   -1.6417   -0.9640   -0.9406   -0.8243   -0.5945   -0.0713   -0.0706    0.4475    0.6231    1.3285    1.4480    1.7450    1.7534    2.3236    2.5302    2.6334    2.6646    3.3314    3.3817    3.9098    3.9399    4.1898    4.1985    4.8420    4.8660    5.0409    5.0712    5.3410    5.3619    5.8133    5.8215    6.1384    6.1527    6.3459    6.3678    6.4624    6.4654    6.4817    6.5149    6.7448    6.7454    7.1133    7.1439    7.4236    7.4395    7.6651    7.6842    7.7231    7.7429    8.0365    8.0471    8.0768    8.1061    8.1114    8.1407    8.6877    8.7095    8.8948    8.9273    9.0447    9.0847    9.3330    9.3470    9.5470    9.6458    9.6629    9.6641    9.7329    9.7350    9.7911    9.8011   10.1286   10.1295   10.1933   10.2152   10.4573   10.4609   10.9424   10.9886
  0.2795  -24.2165  -24.2163  -24.2153  -24.2152  -24.1868  -24.1868  -24.1866  -24.1866  -21.2626  -21.2624  -21.2607  -21.2603  -21.2363  -21.2363  -21.2354  -21.2352  -21.2200  -21.2197  -21.2184  -21.2180  -11.5103  -11.5092  -10.6700  -10.6687   -8.2857   -8.2737   -7.2251   -7.2085   -3.0088   -2.8151   -1.9405   -1.8902   -1.6830   -1.6478   -0.9831   -0.9625   -0.7467   -0.5536   -0.0658   -0.0566    0.3462    0.5008    1.3517    1.4554    1.7540    1.7559    2.3314    2.5069    2.6307    2.6539    3.3442    3.3855    3.8906    3.9179    4.1731    4.1807    4.8385    4.8560    5.0154    5.0425    5.4171    5.4483    5.8719    5.8854    6.1271    6.1359    6.3236    6.3412    6.4080    6.4636    6.5187    6.5369    6.7006    6.7057    7.1339    7.1372    7.4362    7.4756    7.6818    7.6874    7.7914    7.7978    7.9836    7.9882    8.0752    8.0932    8.1765    8.2112    8.6375    8.6434    8.8539    8.8914    8.9802    9.0065    9.3822    9.4557    9.5611    9.6155    9.6342    9.6349    9.6784    9.6793    9.7833    9.7937   10.1766   10.1907   10.1985   10.2002   10.4222   10.4276   10.9940   11.0416
  0.2994  -24.2165  -24.2164  -24.2153  -24.2152  -24.1868  -24.1867  -24.1867  -24.1866  -21.2626  -21.2624  -21.2606  -21.2603  -21.2363  -21.2363  -21.2353  -21.2352  -21.2200  -21.2198  -21.2183  -21.2180  -11.5201  -11.5192  -10.6486  -10.6475   -8.3123   -8.3026   -7.2132   -7.1998   -2.9890   -2.8294   -1.8935   -1.8653   -1.7223   -1.6203   -0.9983   -0.9810   -0.6607   -0.5093   -0.0711   -0.0475    0.2563    0.3799    1.3738    1.4597    1.7591    1.7606    2.3406    2.4834    2.6309    2.6475    3.3553    3.3879    3.8749    3.8986    4.1593    4.1658    4.8325    4.8451    4.9929    5.0157    5.4972    5.5368    5.9273    5.9501    6.1090    6.1132    6.3076    6.3204    6.3457    6.3913    6.5859    6.6053    6.6607    6.6618    7.1030    7.1321    7.4648    7.5528    7.6920    7.7289    7.7768    7.8421    7.9046    7.9655    8.1108    8.1200    8.2354    8.2634    8.5746    8.5802    8.8024    8.8421    8.9461    8.9499    9.3708    9.5385    9.6044    9.6086    9.6099    9.6339    9.6344    9.6372    9.7678    9.7767   10.1604   10.1855   10.2836   10.2939   10.3761   10.3841   11.0408   11.0859
  0.3194  -24.2165  -24.2164  -24.2153  -24.2152  -24.1868  -24.1867  -24.1867  -24.1866  -21.2626  -21.2625  -21.2605  -21.2603  -21.2363  -21.2363  -21.2353  -21.2352  -21.2200  -21.2198  -21.2182  -21.2180  -11.5277  -11.5270  -10.6313  -10.6305   -8.3333   -8.3260   -7.2035   -7.1934   -2.9679   -2.8453   -1.8908   -1.7965   -1.7590   -1.6062   -1.0095   -0.9961   -0.5674   -0.4610   -0.0918   -0.0490    0.1851    0.2677    1.3943    1.4606    1.7621    1.7649    2.3515    2.4602    2.6330    2.6441    3.3647    3.3889    3.8631    3.8821    4.1486    4.1537    4.8260    4.8348    4.9746    4.9923    5.5794    5.6255    5.9705    6.0095    6.0907    6.0920    6.2877    6.2962    6.3050    6.3117    6.6140    6.6234    6.6567    6.6758    7.0711    7.1066    7.5163    7.6281    7.7128    7.7157    7.7704    7.7794    7.9324    7.9812    8.1572    8.1584    8.2714    8.2888    8.5086    8.5186    8.7466    8.7851    8.9250    8.9513    9.3345    9.5097    9.5812    9.5819    9.6070    9.6079    9.6890    9.7330    9.7506    9.7572   10.1445   10.1706   10.3298   10.3382   10.3937   10.4037   11.0400   11.0467
  0.3393  -24.2165  -24.2164  -24.2152  -24.2152  -24.1868  -24.1867  -24.1867  -24.1866  -21.2626  -21.2625  -21.2605  -21.2603  -21.2363  -21.2363  -21.2353  -21.2352  -21.2200  -21.2198  -21.2182  -21.2180  -11.5331  -11.5326  -10.6186  -10.6181   -8.3483   -8.3434   -7.1962   -7.1894   -2.9462   -2.8630   -1.8820   -1.7925   -1.7359   -1.6059   -1.0167   -1.0076   -0.4696   -0.4090   -0.1301   -0.0716    0.1387    0.1777    1.4128    1.4579    1.7646    1.7673    2.3646    2.4379    2.6359    2.6426    3.3725    3.3885    3.8556    3.8688    4.1411    4.1446    4.8208    4.8263    4.9616    4.9737    5.6608    5.7101    5.9870    6.0481    6.0758    6.0758    6.2453    6.2506    6.2888    6.2942    6.5698    6.5832    6.7219    6.7380    7.0486    7.0779    7.5716    7.6475    7.6663    7.6873    7.7693    7.8303    7.9686    7.9970    8.2004    8.2095    8.2770    8.2872    8.4553    8.4627    8.6945    8.7272    8.9342    8.9843    9.2977    9.4495    9.5554    9.5556    9.5943    9.5953    9.7362    9.7404    9.7818    9.8212   10.1301   10.1551   10.2921   10.2977   10.5077   10.5158   10.9508   10.9535
  0.3593  -24.2165  -24.2164  -24.2152  -24.2152  -24.1868  -24.1867  -24.1867  -24.1866  -21.2626  -21.2626  -21.2604  -21.2604  -21.2363  -21.2363  -21.2352  -21.2352  -21.2200  -21.2199  -21.2181  -21.2181  -11.5363  -11.5361  -10.6108  -10.6106   -8.3569   -8.3545   -7.1911   -7.1877   -2.9243   -2.8823   -1.8674   -1.8221   -1.6853   -1.6193   -1.0201   -1.0155   -0.3763   -0.3570   -0.1758   -0.1262    0.1154    0.1265    1.4287    1.4516    1.7665    1.7681    2.3799    2.4168    2.6386    2.6417    3.3787    3.3867    3.8524    3.8593    4.1370    4.1387    4.8177    4.8204    4.9547    4.9609    5.7356    5.7766    5.9780    6.0355    6.0659    6.0661    6.2237    6.2399    6.2848    6.2874    6.5367    6.5471    6.7710    6.7806    7.0388    7.0549    7.6037    7.6189    7.6247    7.6693    7.8333    7.8680    7.9917    8.0046    8.2401    8.2489    8.2614    8.2683    8.4236    8.4259    8.6579    8.6779    8.9676    9.0126    9.2840    9.3801    9.5386    9.5387    9.5882    9.5888    9.7270    9.7290    9.8553    9.8817   10.1215   10.1396   10.2672   10.2695   10.6062   10.6110   10.8871   10.8892
  0.3793  -24.2165  -24.2165  -24.2152  -24.2152  -24.1867  -24.1867  -24.1867  -24.1867  -21.2626  -21.2626  -21.2604  -21.2604  -21.2363  -21.2363  -21.2352  -21.2352  -21.2199  -21.2199  -21.2181  -21.2181  -11.5373  -11.5373  -10.6081  -10.6081   -8.3590   -8.3590   -7.1883   -7.1883   -2.9029   -2.9029   -1.8472   -1.8472   -1.6460   -1.6460   -1.0197   -1.0197   -0.3268   -0.3268   -0.1853   -0.1853    0.1104    0.1104    1.4418    1.4418    1.7677    1.7677    2.3974    2.3974    2.6406    2.6406    3.3835    3.3835    3.8537    3.8537    4.1362    4.1362    4.8175    4.8175    4.9544    4.9545    5.7870    5.7870    5.9909    5.9909    6.0627    6.0627    6.2338    6.2338    6.2844    6.2844    6.5278    6.5278    6.7928    6.7928    7.0412    7.0413    7.5946    7.5947    7.6524    7.6524    7.8720    7.8720    8.0031    8.0031    8.2535    8.2535    8.2606    8.2606    8.4138    8.4138    8.6509    8.6509    9.0035    9.0035    9.3161    9.3161    9.5329    9.5329    9.5866    9.5866    9.7244    9.7245    9.8938    9.8938   10.1258   10.1258   10.2587   10.2587   10.6512   10.6512   10.8648   10.8650
  0.3793  -24.2165  -24.2165  -24.2152  -24.2152  -24.1867  -24.1867  -24.1867  -24.1867  -21.2626  -21.2626  -21.2604  -21.2604  -21.2363  -21.2363  -21.2352  -21.2352  -21.2199  -21.2199  -21.2181  -21.2181  -11.5373  -11.5373  -10.6081  -10.6081   -8.3590   -8.3590   -7.1883   -7.1883   -2.9029   -2.9029   -1.8472   -1.8472   -1.6460   -1.6460   -1.0197   -1.0197   -0.3268   -0.3268   -0.1853   -0.1853    0.1104    0.1104    1.4418    1.4418    1.7677    1.7677    2.3974    2.3974    2.6406    2.6406    3.3835    3.3835    3.8537    3.8537    4.1362    4.1362    4.8175    4.8175    4.9544    4.9545    5.7870    5.7870    5.9909    5.9909    6.0627    6.0627    6.2338    6.2338    6.2844    6.2844    6.5278    6.5278    6.7928    6.7928    7.0412    7.0413    7.5946    7.5947    7.6524    7.6524    7.8720    7.8720    8.0031    8.0031    8.2535    8.2535    8.2606    8.2606    8.4138    8.4138    8.6509    8.6509    9.0035    9.0035    9.3161    9.3161    9.5329    9.5329    9.5866    9.5866    9.7244    9.7245    9.8938    9.8938   10.1258   10.1258   10.2587   10.2587   10.6512   10.6512   10.8647   10.8648
  0.4229  -24.2165  -24.2164  -24.2154  -24.2150  -24.1868  -24.1867  -24.1867  -24.1866  -21.2626  -21.2625  -21.2607  -21.2600  -21.2366  -21.2361  -21.2354  -21.2352  -21.2200  -21.2198  -21.2181  -21.2180  -11.5321  -11.5314  -10.6072  -10.6066   -8.3602   -8.3530   -7.1944   -7.1881   -2.9334   -2.8718   -1.8835   -1.8211   -1.7034   -1.6198   -1.0612   -1.0207   -0.4373   -0.3889   -0.2240   -0.0778    0.0435    0.2528    1.4296    1.5274    1.7764    1.7905    2.3744    2.4262    2.6002    2.6523    3.3416    3.3736    3.8561    3.8734    4.1425    4.1470    4.8255    4.8312    4.9642    4.9837    5.7411    5.7940    5.9848    6.0450    6.0812    6.0849    6.2273    6.2444    6.2900    6.2973    6.5402    6.5512    6.7768    6.7896    7.0392    7.0754    7.5312    7.5725    7.6037    7.6550    7.8397    7.8783    7.9701    8.0212    8.1860    8.2298    8.2660    8.2747    8.4185    8.4329    8.7171    8.7618    8.9351    8.9735    9.2556    9.3430    9.4449    9.4483    9.6817    9.7044    9.7662    9.7667    9.7780    9.8877   10.0101   10.0862   10.3660   10.3842   10.6098   10.6173   10.9564   10.9725
  0.4666  -24.2165  -24.2163  -24.2155  -24.2148  -24.1869  -24.1868  -24.1866  -24.1865  -21.2625  -21.2622  -21.2610  -21.2595  -21.2369  -21.2359  -21.2356  -21.2351  -21.2200  -21.2196  -21.2182  -21.2180  -11.5157  -11.5144  -10.6036  -10.6024   -8.3566   -8.3423   -7.2064   -7.1940   -2.9633   -2.8405   -1.9321   -1.8076   -1.7905   -1.6245   -1.1267   -1.0646   -0.6260   -0.5218   -0.2268   -0.1175    0.1751    0.4021    1.4869    1.6710    1.8040    1.8429    2.3544    2.4660    2.5375    2.6530    3.2522    3.3186    3.8817    3.9094    4.1657    4.1735    4.8548    4.8681    5.0088    5.0439    5.6898    5.7573    6.0159    6.0852    6.1349    6.1462    6.2640    6.2718    6.3142    6.3310    6.5792    6.6005    6.7465    6.7701    7.0648    7.1302    7.4046    7.4546    7.5170    7.5964    7.8066    7.8663    7.9226    7.9447    8.1739    8.2067    8.3033    8.3178    8.4359    8.4627    8.8360    8.8533    8.8813    8.9365    9.2220    9.2981    9.3657    9.3853    9.6061    9.6840    9.7789    9.7993    9.9070    9.9350    9.9894   10.0390   10.5521   10.5559   10.5639   10.5711   11.0441   11.0687
  0.5102  -24.2164  -24.2161  -24.2156  -24.2146  -24.1869  -24.1869  -24.1865  -24.1865  -21.2624  -21.2619  -21.2612  -21.2589  -21.2373  -21.2358  -21.2358  -21.2352  -21.2200  -21.2194  -21.2182  -21.2179  -11.4883  -11.4863  -10.5973  -10.5956   -8.3487   -8.3276   -7.2248   -7.2065   -2.9927   -2.8091   -1.9983   -1.9040   -1.8135   -1.6588   -1.1910   -1.1337   -0.8263   -0.6783   -0.2411   -0.1724    0.3353    0.5338    1.5905    1.8161    1.8452    1.9250    2.3357    2.4759    2.5243    2.6755    3.1283    3.2351    3.9266    3.9568    4.2039    4.2142    4.9055    4.9297    5.0758    5.1193    5.6443    5.7110    6.0254    6.0772    6.2062    6.2332    6.3362    6.3602    6.3818    6.3883    6.6159    6.6548    6.7102    6.7425    7.1022    7.1800    7.2580    7.2994    7.4120    7.4788    7.7918    7.7967    7.8087    7.8548    8.2717    8.3066    8.3423    8.3614    8.4379    8.4738    8.7515    8.7745    9.0499    9.0996    9.1854    9.2069    9.3112    9.3473    9.4690    9.5437    9.8637    9.8942    9.9564   10.0399   10.0690   10.0970   10.5477   10.5814   10.6552   10.6676   10.9718   11.0037
  0.5538  -24.2163  -24.2160  -24.2157  -24.2143  -24.1870  -24.1870  -24.1865  -24.1864  -21.2622  -21.2616  -21.2612  -21.2583  -21.2377  -21.2361  -21.2357  -21.2353  -21.2200  -21.2192  -21.2182  -21.2178  -11.4501  -11.4475  -10.5883  -10.5860   -8.3376   -8.3098   -7.2502   -7.2264   -3.0219   -2.7779   -2.0852   -2.0380   -1.8458   -1.7214   -1.2405   -1.1963   -1.0250   -0.8381   -0.2663   -0.2192    0.4810    0.6325    1.7055    1.8018    2.0154    2.0173    2.3179    2.4470    2.6062    2.7394    2.9911    3.1489    3.9858    4.0141    4.2552    4.2673    4.9766    5.0157    5.1512    5.1949    5.6082    5.6696    6.0116    6.0541    6.2672    6.3083    6.4212    6.4226    6.4556    6.5347    6.6290    6.6712    6.6826    6.7180    7.1136    7.1561    7.1836    7.1909    7.3504    7.3764    7.6435    7.6643    7.8011    7.8493    8.3494    8.3820    8.4256    8.4293    8.4369    8.4696    8.7342    8.7738    9.1154    9.1393    9.1867    9.2195    9.2726    9.3366    9.4331    9.5087    9.9070    9.9267    9.9316   10.0159   10.2397   10.2649   10.5259   10.5431   10.5817   10.5873   10.8242   10.8471
  0.5975  -24.2162  -24.2158  -24.2158  -24.2141  -24.1871  -24.1870  -24.1864  -24.1863  -21.2618  -21.2612  -21.2611  -21.2577  -21.2382  -21.2364  -21.2357  -21.2355  -21.2198  -21.2189  -21.2182  -21.2177  -11.4013  -11.3981  -10.5765  -10.5737   -8.3242   -8.2902   -7.2834   -7.2546   -3.0521   -2.7477   -2.1891   -2.1854   -1.9053   -1.8100   -1.2855   -1.2171   -1.2127   -0.9930   -0.3051   -0.2559    0.5981    0.6898    1.7806    1.7974    2.0966    2.1393    2.3034    2.4780    2.6846    2.8365    2.8833    3.0989    4.0552    4.0814    4.3179    4.3320    5.0637    5.1231    5.2257    5.2629    5.5856    5.6385    5.9946    6.0362    6.2780    6.3228    6.4083    6.4700    6.4967    6.5626    6.6960    6.7081    6.7107    6.7246    7.0508    7.1355    7.1534    7.1991    7.3807    7.4025    7.5235    7.5394    7.8045    7.8433    8.2683    8.2985    8.4388    8.4569    8.6062    8.6523    8.7591    8.8353    9.0989    9.1217    9.2082    9.2366    9.3417    9.3995    9.4714    9.5287    9.8987    9.9132    9.9256    9.9560   10.2114   10.2288   10.4239   10.4472   10.5424   10.5852   10.5934   10.5986
  0.6411  -24.2161  -24.2158  -24.2156  -24.2139  -24.1871  -24.1871  -24.1863  -24.1863  -21.2615  -21.2611  -21.2606  -21.2571  -21.2386  -21.2368  -21.2358  -21.2357  -21.2197  -21.2186  -21.2181  -21.2176  -11.3422  -11.3386  -10.5618  -10.5585   -8.3100   -8.2703   -7.3255   -7.2924   -3.0844   -2.7199   -2.3381   -2.2984   -1.9818   -1.9211   -1.3829   -1.3171   -1.2055   -1.1398   -0.3568   -0.2880    0.6684    0.7136    1.7804    1.8443    2.1634    2.1719    2.2980    2.5629    2.6584    2.8964    2.9448    3.1315    4.1318    4.1585    4.3908    4.4068    5.1564    5.2443    5.2945    5.3223    5.5803    5.6220    5.9870    6.0362    6.2094    6.2500    6.2837    6.3814    6.5325    6.5463    6.7350    6.7555    6.8422    6.8894    6.9814    7.0735    7.2363    7.2933    7.4774    7.4793    7.4811    7.5018    7.8042    7.8349    8.1569    8.1731    8.4380    8.4977    8.7413    8.7853    8.7993    8.9273    9.1377    9.1679    9.2184    9.2519    9.4376    9.4807    9.4923    9.5254    9.9006    9.9051    9.9061    9.9315   10.0376   10.0527   10.2367   10.2486   10.3567   10.4119   10.6212   10.6859
  0.6848  -24.2159  -24.2158  -24.2154  -24.2137  -24.1871  -24.1871  -24.1863  -24.1863  -21.2610  -21.2610  -21.2601  -21.2566  -21.2390  -21.2371  -21.2359  -21.2359  -21.2195  -21.2183  -21.2180  -21.2175  -11.2735  -11.2694  -10.5442  -10.5405   -8.2964   -8.2517   -7.3773   -7.3408   -3.1198   -2.6984   -2.4888   -2.3993   -2.0590   -2.0480   -1.5334   -1.3313   -1.2774   -1.1808   -0.4183   -0.3255    0.6672    0.7389    1.8162    1.8413    2.1217    2.2344    2.2887    2.5834    2.6679    2.9717    3.0443    3.2284    4.2135    4.2436    4.4723    4.4905    5.2360    5.3553    5.3618    5.3764    5.5902    5.6274    5.9918    6.0694    6.1164    6.1532    6.1586    6.1817    6.6125    6.6228    6.7689    6.7791    6.8696    6.9631    7.0623    7.0965    7.3095    7.3414    7.5552    7.5831    7.5939    7.6189    7.8052    7.8288    8.0771    8.0860    8.4152    8.4989    8.7447    8.7764    8.8069    8.9728    9.2017    9.2494    9.3386    9.3768    9.4731    9.4796    9.4963    9.4967    9.8525    9.8595    9.9036    9.9175   10.0212   10.0252   10.0314   10.0410   10.3180   10.3942   10.5484   10.5897
  0.7284  -24.2157  -24.2157  -24.2151  -24.2135  -24.1872  -24.1872  -24.1863  -24.1862  -21.2608  -21.2606  -21.2596  -21.2561  -21.2394  -21.2374  -21.2361  -21.2360  -21.2192  -21.2180  -21.2179  -21.2173  -11.1956  -11.1912  -10.5239  -10.5198   -8.2847   -8.2361   -7.4395   -7.4008   -3.1583   -2.6915   -2.6307   -2.4768   -2.1814   -2.1211   -1.6660   -1.4052   -1.3346   -1.1541   -0.4897   -0.3757    0.6371    0.7526    1.7927    1.8833    2.0361    2.2736    2.3143    2.5177    2.7653    3.0435    3.1206    3.3149    4.2990    4.3344    4.5606    4.5817    5.2863    5.4079    5.4310    5.4446    5.6039    5.6515    5.9650    6.0202    6.0482    6.0813    6.1514    6.1692    6.6886    6.7020    6.8005    6.8012    6.8061    6.8867    7.2239    7.2886    7.3883    7.4081    7.6472    7.6921    7.6974    7.7497    7.7997    7.8259    8.0938    8.1035    8.3830    8.4617    8.6487    8.6830    8.7248    8.8592    9.2786    9.3453    9.4115    9.4176    9.4681    9.4817    9.5193    9.5711    9.7422    9.7564    9.8591    9.8686   10.0115   10.0422   10.1199   10.1326   10.3446   10.4299   10.4631   10.4782
  0.7721  -24.2156  -24.2155  -24.2149  -24.2133  -24.1872  -24.1872  -24.1863  -24.1862  -21.2606  -21.2602  -21.2591  -21.2556  -21.2398  -21.2378  -21.2364  -21.2361  -21.2189  -21.2178  -21.2177  -21.2171  -11.1095  -11.1048  -10.5009  -10.4966   -8.2762   -8.2250   -7.5126   -7.4729   -3.1975   -2.7587   -2.7102   -2.5172   -2.3119   -2.1581   -1.7844   -1.5233   -1.3336   -1.1329   -0.5706   -0.4423    0.6090    0.7562    1.7090    1.9502    1.9665    2.2555    2.3968    2.4635    2.8393    3.0835    3.1652    3.3472    4.3872    4.4308    4.6543    4.6797    5.3071    5.4585    5.4731    5.4883    5.6170    5.6646    5.9231    5.9428    6.0248    6.0519    6.2873    6.3282    6.7235    6.7413    6.7463    6.8107    6.8764    6.8828    7.3888    7.4723    7.5055    7.5329    7.6552    7.7137    7.7905    7.8030    7.8347    7.8351    8.2024    8.2341    8.3528    8.3923    8.5511    8.5992    8.6102    8.6838    9.2018    9.2293    9.3497    9.3517    9.4312    9.5040    9.6009    9.6699    9.7364    9.7680    9.8572    9.8873   10.0239   10.0347   10.2029   10.2262   10.2890   10.3069   10.3341   10.3519
  0.8157  -24.2155  -24.2152  -24.2147  -24.2132  -24.1872  -24.1872  -24.1862  -24.1862  -21.2603  -21.2597  -21.2587  -21.2553  -21.2400  -21.2381  -21.2366  -21.2363  -21.2186  -21.2176  -21.2174  -21.2170  -11.0161  -11.0112  -10.4758  -10.4713   -8.2718   -8.2193   -7.5962   -7.5568   -3.2332   -2.8686   -2.7488   -2.5252   -2.4325   -2.1675   -1.8915   -1.6321   -1.3326   -1.1222   -0.6592   -0.5252    0.5946    0.7591    1.6060    1.8754    2.0510    2.2281    2.4205    2.4738    2.8824    3.0825    3.1761    3.3198    4.4792    4.5338    4.7527    4.7844    5.3050    5.4595    5.5134    5.5473    5.6264    5.6671    5.9191    5.9397    6.0528    6.0712    6.4614    6.5241    6.7307    6.7371    6.7743    6.7811    6.9931    6.9992    7.5109    7.5806    7.5880    7.6275    7.6744    7.7162    7.8507    7.8695    7.8794    7.8940    8.1813    8.2721    8.3995    8.4544    8.4991    8.5554    8.5639    8.5831    8.9914    9.0070    9.3039    9.3160    9.3676    9.4556    9.5008    9.5309    9.7724    9.7943    9.8243    9.8346   10.0350   10.0379   10.1041   10.1237   10.2996   10.3113   10.3309   10.3483
  0.8594  -24.2153  -24.2150  -24.2144  -24.2131  -24.1872  -24.1871  -24.1862  -24.1862  -21.2601  -21.2593  -21.2583  -21.2552  -21.2401  -21.2383  -21.2369  -21.2364  -21.2182  -21.2174  -21.2171  -21.2168  -10.9168  -10.9120  -10.4490  -10.4443   -8.2720   -8.2198   -7.6894   -7.6516   -3.2604   -2.9582   -2.7883   -2.5388   -2.5185   -2.1540   -1.9887   -1.7321   -1.3332   -1.1241   -0.7518   -0.6200    0.5964    0.7663    1.4967    1.8048    2.1264    2.1857    2.3925    2.5393    2.8943    3.0464    3.1579    3.2556    4.5771    4.6429    4.8562    4.8952    5.2829    5.4187    5.5746    5.6070    5.6364    5.6794    5.9546    5.9735    6.1298    6.1449    6.5771    6.6469    6.7579    6.8071    6.8081    6.8814    7.1236    7.1299    7.5388    7.5419    7.5617    7.5868    7.7134    7.7829    7.9235    7.9536    8.0528    8.0616    8.0884    8.1736    8.4635    8.4734    8.5013    8.5493    8.6332    8.6472    8.8431    8.8556    9.2029    9.2151    9.2489    9.3178    9.3530    9.3851    9.5861    9.6142    9.6969    9.7509   10.0332   10.0484   10.1491   10.1574   10.2968   10.3223   10.3881   10.4008
  0.9030  -24.2152  -24.2148  -24.2143  -24.2131  -24.1871  -24.1871  -24.1863  -24.1863  -21.2598  -21.2590  -21.2579  -21.2552  -21.2402  -21.2385  -21.2371  -21.2366  -21.2179  -21.2172  -21.2168  -21.2166  -10.8135  -10.8088  -10.4212  -10.4166   -8.2765   -8.2263   -7.7903   -7.7553   -3.2748   -3.0261   -2.8188   -2.6293   -2.5064   -2.1272   -2.0761   -1.8242   -1.3337   -1.1375   -0.8442   -0.7204    0.6123    0.7784    1.3850    1.7215    2.1382    2.1874    2.3821    2.5884    2.8808    2.9857    3.1209    3.1884    4.6797    4.7514    4.9683    5.0118    5.2426    5.3558    5.6448    5.6581    5.6710    5.7059    6.0104    6.0273    6.2464    6.2707    6.6388    6.7156    6.7823    6.8359    6.9027    7.0082    7.2403    7.2449    7.4771    7.4856    7.5187    7.5486    7.7559    7.8418    7.9237    7.9727    8.1289    8.2045    8.2662    8.3207    8.3887    8.4196    8.4368    8.4582    8.6643    8.7064    8.9585    8.9747    8.9880    9.0239    9.1480    9.1819    9.2908    9.3156    9.3496    9.3791    9.6190    9.6618    9.9672   10.0311   10.1368   10.1533   10.2755   10.3104   10.3752   10.4167
  0.9467  -24.2150  -24.2145  -24.2141  -24.2131  -24.1871  -24.1871  -24.1863  -24.1863  -21.2595  -21.2586  -21.2577  -21.2553  -21.2401  -21.2386  -21.2373  -21.2368  -21.2175  -21.2170  -21.2166  -21.2164  -10.7086  -10.7042  -10.3934  -10.3889   -8.2848   -8.2382   -7.8960   -7.8647   -3.2739   -3.0725   -2.8383   -2.7045   -2.4924   -2.1526   -2.0985   -1.9091   -1.3304   -1.1578   -0.9320   -0.8200    0.6382    0.7934    1.2694    1.6071    2.1089    2.2328    2.3888    2.6163    2.8543    2.9137    3.0763    3.1387    4.7794    4.8449    5.0979    5.1366    5.1902    5.2783    5.6943    5.7301    5.7468    5.7484    6.0725    6.0894    6.3904    6.4168    6.6934    6.7935    6.8007    6.8291    6.9405    7.0161    7.2833    7.2958    7.4333    7.4502    7.5406    7.5487    7.7858    7.8503    8.0162    8.0652    8.1739    8.2032    8.2231    8.2487    8.3421    8.3842    8.4841    8.5241    8.7933    8.8496    8.8652    8.8921    8.9586    8.9702    9.0999    9.1302    9.2878    9.2988    9.3015    9.3265    9.5907    9.6139    9.9450    9.9570    9.9766   10.0568   10.0987   10.1306   10.3652   10.4264
  0.9903  -24.2148  -24.2143  -24.2139  -24.2131  -24.1870  -24.1870  -24.1863  -24.1863  -21.2592  -21.2584  -21.2575  -21.2555  -21.2399  -21.2386  -21.2375  -21.2370  -21.2172  -21.2168  -21.2163  -21.2163  -10.6052  -10.6013  -10.3666  -10.3624   -8.2956   -8.2542   -8.0024   -7.9755   -3.2569   -3.0985   -2.8496   -2.7671   -2.4771   -2.2163   -2.0793   -1.9875   -1.3184   -1.1782   -1.0110   -0.9137    0.6698    0.8086    1.1491    1.4599    2.1106    2.2650    2.4118    2.6160    2.8316    2.8462    3.0323    3.1044    4.8647    4.9127    5.1357    5.1986    5.2519    5.2751    5.7412    5.7994    5.8344    5.8447    6.1314    6.1514    6.5036    6.5152    6.7054    6.8147    6.8262    6.8626    6.9657    7.0034    7.2960    7.3175    7.3187    7.3552    7.6691    7.6782    7.8255    7.8803    7.9717    8.0106    8.0173    8.0473    8.2186    8.2410    8.3860    8.4295    8.4771    8.5410    8.8062    8.8427    8.8437    8.8917    9.0190    9.0703    9.1072    9.1523    9.2849    9.3471    9.4788    9.5072    9.6567    9.6655    9.7978    9.8170    9.8957    9.9460    9.9758   10.0311   10.1944   10.2532
  1.0340  -24.2145  -24.2142  -24.2138  -24.2131  -24.1870  -24.1870  -24.1864  -24.1864  -21.2589  -21.2581  -21.2573  -21.2558  -21.2396  -21.2386  -21.2377  -21.2372  -21.2169  -21.2166  -21.2162  -21.2162  -10.5076  -10.5043  -10.3420  -10.3384   -8.3073   -8.2723   -8.1041   -8.0822   -3.2248   -3.1059   -2.8592   -2.8206   -2.4584   -2.2647   -2.0791   -2.0598   -1.2949   -1.1912   -1.0779   -0.9971    0.7036    0.8213    1.0293    1.2949    2.1406    2.2887    2.4467    2.5861    2.7936    2.8248    2.9931    3.0753    4.9287    4.9571    5.0883    5.1285    5.4263    5.4303    5.7910    5.8563    5.9504    5.9543    6.1808    6.2041    6.5038    6.5205    6.6703    6.7495    6.9131    7.0134    7.0187    7.0434    7.1749    7.2005    7.3643    7.4129    7.6459    7.6556    7.8064    7.8362    7.9801    7.9823    7.9824    8.0089    8.1636    8.1899    8.3085    8.3483    8.5890    8.6294    8.7462    8.8024    8.8200    8.8782    9.1247    9.1485    9.2309    9.3064    9.3827    9.4747    9.4874    9.5184    9.6644    9.6895    9.8057    9.9088    9.9161    9.9366    9.9698    9.9884   10.0082   10.0560
  1.0776  -24.2143  -24.2140  -24.2137  -24.2132  -24.1869  -24.1869  -24.1864  -24.1864  -21.2586  -21.2579  -21.2573  -21.2562  -21.2393  -21.2386  -21.2379  -21.2375  -21.2166  -21.2164  -21.2161  -21.2160  -10.4209  -10.4184  -10.3210  -10.3180   -8.3179   -8.2906   -8.1947   -8.1780   -3.1796   -3.0973   -2.8754   -2.8690   -2.4313   -2.2953   -2.1259   -2.1027   -1.2617   -1.1931   -1.1298   -1.0674    0.7366    0.8290    0.9214    1.1312    2.1916    2.3092    2.4790    2.5384    2.7645    2.8313    2.9592    3.0423    4.9727    4.9864    5.0540    5.0758    5.5934    5.6088    5.8312    5.9023    6.0537    6.0593    6.2202    6.2398    6.4990    6.5067    6.6424    6.6849    6.9530    6.9747    7.0473    7.1614    7.1778    7.1856    7.2706    7.2909    7.6601    7.6965    7.7135    7.7209    7.9216    7.9357    8.0246    8.0369    8.1779    8.2060    8.4062    8.4558    8.6468    8.6812    8.7192    8.7819    8.7965    8.8566    9.0854    9.0978    9.2367    9.3053    9.3223    9.3728    9.5131    9.5624    9.6818    9.7024    9.7624    9.7988    9.9215    9.9927   10.1431   10.1662   10.2588   10.2677
  1.1212  -24.2141  -24.2139  -24.2137  -24.2134  -24.1868  -24.1868  -24.1865  -24.1865  -21.2582  -21.2577  -21.2573  -21.2566  -21.2390  -21.2385  -21.2380  -21.2377  -21.2164  -21.2163  -21.2160  -21.2160  -10.3517  -10.3500  -10.3047  -10.3026   -8.3256   -8.3070   -8.2668   -8.2556   -3.1248   -3.0753   -2.9153   -2.9048   -2.3913   -2.3066   -2.1849   -2.1481   -1.2258   -1.1863   -1.1649   -1.1223    0.7666    0.8304    0.8403    0.9863    2.2558    2.3316    2.4841    2.4862    2.7728    2.8447    2.9299    2.9994    5.0010    5.0066    5.0339    5.0430    5.7401    5.7700    5.8500    5.9143    6.1383    6.1426    6.2658    6.2746    6.5565    6.5712    6.6340    6.6530    6.8490    6.8798    6.9698    7.0160    7.1756    7.1888    7.2401    7.2586    7.6515    7.6605    7.7156    7.7243    7.8479    7.8822    8.0878    8.1005    8.3872    8.4210    8.4939    8.5488    8.6952    8.7195    8.7318    8.7814    8.8047    8.8395    9.0178    9.0285    9.1033    9.1337    9.1492    9.1522    9.4653    9.5010    9.6090    9.6261    9.7943    9.8058    9.8192    9.8715   10.1545   10.1733   10.3915   10.4582
  1.1649  -24.2139  -24.2138  -24.2137  -24.2135  -24.1867  -24.1867  -24.1866  -24.1866  -21.2578  -21.2575  -21.2573  -21.2570  -21.2387  -21.2384  -21.2382  -21.2380  -21.2162  -21.2162  -21.2160  -21.2160  -10.3064  -10.3055  -10.2942  -10.2931   -8.3290   -8.3195   -8.3129   -8.3072   -3.0645   -3.0432   -2.9605   -2.9488   -2.3375   -2.2989   -2.2352   -2.2081   -1.1964   -1.1819   -1.1789   -1.1603    0.7920    0.8004    0.8246    0.8757    2.3260    2.3593    2.4369    2.4515    2.8187    2.8618    2.9043    2.9449    5.0170    5.0193    5.0249    5.0275    5.8313    5.8541    5.8559    5.8916    6.2535    6.2598    6.3297    6.3338    6.5917    6.5928    6.6332    6.6369    6.8034    6.8253    6.8409    6.8507    7.1283    7.1436    7.1822    7.1937    7.6410    7.6414    7.6506    7.6642    8.0457    8.0644    8.1411    8.1495    8.5651    8.5752    8.5880    8.6175    8.6992    8.7085    8.7496    8.7794    8.8549    8.8718    8.8886    8.9085    9.0117    9.0325    9.0546    9.0647    9.4159    9.4473    9.4655    9.4905    9.6254    9.6444    9.6594    9.6634   10.3787   10.4120   10.5163   10.5516
  1.2085  -24.2137  -24.2137  -24.2137  -24.2137  -24.1867  -24.1867  -24.1867  -24.1867  -21.2574  -21.2574  -21.2574  -21.2574  -21.2383  -21.2383  -21.2383  -21.2383  -21.2161  -21.2161  -21.2161  -21.2161  -10.2903  -10.2903  -10.2903  -10.2903   -8.3271   -8.3271   -8.3271   -8.3271   -3.0039   -3.0039   -3.0039   -3.0039   -2.2741   -2.2741   -2.2741   -2.2741   -1.1803   -1.1803   -1.1803   -1.1803    0.8116    0.8116    0.8116    0.8116    2.3943    2.3943    2.3943    2.3943    2.8817    2.8817    2.8817    2.8817    5.0230    5.0230    5.0230    5.0230    5.8651    5.8651    5.8651    5.8651    6.3771    6.3771    6.3771    6.3771    6.5427    6.5427    6.5427    6.5427    6.8502    6.8502    6.8503    6.8503    7.1042    7.1042    7.1042    7.1042    7.6484    7.6484    7.6484    7.6484    8.1655    8.1655    8.1656    8.1656    8.6311    8.6311    8.6311    8.6311    8.6965    8.6965    8.6965    8.6965    8.8845    8.8845    8.8846    8.8846    9.0358    9.0358    9.0358    9.0358    9.4074    9.4074    9.4075    9.4075    9.5588    9.5588    9.5589    9.5589   10.5660   10.5661   10.5662   10.5664
  1.2085  -24.2137  -24.2137  -24.2137  -24.2137  -24.1867  -24.1867  -24.1867  -24.1867  -21.2574  -21.2574  -21.2574  -21.2574  -21.2383  -21.2383  -21.2383  -21.2383  -21.2161  -21.2161  -21.2161  -21.2161  -10.2903  -10.2903  -10.2903  -10.2903   -8.3271   -8.3271   -8.3271   -8.3271   -3.0039   -3.0039   -3.0039   -3.0039   -2.2741   -2.2741   -2.2741   -2.2741   -1.1803   -1.1803   -1.1803   -1.1803    0.8116    0.8116    0.8116    0.8116    2.3943    2.3943    2.3943    2.3943    2.8817    2.8817    2.8817    2.8817    5.0230    5.0230    5.0230    5.0230    5.8651    5.8651    5.8651    5.8651    6.3771    6.3771    6.3771    6.3771    6.5427    6.5427    6.5427    6.5427    6.8502    6.8502    6.8503    6.8503    7.1042    7.1042    7.1042    7.1042    7.6484    7.6484    7.6484    7.6484    8.1655    8.1655    8.1656    8.1656    8.6311    8.6311    8.6311    8.6311    8.6965    8.6965    8.6965    8.6965    8.8845    8.8845    8.8846    8.8846    9.0358    9.0358    9.0358    9.0358    9.4074    9.4074    9.4075    9.4075    9.5588    9.5588    9.5589    9.5589   10.5660   10.5660   10.5660   10.5660
  1.2522  -24.2139  -24.2138  -24.2137  -24.2135  -24.1867  -24.1867  -24.1866  -24.1866  -21.2578  -21.2575  -21.2573  -21.2570  -21.2387  -21.2384  -21.2382  -21.2380  -21.2162  -21.2162  -21.2160  -21.2160  -10.3064  -10.3055  -10.2942  -10.2931   -8.3290   -8.3195   -8.3129   -8.3072   -3.0645   -3.0432   -2.9605   -2.9488   -2.3375   -2.2989   -2.2352   -2.2081   -1.1964   -1.1819   -1.1789   -1.1603    0.7920    0.8004    0.8246    0.8757    2.3260    2.3593    2.4369    2.4515    2.8187    2.8618    2.9043    2.9449    5.0170    5.0193    5.0249    5.0275    5.8313    5.8541    5.8559    5.8916    6.2535    6.2598    6.3297    6.3338    6.5917    6.5928    6.6332    6.6369    6.8034    6.8253    6.8409    6.8507    7.1283    7.1436    7.1822    7.1937    7.6410    7.6414    7.6506    7.6642    8.0457    8.0644    8.1411    8.1495    8.5651    8.5752    8.5880    8.6175    8.6992    8.7085    8.7496    8.7794    8.8549    8.8718    8.8886    8.9085    9.0117    9.0325    9.0546    9.0647    9.4159    9.4473    9.4655    9.4905    9.6254    9.6444    9.6594    9.6634   10.3787   10.4120   10.5163   10.5516
  1.2958  -24.2141  -24.2139  -24.2137  -24.2134  -24.1868  -24.1868  -24.1865  -24.1865  -21.2582  -21.2577  -21.2573  -21.2566  -21.2390  -21.2385  -21.2380  -21.2377  -21.2164  -21.2163  -21.2160  -21.2160  -10.3517  -10.3500  -10.3047  -10.3026   -8.3256   -8.3070   -8.2668   -8.2556   -3.1248   -3.0753   -2.9153   -2.9048   -2.3913   -2.3066   -2.1849   -2.1481   -1.2258   -1.1863   -1.1649   -1.1223    0.7666    0.8304    0.8403    0.9863    2.2558    2.3316    2.4841    2.4862    2.7728    2.8447    2.9299    2.9994    5.0010    5.0066    5.0339    5.0430    5.7401    5.7700    5.8500    5.9143    6.1383    6.1426    6.2658    6.2746    6.5565    6.5712    6.6340    6.6530    6.8490    6.8798    6.9698    7.0160    7.1756    7.1888    7.2401    7.2586    7.6515    7.6605    7.7156    7.7243    7.8479    7.8822    8.0878    8.1005    8.3872    8.4210    8.4939    8.5488    8.6952    8.7195    8.7318    8.7814    8.8047    8.8395    9.0178    9.0285    9.1033    9.1337    9.1492    9.1522    9.4653    9.5010    9.6090    9.6261    9.7943    9.8058    9.8192    9.8715   10.1545   10.1733   10.3905   10.4641
  1.3395  -24.2143  -24.2140  -24.2137  -24.2132  -24.1869  -24.1869  -24.1864  -24.1864  -21.2586  -21.2579  -21.2573  -21.2562  -21.2393  -21.2386  -21.2379  -21.2375  -21.2166  -21.2164  -21.2161  -21.2160  -10.4209  -10.4184  -10.3210  -10.3180   -8.3179   -8.2906   -8.1947   -8.1780   -3.1796   -3.0973   -2.8754   -2.8690   -2.4313   -2.2953   -2.1259   -2.1027   -1.2617   -1.1931   -1.1298   -1.0674    0.7366    0.8290    0.9214    1.1312    2.1916    2.3092    2.4790    2.5384    2.7645    2.8313    2.9592    3.0423    4.9727    4.9864    5.0540    5.0758    5.5934    5.6088    5.8312    5.9023    6.0537    6.0593    6.2202    6.2398    6.4990    6.5067    6.6424    6.6849    6.9530    6.9747    7.0473    7.1614    7.1778    7.1856    7.2706    7.2909    7.6601    7.6965    7.7135    7.7209    7.9216    7.9357    8.0246    8.0369    8.1779    8.2060    8.4062    8.4558    8.6468    8.6812    8.7192    8.7819    8.7965    8.8566    9.0854    9.0978    9.2367    9.3053    9.3223    9.3728    9.5131    9.5624    9.6818    9.7024    9.7624    9.7988    9.9215    9.9927   10.1432   10.1663   10.2597   10.2678
  1.3831  -24.2145  -24.2142  -24.2138  -24.2131  -24.1870  -24.1870  -24.1864  -24.1864  -21.2589  -21.2581  -21.2573  -21.2558  -21.2396  -21.2386  -21.2377  -21.2372  -21.2169  -21.2166  -21.2162  -21.2162  -10.5076  -10.5043  -10.3420  -10.3384   -8.3073   -8.2723   -8.1041   -8.0822   -3.2248   -3.1059   -2.8592   -2.8206   -2.4584   -2.2647   -2.0791   -2.0598   -1.2949   -1.1912   -1.0779   -0.9971    0.7036    0.8213    1.0293    1.2949    2.1406    2.2887    2.4467    2.5861    2.7936    2.8248    2.9931    3.0753    4.9287    4.9571    5.0883    5.1285    5.4263    5.4303    5.7910    5.8563    5.9504    5.9543    6.1808    6.2041    6.5038    6.5205    6.6703    6.7495    6.9131    7.0134    7.0187    7.0434    7.1749    7.2005    7.3643    7.4129    7.6459    7.6556    7.8064    7.8362    7.9801    7.9823    7.9824    8.0089    8.1636    8.1899    8.3085    8.3483    8.5890    8.6294    8.7462    8.8024    8.8200    8.8782    9.1247    9.1485    9.2309    9.3064    9.3827    9.4747    9.4874    9.5184    9.6644    9.6895    9.8057    9.9088    9.9161    9.9366    9.9698    9.9884   10.0082   10.0560
  1.4268  -24.2148  -24.2143  -24.2139  -24.2131  -24.1870  -24.1870  -24.1863  -24.1863  -21.2592  -21.2584  -21.2575  -21.2555  -21.2399  -21.2386  -21.2375  -21.2370  -21.2172  -21.2168  -21.2163  -21.2163  -10.6052  -10.6013  -10.3666  -10.3624   -8.2956   -8.2542   -8.0024   -7.9755   -3.2569   -3.0985   -2.8496   -2.7671   -2.4771   -2.2163   -2.0793   -1.9875   -1.3184   -1.1782   -1.0110   -0.9137    0.6698    0.8086    1.1491    1.4599    2.1106    2.2650    2.4118    2.6160    2.8316    2.8462    3.0323    3.1044    4.8647    4.9127    5.1357    5.1986    5.2519    5.2751    5.7412    5.7994    5.8344    5.8447    6.1314    6.1514    6.5036    6.5152    6.7054    6.8147    6.8262    6.8626    6.9657    7.0034    7.2960    7.3175    7.3187    7.3552    7.6691    7.6782    7.8255    7.8803    7.9717    8.0106    8.0173    8.0473    8.2186    8.2410    8.3860    8.4295    8.4771    8.5410    8.8062    8.8427    8.8437    8.8917    9.0190    9.0703    9.1072    9.1523    9.2849    9.3471    9.4788    9.5072    9.6567    9.6655    9.7978    9.8170    9.8957    9.9460    9.9758   10.0311   10.1944   10.2532
  1.4704  -24.2150  -24.2145  -24.2141  -24.2131  -24.1871  -24.1871  -24.1863  -24.1863  -21.2595  -21.2586  -21.2577  -21.2553  -21.2401  -21.2386  -21.2373  -21.2368  -21.2175  -21.2170  -21.2166  -21.2164  -10.7086  -10.7042  -10.3934  -10.3889   -8.2848   -8.2382   -7.8960   -7.8647   -3.2739   -3.0725   -2.8383   -2.7045   -2.4924   -2.1526   -2.0985   -1.9091   -1.3304   -1.1578   -0.9320   -0.8200    0.6382    0.7934    1.2694    1.6071    2.1089    2.2328    2.3888    2.6163    2.8543    2.9137    3.0763    3.1387    4.7794    4.8449    5.0979    5.1366    5.1902    5.2783    5.6943    5.7301    5.7468    5.7484    6.0725    6.0894    6.3904    6.4168    6.6934    6.7935    6.8007    6.8291    6.9405    7.0161    7.2833    7.2958    7.4333    7.4502    7.5406    7.5487    7.7858    7.8503    8.0162    8.0652    8.1739    8.2032    8.2231    8.2487    8.3421    8.3842    8.4841    8.5241    8.7933    8.8496    8.8652    8.8921    8.9586    8.9702    9.0999    9.1302    9.2878    9.2988    9.3015    9.3265    9.5907    9.6139    9.9450    9.9570    9.9766   10.0568   10.0987   10.1306   10.3652   10.4265
  1.5141  -24.2152  -24.2148  -24.2143  -24.2131  -24.1871  -24.1871  -24.1863  -24.1863  -21.2598  -21.2590  -21.2579  -21.2552  -21.2402  -21.2385  -21.2371  -21.2366  -21.2179  -21.2172  -21.2168  -21.2166  -10.8135  -10.8088  -10.4212  -10.4166   -8.2765   -8.2263   -7.7903   -7.7553   -3.2748   -3.0261   -2.8188   -2.6293   -2.5064   -2.1272   -2.0761   -1.8242   -1.3337   -1.1375   -0.8442   -0.7204    0.6123    0.7784    1.3850    1.7215    2.1382    2.1874    2.3821    2.5884    2.8808    2.9857    3.1209    3.1884    4.6797    4.7514    4.9683    5.0118    5.2426    5.3558    5.6448    5.6581    5.6710    5.7059    6.0104    6.0273    6.2464    6.2707    6.6388    6.7156    6.7823    6.8359    6.9027    7.0082    7.2403    7.2449    7.4771    7.4856    7.5187    7.5486    7.7559    7.8418    7.9237    7.9727    8.1289    8.2045    8.2662    8.3207    8.3887    8.4196    8.4368    8.4582    8.6643    8.7064    8.9585    8.9747    8.9880    9.0239    9.1480    9.1819    9.2908    9.3156    9.3496    9.3791    9.6190    9.6618    9.9672   10.0311   10.1368   10.1533   10.2755   10.3103   10.3753   10.4168
  1.5577  -24.2153  -24.2150  -24.2144  -24.2131  -24.1872  -24.1871  -24.1862  -24.1862  -21.2601  -21.2593  -21.2583  -21.2552  -21.2401  -21.2383  -21.2369  -21.2364  -21.2182  -21.2174  -21.2171  -21.2168  -10.9168  -10.9120  -10.4490  -10.4443   -8.2720   -8.2198   -7.6894   -7.6516   -3.2604   -2.9582   -2.7883   -2.5388   -2.5185   -2.1540   -1.9887   -1.7321   -1.3332   -1.1241   -0.7518   -0.6200    0.5964    0.7663    1.4967    1.8048    2.1264    2.1857    2.3925    2.5393    2.8943    3.0464    3.1579    3.2556    4.5771    4.6429    4.8562    4.8952    5.2829    5.4187    5.5746    5.6070    5.6364    5.6794    5.9546    5.9735    6.1298    6.1449    6.5771    6.6469    6.7579    6.8071    6.8081    6.8814    7.1236    7.1299    7.5388    7.5419    7.5617    7.5868    7.7134    7.7829    7.9235    7.9536    8.0528    8.0616    8.0884    8.1736    8.4635    8.4734    8.5013    8.5493    8.6332    8.6472    8.8431    8.8556    9.2029    9.2151    9.2489    9.3178    9.3530    9.3851    9.5861    9.6142    9.6969    9.7509   10.0332   10.0484   10.1491   10.1574   10.2968   10.3223   10.3882   10.4009
  1.6014  -24.2155  -24.2152  -24.2147  -24.2132  -24.1872  -24.1872  -24.1862  -24.1862  -21.2603  -21.2597  -21.2587  -21.2553  -21.2400  -21.2381  -21.2366  -21.2363  -21.2186  -21.2176  -21.2174  -21.2170  -11.0161  -11.0112  -10.4758  -10.4713   -8.2718   -8.2193   -7.5962   -7.5568   -3.2332   -2.8686   -2.7488   -2.5252   -2.4325   -2.1675   -1.8915   -1.6321   -1.3326   -1.1222   -0.6592   -0.5252    0.5946    0.7591    1.6060    1.8754    2.0510    2.2281    2.4205    2.4738    2.8824    3.0825    3.1761    3.3198    4.4792    4.5338    4.7527    4.7844    5.3050    5.4595    5.5134    5.5473    5.6264    5.6671    5.9191    5.9397    6.0528    6.0712    6.4614    6.5241    6.7307    6.7371    6.7743    6.7811    6.9931    6.9992    7.5109    7.5806    7.5880    7.6275    7.6744    7.7162    7.8507    7.8695    7.8794    7.8940    8.1813    8.2721    8.3995    8.4544    8.4991    8.5554    8.5639    8.5831    8.9914    9.0070    9.3039    9.3160    9.3676    9.4556    9.5008    9.5309    9.7724    9.7943    9.8243    9.8346   10.0350   10.0379   10.1041   10.1237   10.2996   10.3113   10.3309   10.3484
  1.6450  -24.2156  -24.2155  -24.2149  -24.2133  -24.1872  -24.1872  -24.1863  -24.1862  -21.2606  -21.2602  -21.2591  -21.2556  -21.2398  -21.2378  -21.2364  -21.2361  -21.2189  -21.2178  -21.2177  -21.2171  -11.1095  -11.1048  -10.5009  -10.4966   -8.2762   -8.2250   -7.5126   -7.4729   -3.1975   -2.7587   -2.7102   -2.5172   -2.3119   -2.1581   -1.7844   -1.5233   -1.3336   -1.1329   -0.5706   -0.4423    0.6090    0.7562    1.7090    1.9502    1.9665    2.2555    2.3968    2.4635    2.8393    3.0835    3.1652    3.3472    4.3872    4.4308    4.6543    4.6797    5.3071    5.4585    5.4731    5.4883    5.6170    5.6646    5.9231    5.9428    6.0248    6.0519    6.2873    6.3282    6.7235    6.7413    6.7463    6.8107    6.8764    6.8828    7.3888    7.4723    7.5055    7.5329    7.6552    7.7137    7.7905    7.8030    7.8347    7.8351    8.2024    8.2341    8.3528    8.3923    8.5511    8.5992    8.6102    8.6838    9.2018    9.2293    9.3497    9.3517    9.4312    9.5040    9.6009    9.6699    9.7364    9.7680    9.8572    9.8873   10.0239   10.0347   10.2030   10.2262   10.2888   10.3069   10.3332   10.3517
  1.6886  -24.2157  -24.2157  -24.2151  -24.2135  -24.1872  -24.1872  -24.1863  -24.1862  -21.2608  -21.2606  -21.2596  -21.2561  -21.2394  -21.2374  -21.2361  -21.2360  -21.2192  -21.2180  -21.2179  -21.2173  -11.1956  -11.1912  -10.5239  -10.5198   -8.2847   -8.2361   -7.4395   -7.4008   -3.1583   -2.6915   -2.6307   -2.4768   -2.1814   -2.1211   -1.6660   -1.4052   -1.3346   -1.1541   -0.4897   -0.3757    0.6371    0.7526    1.7927    1.8833    2.0361    2.2736    2.3143    2.5177    2.7653    3.0435    3.1206    3.3149    4.2990    4.3344    4.5606    4.5817    5.2863    5.4079    5.4310    5.4446    5.6039    5.6515    5.9650    6.0202    6.0482    6.0813    6.1514    6.1692    6.6886    6.7020    6.8005    6.8012    6.8061    6.8867    7.2239    7.2886    7.3883    7.4081    7.6472    7.6921    7.6974    7.7497    7.7997    7.8259    8.0938    8.1035    8.3830    8.4617    8.6487    8.6830    8.7248    8.8592    9.2786    9.3453    9.4115    9.4176    9.4681    9.4817    9.5193    9.5711    9.7422    9.7564    9.8591    9.8686   10.0115   10.0422   10.1199   10.1326   10.3446   10.4301   10.4631   10.4783
  1.7323  -24.2159  -24.2158  -24.2154  -24.2137  -24.1871  -24.1871  -24.1863  -24.1863  -21.2610  -21.2610  -21.2601  -21.2566  -21.2390  -21.2371  -21.2359  -21.2359  -21.2195  -21.2183  -21.2180  -21.2175  -11.2735  -11.2694  -10.5442  -10.5405   -8.2964   -8.2517   -7.3773   -7.3408   -3.1198   -2.6984   -2.4888   -2.3993   -2.0590   -2.0480   -1.5334   -1.3313   -1.2774   -1.1808   -0.4183   -0.3255    0.6672    0.7389    1.8162    1.8413    2.1217    2.2344    2.2887    2.5834    2.6679    2.9717    3.0443    3.2284    4.2135    4.2436    4.4723    4.4905    5.2360    5.3553    5.3618    5.3764    5.5902    5.6274    5.9918    6.0694    6.1164    6.1532    6.1586    6.1817    6.6125    6.6228    6.7689    6.7791    6.8696    6.9631    7.0623    7.0965    7.3095    7.3414    7.5552    7.5831    7.5939    7.6189    7.8052    7.8288    8.0771    8.0860    8.4152    8.4989    8.7447    8.7764    8.8069    8.9728    9.2017    9.2494    9.3386    9.3768    9.4731    9.4796    9.4963    9.4967    9.8525    9.8595    9.9036    9.9175   10.0212   10.0252   10.0314   10.0410   10.3179   10.3940   10.5480   10.5894
  1.7759  -24.2161  -24.2158  -24.2156  -24.2139  -24.1871  -24.1871  -24.1863  -24.1863  -21.2615  -21.2611  -21.2606  -21.2571  -21.2386  -21.2368  -21.2358  -21.2357  -21.2197  -21.2186  -21.2181  -21.2176  -11.3422  -11.3386  -10.5618  -10.5585   -8.3100   -8.2703   -7.3255   -7.2924   -3.0844   -2.7199   -2.3381   -2.2984   -1.9818   -1.9211   -1.3829   -1.3171   -1.2055   -1.1398   -0.3568   -0.2880    0.6684    0.7136    1.7804    1.8443    2.1634    2.1719    2.2980    2.5629    2.6584    2.8964    2.9448    3.1315    4.1318    4.1585    4.3908    4.4068    5.1564    5.2443    5.2945    5.3223    5.5803    5.6220    5.9870    6.0362    6.2094    6.2500    6.2837    6.3814    6.5325    6.5463    6.7350    6.7555    6.8422    6.8894    6.9814    7.0735    7.2363    7.2933    7.4774    7.4793    7.4811    7.5018    7.8042    7.8349    8.1569    8.1731    8.4380    8.4977    8.7413    8.7853    8.7993    8.9273    9.1377    9.1679    9.2184    9.2519    9.4376    9.4807    9.4923    9.5254    9.9006    9.9051    9.9061    9.9315   10.0376   10.0527   10.2367   10.2486   10.3567   10.4119   10.6213   10.6858
  1.8196  -24.2162  -24.2158  -24.2158  -24.2141  -24.1871  -24.1870  -24.1864  -24.1863  -21.2618  -21.2612  -21.2611  -21.2577  -21.2382  -21.2364  -21.2357  -21.2355  -21.2198  -21.2189  -21.2182  -21.2177  -11.4013  -11.3981  -10.5765  -10.5737   -8.3242   -8.2902   -7.2834   -7.2546   -3.0521   -2.7477   -2.1891   -2.1854   -1.9053   -1.8100   -1.2855   -1.2171   -1.2127   -0.9930   -0.3051   -0.2559    0.5981    0.6898    1.7806    1.7974    2.0966    2.1393    2.3034    2.4780    2.6846    2.8365    2.8833    3.0989    4.0552    4.0814    4.3179    4.3320    5.0637    5.1231    5.2257    5.2629    5.5856    5.6385    5.9946    6.0362    6.2780    6.3228    6.4083    6.4700    6.4967    6.5626    6.6960    6.7081    6.7107    6.7246    7.0508    7.1355    7.1534    7.1991    7.3807    7.4025    7.5235    7.5394    7.8045    7.8433    8.2683    8.2985    8.4388    8.4569    8.6062    8.6523    8.7591    8.8353    9.0989    9.1217    9.2082    9.2366    9.3417    9.3995    9.4714    9.5287    9.8987    9.9132    9.9256    9.9560   10.2114   10.2288   10.4239   10.4472   10.5424   10.5852   10.5934   10.5988
  1.8632  -24.2163  -24.2160  -24.2157  -24.2143  -24.1870  -24.1870  -24.1865  -24.1864  -21.2622  -21.2616  -21.2612  -21.2583  -21.2377  -21.2361  -21.2357  -21.2353  -21.2200  -21.2192  -21.2182  -21.2178  -11.4501  -11.4475  -10.5883  -10.5860   -8.3376   -8.3098   -7.2502   -7.2264   -3.0219   -2.7779   -2.0852   -2.0380   -1.8458   -1.7214   -1.2405   -1.1963   -1.0250   -0.8381   -0.2663   -0.2192    0.4810    0.6325    1.7055    1.8018    2.0154    2.0173    2.3179    2.4470    2.6062    2.7394    2.9911    3.1489    3.9858    4.0141    4.2552    4.2673    4.9766    5.0157    5.1512    5.1949    5.6082    5.6696    6.0116    6.0541    6.2672    6.3083    6.4212    6.4226    6.4556    6.5347    6.6290    6.6712    6.6826    6.7180    7.1136    7.1561    7.1836    7.1909    7.3504    7.3764    7.6435    7.6643    7.8011    7.8493    8.3494    8.3820    8.4256    8.4293    8.4369    8.4696    8.7342    8.7738    9.1154    9.1393    9.1867    9.2195    9.2726    9.3366    9.4331    9.5087    9.9070    9.9267    9.9316   10.0159   10.2397   10.2649   10.5259   10.5431   10.5817   10.5874   10.8212   10.8364
  1.9069  -24.2164  -24.2161  -24.2156  -24.2146  -24.1869  -24.1869  -24.1865  -24.1865  -21.2624  -21.2619  -21.2612  -21.2589  -21.2373  -21.2358  -21.2358  -21.2352  -21.2200  -21.2194  -21.2182  -21.2179  -11.4883  -11.4863  -10.5973  -10.5956   -8.3487   -8.3276   -7.2248   -7.2065   -2.9927   -2.8091   -1.9983   -1.9040   -1.8135   -1.6588   -1.1910   -1.1337   -0.8263   -0.6783   -0.2411   -0.1724    0.3353    0.5338    1.5905    1.8161    1.8452    1.9250    2.3357    2.4759    2.5243    2.6755    3.1283    3.2351    3.9266    3.9568    4.2039    4.2142    4.9055    4.9297    5.0758    5.1193    5.6443    5.7110    6.0254    6.0772    6.2062    6.2332    6.3362    6.3602    6.3818    6.3883    6.6159    6.6548    6.7102    6.7425    7.1022    7.1800    7.2580    7.2994    7.4120    7.4788    7.7918    7.7967    7.8087    7.8548    8.2717    8.3066    8.3423    8.3614    8.4379    8.4738    8.7515    8.7745    9.0499    9.0996    9.1854    9.2069    9.3112    9.3473    9.4690    9.5437    9.8637    9.8942    9.9564   10.0399   10.0690   10.0970   10.5477   10.5814   10.6552   10.6676   10.9715   11.0044
  1.9505  -24.2165  -24.2163  -24.2155  -24.2148  -24.1869  -24.1868  -24.1866  -24.1865  -21.2625  -21.2622  -21.2610  -21.2595  -21.2369  -21.2359  -21.2356  -21.2351  -21.2200  -21.2196  -21.2182  -21.2180  -11.5157  -11.5144  -10.6036  -10.6024   -8.3566   -8.3423   -7.2064   -7.1940   -2.9633   -2.8405   -1.9321   -1.8076   -1.7905   -1.6245   -1.1267   -1.0646   -0.6260   -0.5218   -0.2268   -0.1175    0.1751    0.4021    1.4869    1.6710    1.8040    1.8429    2.3544    2.4660    2.5375    2.6530    3.2522    3.3186    3.8817    3.9094    4.1657    4.1735    4.8548    4.8681    5.0088    5.0439    5.6898    5.7573    6.0159    6.0852    6.1349    6.1462    6.2640    6.2718    6.3142    6.3310    6.5792    6.6005    6.7465    6.7701    7.0648    7.1302    7.4046    7.4546    7.5170    7.5964    7.8066    7.8663    7.9226    7.9447    8.1739    8.2067    8.3033    8.3178    8.4359    8.4627    8.8360    8.8533    8.8813    8.9365    9.2220    9.2981    9.3657    9.3853    9.6061    9.6840    9.7789    9.7993    9.9070    9.9350    9.9894   10.0390   10.5521   10.5559   10.5639   10.5711   11.0439   11.0685
  1.9942  -24.2165  -24.2164  -24.2154  -24.2150  -24.1868  -24.1867  -24.1867  -24.1866  -21.2626  -21.2625  -21.2607  -21.2600  -21.2366  -21.2361  -21.2354  -21.2352  -21.2200  -21.2198  -21.2181  -21.2180  -11.5321  -11.5314  -10.6072  -10.6066   -8.3602   -8.3530   -7.1944   -7.1881   -2.9334   -2.8718   -1.8835   -1.8211   -1.7034   -1.6198   -1.0612   -1.0207   -0.4373   -0.3889   -0.2240   -0.0778    0.0435    0.2528    1.4296    1.5274    1.7764    1.7905    2.3744    2.4262    2.6002    2.6523    3.3416    3.3736    3.8561    3.8734    4.1425    4.1470    4.8255    4.8312    4.9642    4.9837    5.7411    5.7940    5.9848    6.0450    6.0812    6.0849    6.2273    6.2444    6.2900    6.2973    6.5402    6.5512    6.7768    6.7896    7.0392    7.0754    7.5312    7.5725    7.6037    7.6550    7.8397    7.8783    7.9701    8.0212    8.1860    8.2298    8.2660    8.2747    8.4185    8.4329    8.7171    8.7618    8.9351    8.9735    9.2556    9.3430    9.4449    9.4483    9.6817    9.7044    9.7662    9.7667    9.7780    9.8877   10.0101   10.0862   10.3660   10.3842   10.6098   10.6173   10.9562   10.9725
  2.0378  -24.2165  -24.2165  -24.2152  -24.2152  -24.1867  -24.1867  -24.1867  -24.1867  -21.2626  -21.2626  -21.2604  -21.2604  -21.2363  -21.2363  -21.2352  -21.2352  -21.2199  -21.2199  -21.2181  -21.2181  -11.5373  -11.5373  -10.6081  -10.6081   -8.3590   -8.3590   -7.1883   -7.1883   -2.9029   -2.9029   -1.8472   -1.8472   -1.6460   -1.6460   -1.0197   -1.0197   -0.3268   -0.3268   -0.1853   -0.1853    0.1104    0.1104    1.4418    1.4418    1.7677    1.7677    2.3974    2.3974    2.6406    2.6406    3.3835    3.3835    3.8537    3.8537    4.1362    4.1362    4.8175    4.8175    4.9544    4.9545    5.7870    5.7870    5.9909    5.9909    6.0627    6.0627    6.2338    6.2338    6.2844    6.2844    6.5278    6.5278    6.7928    6.7928    7.0412    7.0413    7.5946    7.5947    7.6524    7.6524    7.8720    7.8720    8.0031    8.0031    8.2535    8.2535    8.2606    8.2606    8.4138    8.4138    8.6509    8.6509    9.0035    9.0035    9.3161    9.3161    9.5329    9.5329    9.5866    9.5866    9.7244    9.7245    9.8938    9.8938   10.1258   10.1258   10.2587   10.2587   10.6512   10.6512   10.8648   10.8653
  2.0378  -24.2165  -24.2165  -24.2152  -24.2152  -24.1867  -24.1867  -24.1867  -24.1867  -21.2626  -21.2626  -21.2604  -21.2604  -21.2363  -21.2363  -21.2352  -21.2352  -21.2199  -21.2199  -21.2181  -21.2181  -11.5373  -11.5373  -10.6081  -10.6081   -8.3590   -8.3590   -7.1883   -7.1883   -2.9029   -2.9029   -1.8472   -1.8472   -1.6460   -1.6460   -1.0197   -1.0197   -0.3268   -0.3268   -0.1853   -0.1853    0.1104    0.1104    1.4418    1.4418    1.7677    1.7677    2.3974    2.3974    2.6406    2.6406    3.3835    3.3835    3.8537    3.8537    4.1362    4.1362    4.8175    4.8175    4.9544    4.9545    5.7870    5.7870    5.9909    5.9909    6.0627    6.0627    6.2338    6.2338    6.2844    6.2844    6.5278    6.5278    6.7928    6.7928    7.0412    7.0413    7.5946    7.5947    7.6524    7.6524    7.8720    7.8720    8.0031    8.0031    8.2535    8.2535    8.2606    8.2606    8.4138    8.4138    8.6509    8.6509    9.0035    9.0035    9.3161    9.3161    9.5329    9.5329    9.5866    9.5866    9.7244    9.7245    9.8938    9.8938   10.1258   10.1258   10.2587   10.2587   10.6512   10.6512   10.8648   10.8650
  2.0766  -24.2165  -24.2164  -24.2154  -24.2150  -24.1868  -24.1867  -24.1867  -24.1866  -21.2626  -21.2625  -21.2607  -21.2600  -21.2366  -21.2361  -21.2354  -21.2351  -21.2200  -21.2198  -21.2181  -21.2181  -11.5331  -11.5325  -10.6046  -10.6040   -8.3633   -8.3565   -7.1927   -7.1875   -2.9250   -2.8795   -1.8767   -1.8326   -1.6812   -1.6296   -1.0630   -1.0227   -0.4027   -0.3662   -0.2439   -0.1030    0.0330    0.2414    1.4327    1.5276    1.7770    1.7904    2.3817    2.4168    2.5998    2.6535    3.3429    3.3739    3.8546    3.8707    4.1411    4.1451    4.8244    4.8292    4.9614    4.9801    5.7805    5.8184    5.9925    6.0035    6.0778    6.0816    6.2343    6.2414    6.2885    6.2952    6.5302    6.5329    6.7962    6.8045    7.0350    7.0688    7.5166    7.5531    7.6288    7.6469    7.8708    7.8898    7.9781    8.0293    8.1871    8.2356    8.2560    8.2603    8.4085    8.4234    8.7056    8.7516    8.9601    8.9767    9.2647    9.3006    9.4406    9.4447    9.6823    9.7066    9.7604    9.7695    9.7735    9.8948   10.0214   10.1003   10.3577   10.3674   10.6489   10.6541   10.9409   10.9546
  2.1154  -24.2165  -24.2163  -24.2155  -24.2148  -24.1869  -24.1868  -24.1866  -24.1865  -21.2626  -21.2623  -21.2610  -21.2595  -21.2369  -21.2359  -21.2355  -21.2351  -21.2200  -21.2196  -21.2181  -21.2180  -11.5201  -11.5188  -10.5933  -10.5922   -8.3693   -8.3558   -7.2009   -7.1904   -2.9476   -2.8536   -1.9256   -1.8302   -1.7371   -1.6314   -1.1356   -1.0734   -0.5519   -0.4892   -0.2472   -0.1386    0.1181    0.3606    1.4974    1.6747    1.8015    1.8423    2.3684    2.4422    2.5330    2.6613    3.2564    3.3216    3.8746    3.9008    4.1595    4.1667    4.8502    4.8602    4.9979    5.0324    5.7987    5.8679    6.0085    6.0300    6.1226    6.1333    6.2428    6.2567    6.3074    6.3221    6.5398    6.5449    6.8149    6.8318    7.0442    7.1138    7.3598    7.4052    7.5750    7.6077    7.8892    7.9260    7.9742    8.0118    8.1035    8.1534    8.2667    8.2766    8.4062    8.4353    8.8592    8.8729    8.8938    8.9212    9.1910    9.2273    9.3549    9.3767    9.5716    9.6342    9.7958    9.8204    9.8813    9.9035   10.0510   10.1240   10.5290   10.5464   10.6435   10.6555   11.0307   11.0518
  2.1543  -24.2164  -24.2162  -24.2156  -24.2145  -24.1869  -24.1869  -24.1865  -24.1865  -21.2624  -21.2620  -21.2611  -21.2589  -21.2373  -21.2358  -21.2358  -21.2352  -21.2201  -21.2195  -21.2181  -21.2179  -11.4981  -11.4963  -10.5746  -10.5730   -8.3772   -8.3571   -7.2130   -7.1975   -2.9737   -2.8250   -1.9981   -1.8385   -1.8162   -1.6516   -1.2146   -1.1574   -0.7061   -0.6667   -0.2479   -0.1709    0.2290    0.4577    1.6141    1.7959    1.8557    1.9168    2.3573    2.4635    2.4775    2.7012    3.1383    3.2440    3.9109    3.9395    4.1903    4.1992    4.8963    4.9126    5.0547    5.0995    5.8356    5.9259    6.0390    6.0696    6.1842    6.2085    6.2584    6.2785    6.3426    6.3670    6.5552    6.5620    6.8500    6.8765    7.0562    7.1617    7.1763    7.2160    7.4886    7.5326    7.8685    7.8872    7.9306    7.9818    8.1409    8.1634    8.2833    8.3021    8.4054    8.4445    8.7743    8.7943    9.0233    9.0821    9.1288    9.1469    9.2995    9.3224    9.3386    9.3667    9.9156    9.9789   10.0328   10.0508   10.0519   10.1843   10.6240   10.6451   10.7102   10.7239   10.9467   10.9688
  2.1931  -24.2163  -24.2160  -24.2157  -24.2143  -24.1870  -24.1870  -24.1865  -24.1864  -21.2622  -21.2617  -21.2612  -21.2583  -21.2378  -21.2360  -21.2357  -21.2353  -21.2200  -21.2192  -21.2181  -21.2178  -11.4675  -11.4650  -10.5488  -10.5466   -8.3873   -8.3606   -7.2298   -7.2094   -3.0068   -2.7945   -2.0937   -1.9192   -1.8569   -1.6913   -1.2849   -1.2521   -0.8687   -0.8437   -0.2527   -0.1896    0.3305    0.5363    1.7431    1.7469    1.9677    2.0324    2.3512    2.4388    2.5315    2.7926    3.0110    3.1646    3.9596    3.9851    4.2314    4.2412    4.9650    4.9886    5.1209    5.1693    5.8841    5.9858    6.0833    6.1195    6.2437    6.2802    6.2842    6.3050    6.3935    6.4252    6.5725    6.5807    6.9016    6.9402    7.0150    7.0431    7.0581    7.1920    7.3748    7.4289    7.6962    7.7246    7.9935    8.0494    8.2446    8.2672    8.2991    8.3344    8.4085    8.4466    8.6746    8.7004    8.9932    9.0242    9.1575    9.1914    9.2035    9.2304    9.2606    9.3258   10.0098   10.0134   10.0891   10.1438   10.2225   10.2565   10.5727   10.6029   10.7658   10.7752   10.8203   10.8583
  2.2319  -24.2162  -24.2159  -24.2158  -24.2140  -24.1871  -24.1870  -24.1864  -24.1863  -21.2619  -21.2613  -21.2612  -21.2576  -21.2382  -21.2363  -21.2357  -21.2354  -21.2199  -21.2190  -21.2180  -21.2177  -11.4283  -11.4253  -10.5164  -10.5134   -8.3999   -8.3667   -7.2518   -7.2269   -3.0507   -2.7650   -2.2036   -2.0436   -1.8827   -1.7512   -1.3564   -1.3239   -1.0661   -0.9707   -0.2637   -0.2037    0.4211    0.6044    1.6578    1.8478    1.9496    2.1609    2.3488    2.5004    2.6221    2.9051    2.9216    3.1121    4.0173    4.0371    4.2813    4.2914    5.0585    5.0912    5.1874    5.2330    5.9377    6.0461    6.1385    6.1742    6.2808    6.3087    6.3338    6.3343    6.4344    6.4691    6.5838    6.5938    6.9138    6.9333    7.0007    7.0265    7.0455    7.1875    7.2525    7.3161    7.5284    7.5583    8.0654    8.1073    8.2923    8.3595    8.3920    8.4242    8.4246    8.4443    8.5504    8.6063    8.8349    8.8462    9.1988    9.2301    9.2348    9.2784    9.2979    9.3627    9.9073    9.9795   10.0331   10.0864   10.4090   10.4139   10.5214   10.5280   10.5291   10.5879   10.7084   10.7443
  2.2707  -24.2161  -24.2158  -24.2157  -24.2138  -24.1871  -24.1871  -24.1863  -24.1863  -21.2615  -21.2611  -21.2609  -21.2569  -21.2387  -21.2366  -21.2358  -21.2356  -21.2198  -21.2187  -21.2180  -21.2176  -11.3807  -11.3772  -10.4780  -10.4743   -8.4152   -8.3757   -7.2801   -7.2510   -3.1080   -2.7438   -2.3107   -2.1825   -1.9100   -1.8306   -1.4322   -1.3631   -1.2563   -1.0841   -0.2828   -0.2180    0.5019    0.6703    1.5645    1.8732    1.8870    2.2286    2.3258    2.6178    2.7531    2.8476    3.0616    3.1189    4.0810    4.0952    4.3386    4.3483    5.1784    5.2226    5.2474    5.2847    5.9893    6.1071    6.1998    6.2245    6.2669    6.3253    6.3472    6.3647    6.4562    6.4804    6.5754    6.5887    6.9234    6.9738    7.0293    7.1013    7.1324    7.1342    7.1609    7.2249    7.3819    7.4185    8.0766    8.1087    8.2238    8.3155    8.4121    8.4738    8.5049    8.5607    8.5773    8.6262    8.7706    8.7759    9.1400    9.2004    9.2736    9.3572    9.3962    9.4415    9.7968    9.8081    9.9971   10.0218   10.1997   10.2059   10.2674   10.2770   10.6578   10.6617   10.6857   10.8011
  2.3095  -24.2159  -24.2158  -24.2155  -24.2135  -24.1871  -24.1871  -24.1863  -24.1863  -21.2610  -21.2610  -21.2605  -21.2562  -21.2393  -21.2369  -21.2359  -21.2359  -21.2196  -21.2184  -21.2179  -21.2174  -11.3251  -11.3212  -10.4345  -10.4300   -8.4333   -8.3877   -7.3155   -7.2827   -3.1784   -2.7471   -2.3899   -2.3272   -1.9305   -1.9264   -1.4957   -1.4345   -1.3913   -1.1927   -0.3113   -0.2355    0.5742    0.7408    1.4828    1.8209    1.8276    2.1907    2.3350    2.7436    2.8252    2.8966    3.1899    3.1963    4.1473    4.1592    4.4019    4.4108    5.2946    5.3198    5.3229    5.3821    6.0256    6.1616    6.2015    6.2573    6.2579    6.2707    6.3794    6.4201    6.4976    6.5038    6.5359    6.5589    6.9886    7.0299    7.0799    7.0882    7.1128    7.1671    7.2023    7.2557    7.2902    7.3534    7.8903    7.9295    8.2408    8.2907    8.4437    8.5392    8.5512    8.5941    8.7618    8.7687    8.7718    8.8457    9.0605    9.1570    9.1945    9.2571    9.4924    9.5291    9.7681    9.7929    9.9445    9.9521    9.9527    9.9616   10.0365   10.0456   10.6273   10.7124   10.7243   10.7977
  2.3483  -24.2157  -24.2157  -24.2153  -24.2133  -24.1872  -24.1872  -24.1863  -24.1862  -21.2608  -21.2606  -21.2600  -21.2556  -21.2397  -21.2372  -21.2361  -21.2360  -21.2194  -21.2181  -21.2177  -21.2173  -11.2619  -11.2576  -10.3873  -10.3817   -8.4541   -8.4028   -7.3589   -7.3232   -3.2580   -2.7917   -2.4689   -2.4181   -2.0322   -1.9370   -1.6014   -1.5488   -1.4164   -1.3043   -0.3499   -0.2585    0.6405    0.8194    1.4243    1.7452    1.7712    2.0852    2.3719    2.8165    2.8511    3.0286    3.2897    3.3047    4.2138    4.2276    4.4698    4.4783    5.3234    5.3348    5.4816    5.5578    6.0307    6.1365    6.1865    6.1975    6.2951    6.3334    6.4021    6.4655    6.5191    6.5439    6.5444    6.5496    7.0224    7.0488    7.0766    7.1110    7.1340    7.1369    7.2384    7.3160    7.4277    7.4723    7.6486    7.6795    8.2671    8.3181    8.4956    8.6131    8.6214    8.6529    8.7686    8.7770    8.8296    8.8656    9.0296    9.0504    9.1744    9.2570    9.5280    9.5305    9.5848    9.6229    9.7685    9.7804    9.9484    9.9499   10.0342   10.1270   10.5848   10.7373   10.7648   10.7766
  2.3871  -24.2156  -24.2155  -24.2151  -24.2131  -24.1872  -24.1872  -24.1862  -24.1862  -21.2606  -21.2602  -21.2596  -21.2550  -21.2402  -21.2375  -21.2364  -21.2361  -21.2191  -21.2178  -21.2176  -21.2171  -11.1915  -11.1868  -10.3378  -10.3310   -8.4769   -8.4206   -7.4111   -7.3731   -3.3402   -2.8667   -2.6007   -2.4026   -2.1396   -1.9264   -1.7603   -1.5957   -1.4430   -1.4244   -0.3979   -0.2888    0.7056    0.9064    1.3944    1.6525    1.7456    1.9780    2.3983    2.8131    2.9262    3.1358    3.3497    3.3985    4.2797    4.2990    4.5419    4.5517    5.3313    5.3329    5.6283    5.7106    6.0087    6.1058    6.1607    6.1771    6.3021    6.3797    6.4345    6.4996    6.5919    6.5963    6.6084    6.6223    7.0042    7.0636    7.0736    7.1175    7.1364    7.1508    7.3682    7.4221    7.4293    7.4459    7.6309    7.6776    8.2375    8.3211    8.5458    8.6645    8.6851    8.6999    8.7223    8.7525    8.7565    8.7801    8.9204    8.9318    9.2628    9.2657    9.4219    9.4658    9.5054    9.5406    9.7042    9.7303    9.9706    9.9790   10.1367   10.3107   10.4841   10.5465   10.7361   10.7526
  2.4260  -24.2156  -24.2152  -24.2149  -24.2129  -24.1872  -24.1872  -24.1862  -24.1862  -21.2604  -21.2598  -21.2591  -21.2544  -21.2406  -21.2377  -21.2368  -21.2362  -21.2188  -21.2175  -21.2174  -21.2169  -11.1145  -11.1096  -10.2881  -10.2801   -8.5005   -8.4398   -7.4726   -7.4331   -3.4178   -2.9475   -2.7174   -2.3676   -2.2406   -1.9143   -1.8998   -1.6383   -1.5552   -1.4734   -0.4544   -0.3276    0.7747    1.0003    1.3941    1.5659    1.7460    1.8871    2.4109    2.8113    2.9616    3.2063    3.3636    3.4541    4.3454    4.3724    4.6195    4.6310    5.3226    5.3292    5.7201    5.7807    5.9686    6.0927    6.1177    6.1987    6.3371    6.4053    6.5348    6.6210    6.6433    6.6742    6.7090    6.7543    6.9784    7.0245    7.0365    7.0794    7.1738    7.1894    7.3375    7.3415    7.5011    7.5507    7.8507    7.9138    8.1056    8.1998    8.5972    8.6082    8.6315    8.6549    8.6554    8.7020    8.7981    8.8308    8.9096    8.9210    9.1191    9.1204    9.2191    9.2386    9.6243    9.7521    9.8214    9.8544   10.0252   10.0601   10.0846   10.2510   10.2907   10.3181   10.5775   10.6034
  2.4648  -24.2154  -24.2150  -24.2147  -24.2127  -24.1872  -24.1872  -24.1862  -24.1862  -21.2602  -21.2596  -21.2586  -21.2540  -21.2409  -21.2379  -21.2370  -21.2363  -21.2185  -21.2172  -21.2172  -21.2167  -11.0315  -11.0265  -10.2408  -10.2314   -8.5231   -8.4589   -7.5435   -7.5033   -3.4844   -3.0189   -2.8162   -2.3309   -2.3295   -2.0642   -1.8611   -1.6962   -1.6766   -1.5062   -0.5184   -0.3757    0.8515    1.0991    1.4216    1.4955    1.7709    1.8199    2.4088    2.8072    2.9558    3.2339    3.3315    3.4635    4.4117    4.4462    4.7047    4.7162    5.3233    5.3312    5.7399    5.7847    5.9032    6.0068    6.1655    6.2534    6.3981    6.4701    6.6627    6.6865    6.7390    6.7483    6.8310    6.9080    6.9363    6.9675    6.9893    6.9897    7.2405    7.2540    7.4138    7.4257    7.6339    7.6767    7.9023    7.9782    8.0430    8.1185    8.4635    8.4769    8.5669    8.6363    8.6813    8.7054    8.8735    8.9255    8.9572    8.9723    8.9963    9.0059    9.1265    9.1299    9.6656    9.7823    9.9356    9.9605    9.9686   10.0456   10.0809   10.1008   10.1081   10.1660   10.4201   10.4601
  2.5036  -24.2153  -24.2149  -24.2145  -24.2126  -24.1872  -24.1872  -24.1862  -24.1862  -21.2600  -21.2594  -21.2581  -21.2537  -21.2411  -21.2380  -21.2373  -21.2365  -21.2182  -21.2170  -21.2169  -21.2165  -10.9435  -10.9384  -10.1990  -10.1884   -8.5418   -8.4751   -7.6235   -7.5832   -3.5352   -3.0736   -2.8959   -2.4045   -2.3061   -2.2071   -1.8444   -1.8161   -1.7109   -1.5320   -0.5892   -0.4332    0.9381    1.2009    1.4474    1.4745    1.7794    1.8174    2.3906    2.7970    2.9129    3.2178    3.2594    3.4280    4.4781    4.5166    4.7990    4.8097    5.3479    5.3552    5.7259    5.7612    5.8347    5.9230    6.2380    6.3304    6.3936    6.4644    6.6941    6.7670    6.7783    6.8180    6.8497    6.8965    6.9939    6.9973    7.1275    7.1510    7.3171    7.3498    7.5418    7.5839    7.6961    7.7605    7.7612    7.7899    8.1413    8.1924    8.2291    8.2353    8.5950    8.6628    8.7717    8.7917    8.8519    8.9171    8.9540    9.0160    9.0377    9.0925    9.1918    9.1955    9.5556    9.6471    9.7594    9.8218    9.9005    9.9045   10.0484   10.0590   10.1319   10.1510   10.2005   10.2707
  2.5424  -24.2152  -24.2148  -24.2142  -24.2125  -24.1872  -24.1872  -24.1862  -24.1862  -21.2598  -21.2592  -21.2576  -21.2536  -21.2412  -21.2382  -21.2376  -21.2366  -21.2179  -21.2168  -21.2167  -21.2164  -10.8514  -10.8463  -10.1663  -10.1548   -8.5531   -8.4851   -7.7118   -7.6717   -3.5672   -3.1080   -2.9581   -2.4715   -2.3323   -2.3043   -1.9952   -1.7845   -1.7336   -1.5317   -0.6664   -0.4999    1.0352    1.3029    1.4241    1.5503    1.7660    1.8817    2.3549    2.7776    2.8413    3.1570    3.1612    3.3547    4.5428    4.5812    4.9016    4.9187    5.4030    5.4110    5.7020    5.7150    5.7838    5.8528    6.3057    6.3232    6.3539    6.4174    6.6515    6.7270    6.8543    6.8929    6.9563    7.0184    7.0706    7.0763    7.2617    7.2834    7.3539    7.4174    7.5556    7.5761    7.7849    7.8172    7.8676    7.8729    8.0185    8.0313    8.1744    8.1939    8.4724    8.5039    8.8496    8.8953    9.0265    9.0535    9.0663    9.1096    9.1249    9.1899    9.2825    9.2844    9.3687    9.4347    9.5848    9.6086    9.7874    9.7903    9.9474    9.9551    9.9987   10.0027   10.1809   10.2051
  2.5812  -24.2151  -24.2147  -24.2139  -24.2124  -24.1872  -24.1871  -24.1862  -24.1862  -21.2597  -21.2591  -21.2571  -21.2536  -21.2412  -21.2384  -21.2377  -21.2367  -21.2176  -21.2166  -21.2164  -21.2162  -10.7566  -10.7516  -10.1465  -10.1345   -8.5530   -8.4852   -7.8071   -7.7670   -3.5789   -3.1206   -3.0072   -2.5492   -2.4166   -2.3303   -2.1419   -1.8288   -1.6898   -1.4938   -0.7499   -0.5754    1.1423    1.4021    1.4256    1.6462    1.7784    1.9597    2.3012    2.7470    2.7520    3.0352    3.0703    3.2537    4.6055    4.6420    5.0151    5.0461    5.4884    5.4986    5.6455    5.6632    5.7445    5.8002    6.2224    6.2450    6.3994    6.4848    6.5871    6.6714    6.9298    6.9550    7.0637    7.1125    7.1828    7.1918    7.1970    7.2238    7.4092    7.4471    7.6430    7.6611    7.8226    7.8284    7.8871    7.9129    8.0423    8.1360    8.1806    8.2025    8.3734    8.4095    8.8802    8.9490    9.0802    9.0951    9.1022    9.1687    9.1783    9.2657    9.2892    9.3281    9.3404    9.3485    9.4962    9.5071    9.7766    9.7794    9.7862    9.7953    9.8565    9.8777    9.9561    9.9691
  2.6200  -24.2150  -24.2146  -24.2136  -24.2124  -24.1871  -24.1871  -24.1862  -24.1862  -21.2596  -21.2591  -21.2566  -21.2536  -21.2410  -21.2386  -21.2377  -21.2368  -21.2173  -21.2165  -21.2162  -21.2161  -10.6605  -10.6557  -10.1429  -10.1311   -8.5379   -8.4716   -7.9074   -7.8669   -3.5697   -3.1107   -3.0528   -2.6357   -2.4622   -2.3800   -2.2701   -1.9036   -1.6185   -1.4266   -0.8392   -0.6588    1.2580    1.4494    1.4943    1.7591    1.8133    2.0462    2.2304    2.6577    2.7051    2.9045    2.9525    3.1353    4.6697    4.7046    5.1428    5.1898    5.5513    5.5799    5.5995    5.6123    5.7215    5.7672    6.1745    6.2047    6.3958    6.4416    6.5969    6.6946    6.8239    6.8404    7.1214    7.1458    7.2301    7.2875    7.3158    7.3392    7.3992    7.4519    7.7738    7.7828    7.8155    7.8184    7.8461    7.8571    8.1817    8.1934    8.2199    8.3199    8.4015    8.4588    8.8211    8.8730    8.8883    8.9496    9.1133    9.1324    9.2323    9.2444    9.2503    9.2619    9.3522    9.4124    9.5705    9.5791    9.5876    9.5971    9.7025    9.7052    9.8547    9.8659   10.0091   10.0898
  2.6588  -24.2149  -24.2146  -24.2134  -24.2124  -24.1871  -24.1871  -24.1863  -24.1862  -21.2595  -21.2591  -21.2561  -21.2538  -21.2408  -21.2390  -21.2377  -21.2369  -21.2170  -21.2164  -21.2161  -21.2160  -10.5652  -10.5603  -10.1575  -10.1466   -8.5052   -8.4418   -8.0104   -7.9686   -3.5403   -3.1079   -3.0790   -2.6997   -2.5234   -2.4445   -2.3408   -1.9879   -1.5338   -1.3421   -0.9338   -0.7491    1.3805    1.4911    1.5734    1.8642    1.8850    2.1330    2.1469    2.5748    2.6544    2.7757    2.8155    3.0083    4.7407    4.7751    5.2836    5.3472    5.4261    5.4607    5.7220    5.7284    5.7452    5.7614    6.1558    6.2163    6.3074    6.3389    6.6349    6.6419    6.6705    6.7674    7.0543    7.0695    7.3464    7.3838    7.4601    7.4844    7.4941    7.5304    7.7150    7.7330    7.8583    7.8884    7.9339    7.9753    8.1745    8.1885    8.3410    8.4024    8.5071    8.5721    8.6667    8.6733    8.7103    8.7230    9.0653    9.0787    9.1318    9.1733    9.2861    9.3119    9.3683    9.3801    9.4620    9.4714    9.4730    9.5179    9.7042    9.7112   10.0114   10.0275   10.2166   10.2885
  2.6976  -24.2148  -24.2146  -24.2132  -24.2125  -24.1871  -24.1871  -24.1863  -24.1863  -21.2594  -21.2591  -21.2557  -21.2541  -21.2406  -21.2393  -21.2376  -21.2371  -21.2168  -21.2163  -21.2160  -21.2160  -10.4728  -10.4677  -10.1909  -10.1814   -8.4544   -8.3949   -8.1132   -8.0693   -3.4922   -3.1804   -3.0264   -2.7308   -2.6184   -2.5145   -2.3371   -2.0745   -1.4398   -1.2479   -1.0326   -0.8450    1.5072    1.5437    1.6299    1.9087    2.0170    2.0703    2.2033    2.5289    2.5997    2.6622    2.6684    2.8794    4.8231    4.8578    5.2891    5.3261    5.4328    5.5146    5.7382    5.7825    5.8635    5.8892    6.1332    6.2073    6.2183    6.2381    6.4454    6.4785    6.7381    6.8214    6.9224    6.9338    7.4896    7.5151    7.5783    7.6007    7.6241    7.6531    7.6625    7.6795    7.9016    7.9501    8.0918    8.1238    8.1429    8.1670    8.4404    8.4512    8.4638    8.5006    8.5125    8.5289    8.6274    8.6939    8.8831    8.9067    9.1268    9.1725    9.1882    9.2092    9.2811    9.2848    9.2916    9.3173    9.6106    9.6571    9.8391    9.8509   10.2052   10.2196   10.2415   10.3274
  2.7365  -24.2147  -24.2146  -24.2130  -24.2126  -24.1871  -24.1871  -24.1863  -24.1863  -21.2593  -21.2592  -21.2553  -21.2545  -21.2403  -21.2396  -21.2375  -21.2372  -21.2166  -21.2163  -21.2159  -21.2159  -10.3860  -10.3804  -10.2419  -10.2339   -8.3868   -8.3316   -8.2126   -8.1656   -3.4275   -3.2648   -2.9550   -2.7775   -2.6681   -2.5821   -2.2952   -2.1579   -1.3401   -1.1484   -1.1343   -0.9447    1.5974    1.6318    1.6565    1.8689    2.0730    2.1257    2.2517    2.5065    2.5456    2.5645    2.5878    2.7545    4.9195    4.9550    5.1548    5.1920    5.5800    5.6832    5.7470    5.8179    5.9721    6.0235    6.0799    6.1310    6.1367    6.1838    6.3220    6.3501    6.7773    6.8307    6.8328    6.8396    7.5789    7.5838    7.5994    7.6090    7.7132    7.7693    7.7780    7.8149    7.9492    8.0185    8.0777    8.1208    8.2076    8.2359    8.2598    8.3259    8.3784    8.3804    8.5862    8.5870    8.6378    8.6856    8.7947    8.8157    9.0288    9.0663    9.0772    9.1402    9.1820    9.2006    9.2147    9.2764    9.7752    9.8215   10.0164   10.0245   10.1167   10.1741   10.3889   10.4047
  2.7753  -24.2146  -24.2146  -24.2128  -24.2128  -24.1871  -24.1871  -24.1863  -24.1863  -21.2592  -21.2592  -21.2548  -21.2548  -21.2400  -21.2400  -21.2373  -21.2373  -21.2164  -21.2164  -21.2159  -21.2159  -10.3080  -10.3080  -10.3013  -10.3013   -8.3051   -8.3051   -8.2541   -8.2541   -3.3499   -3.3499   -2.8681   -2.8681   -2.6387   -2.6387   -2.2331   -2.2331   -1.2375   -1.2375   -1.0465   -1.0465    1.6383    1.6383    1.7609    1.7609    2.1253    2.1253    2.3612    2.3612    2.5442    2.5442    2.6426    2.6426    5.0305    5.0305    5.0669    5.0669    5.6991    5.6991    5.8113    5.8113    6.0175    6.0175    6.0505    6.0505    6.2097    6.2097    6.2425    6.2425    6.7957    6.7957    6.8189    6.8189    7.5835    7.5835    7.6201    7.6201    7.8234    7.8234    7.8499    7.8499    8.0459    8.0459    8.0896    8.0896    8.1601    8.1601    8.1820    8.1820    8.4894    8.4894    8.5088    8.5088    8.7296    8.7296    8.7337    8.7337    9.0100    9.0100    9.0714    9.0714    9.1653    9.1653    9.2137    9.2137    9.9489    9.9489    9.9984    9.9984   10.2126   10.2126   10.2195   10.2195
