#K-Path     Band-1    Band-2    Band-3    Band-4      ...     Band-n
  0.0000  -24.2941  -24.2941  -24.2938  -24.2938  -24.2645  -24.2645  -24.2639  -24.2639  -21.3409  -21.3409  -21.3401  -21.3401  -21.3148  -21.3148  -21.3148  -21.3148  -21.2971  -21.2971  -21.2961  -21.2961  -11.3107  -11.3107  -11.3064  -11.3064   -7.7014   -7.7014   -7.6605   -7.6605   -3.0447   -3.0447   -2.6294   -2.6294   -1.5678   -1.5678   -1.2096   -1.2096   -0.5887   -0.5887   -0.5835   -0.5835    0.9636    0.9636    1.1499    1.1499    2.0858    2.0858    2.5956    2.5956    2.9342    2.9342    3.1185    3.1185    4.2850    4.2850    4.3300    4.3300    4.5608    4.5608    4.5910    4.5910    5.3684    5.3685    5.3908    5.3909    6.0299    6.0299    6.0348    6.0349    6.6276    6.6276    6.6670    6.6670    6.7821    6.7821    6.7859    6.7860    7.6057    7.6057    7.6474    7.6474    8.0783    8.0783    8.0798    8.0798    8.1976    8.1976    8.2253    8.2253    9.1173    9.1173    9.1448    9.1448    9.4314    9.4315    9.4324    9.4324    9.5394    9.5394    9.5471    9.5472    9.9428    9.9429    9.9452    9.9452   10.3446   10.3446   10.3546   10.3546   10.4070   10.4070   10.4352   10.4353
  0.0207  -24.2942  -24.2940  -24.2939  -24.2938  -24.2645  -24.2645  -24.2639  -24.2639  -21.3411  -21.3408  -21.3402  -21.3399  -21.3149  -21.3149  -21.3147  -21.3147  -21.2972  -21.2969  -21.2962  -21.2960  -11.3510  -11.3468  -11.2690  -11.2647   -7.7475   -7.7073   -7.6575   -7.6164   -3.0928   -2.9903   -2.6837   -2.5698   -1.6129   -1.5224   -1.2536   -1.1662   -0.6327   -0.6277   -0.5469   -0.5407    0.9564    0.9754    1.1491    1.1534    2.0374    2.1272    2.5501    2.6286    2.8988    2.9685    3.0837    3.1487    4.2443    4.2838    4.3280    4.3786    4.5119    4.5387    4.6114    4.6450    5.3366    5.3535    5.4006    5.4271    5.9912    6.0030    6.0751    6.0784    6.5878    6.6390    6.6693    6.6744    6.7268    6.7616    6.8435    6.8490    7.5693    7.6132    7.6173    7.6404    8.0236    8.0266    8.1332    8.1420    8.2059    8.2087    8.2196    8.2441    9.0133    9.0578    9.1962    9.2057    9.3144    9.3329    9.4381    9.4557    9.5760    9.5995    9.6192    9.6299    9.9360    9.9479    9.9573    9.9606   10.3233   10.3338   10.3568   10.3671   10.3986   10.4198   10.4281   10.4592
  0.0414  -24.2942  -24.2940  -24.2939  -24.2937  -24.2645  -24.2645  -24.2639  -24.2639  -21.3412  -21.3407  -21.3404  -21.3398  -21.3150  -21.3150  -21.3147  -21.3146  -21.2973  -21.2968  -21.2963  -21.2959  -11.3898  -11.3857  -11.2262  -11.2219   -7.7957   -7.7563   -7.6161   -7.5750   -3.1345   -2.9296   -2.7324   -2.5048   -1.6577   -1.4766   -1.2979   -1.1233   -0.6785   -0.6727   -0.5073   -0.4996    0.9541    0.9912    1.1515    1.1587    1.9828    2.1613    2.4923    2.6496    2.8628    3.0012    3.0446    3.1743    4.2052    4.2394    4.3739    4.4300    4.4648    4.4884    4.6630    4.7000    5.3073    5.3180    5.4305    5.4591    5.9619    5.9789    6.1245    6.1369    6.5587    6.6161    6.6350    6.6464    6.7469    6.7953    6.9095    6.9202    7.5055    7.5485    7.5980    7.6094    7.9746    7.9811    8.1667    8.1925    8.2302    8.2406    8.2422    8.2809    8.9098    8.9687    9.1903    9.2009    9.2029    9.2143    9.4768    9.4794    9.6612    9.7093    9.7169    9.7371    9.9315    9.9545   10.0003   10.0011   10.2972   10.3085   10.3564   10.3674   10.4003   10.4119   10.4637   10.4924
  0.0621  -24.2943  -24.2941  -24.2938  -24.2936  -24.2645  -24.2645  -24.2639  -24.2639  -21.3413  -21.3405  -21.3405  -21.3397  -21.3150  -21.3150  -21.3146  -21.3145  -21.2974  -21.2967  -21.2964  -21.2958  -11.4269  -11.4230  -11.1824  -11.1781   -7.8456   -7.8075   -7.5772   -7.5366   -3.1698   -2.8629   -2.7757   -2.4349   -1.7018   -1.4306   -1.3426   -1.0812   -0.7256   -0.7184   -0.4700   -0.4602    0.9567    1.0101    1.1571    1.1641    1.9234    2.1880    2.4231    2.6597    2.8268    3.0021    3.0318    3.1955    4.1668    4.1966    4.4199    4.4230    4.4403    4.4842    4.7148    4.7554    5.2820    5.2862    5.4559    5.4843    5.9422    5.9626    6.1840    6.2049    6.5433    6.5845    6.5928    6.6027    6.8049    6.8492    6.9792    6.9947    7.4226    7.4518    7.5671    7.5692    7.9330    7.9420    8.1497    8.1740    8.2971    8.2989    8.3103    8.3327    8.8094    8.8710    9.0855    9.1253    9.1531    9.1537    9.5338    9.5370    9.7570    9.8155    9.8175    9.8293    9.9286    9.9601   10.0637   10.0840   10.2692   10.2812   10.3418   10.3518   10.4069   10.4073   10.5163   10.5366
  0.0828  -24.2944  -24.2941  -24.2938  -24.2935  -24.2645  -24.2645  -24.2639  -24.2639  -21.3414  -21.3407  -21.3404  -21.3395  -21.3151  -21.3151  -21.3145  -21.3144  -21.2975  -21.2966  -21.2965  -21.2957  -11.4623  -11.4585  -11.1378  -11.1336   -7.8969   -7.8603   -7.5409   -7.5011   -3.1988   -2.8138   -2.7904   -2.3605   -1.7451   -1.3876   -1.3842   -1.0399   -0.7734   -0.7641   -0.4348   -0.4228    0.9640    1.0305    1.1660    1.1670    1.8619    2.2078    2.3440    2.6601    2.7912    2.9570    3.0602    3.2127    4.1288    4.1549    4.3772    4.3948    4.4750    4.5411    4.7662    4.8103    5.2585    5.2608    5.4761    5.5022    5.9326    5.9549    6.2530    6.2794    6.5347    6.5409    6.5441    6.5996    6.8625    6.9078    7.0506    7.0710    7.3333    7.3419    7.5218    7.5337    7.8989    7.9096    8.0984    8.1225    8.3657    8.3825    8.3927    8.3939    8.7022    8.7524    9.0163    9.0804    9.0894    9.0969    9.5723    9.5769    9.8455    9.8659    9.9213    9.9279    9.9632    9.9677   10.1358   10.1840   10.2408   10.2534   10.3129   10.3194   10.3914   10.4024   10.5894   10.5951
  0.1035  -24.2944  -24.2942  -24.2937  -24.2935  -24.2645  -24.2645  -24.2639  -24.2639  -21.3416  -21.3409  -21.3403  -21.3394  -21.3152  -21.3152  -21.3144  -21.3143  -21.2975  -21.2966  -21.2964  -21.2956  -11.4958  -11.4922  -11.0928  -11.0886   -7.9493   -7.9144   -7.5073   -7.4686   -3.2216   -2.8469   -2.7127   -2.2824   -1.7873   -1.4329   -1.3371   -0.9995   -0.8213   -0.8094   -0.4015   -0.3875    0.9757    1.0504    1.1635    1.1778    1.8020    2.2213    2.2577    2.6521    2.7567    2.9105    3.0862    3.2265    4.0908    4.1144    4.3366    4.3518    4.5293    4.5996    4.8162    4.8638    5.2342    5.2429    5.4923    5.5144    5.9339    5.9565    6.3293    6.3534    6.4879    6.4926    6.5657    6.6071    6.9036    6.9582    7.1212    7.1469    7.2374    7.2575    7.4778    7.4960    7.8722    7.8840    8.0283    8.0522    8.4367    8.4524    8.4688    8.4854    8.5864    8.6197    8.9838    9.0285    9.0422    9.0659    9.5904    9.5937    9.8466    9.8883    9.9974   10.0072   10.0218   10.0387   10.1979   10.2128   10.2259   10.2490   10.2850   10.3048   10.3460   10.3635   10.6404   10.6479
  0.1242  -24.2945  -24.2943  -24.2936  -24.2934  -24.2645  -24.2645  -24.2639  -24.2639  -21.3417  -21.3410  -21.3402  -21.3393  -21.3153  -21.3152  -21.3143  -21.3142  -21.2976  -21.2967  -21.2963  -21.2955  -11.5273  -11.5239  -11.0476  -11.0436   -8.0022   -7.9692   -7.4763   -7.4391   -3.2386   -2.8754   -2.6303   -2.2012   -1.8282   -1.4784   -1.2889   -0.9602   -0.8686   -0.8539   -0.3696   -0.3543    0.9915    1.0667    1.1484    1.1922    1.7490    2.1672    2.2290    2.6371    2.7236    2.8638    3.1099    3.2375    4.0531    4.0751    4.2982    4.3113    4.5846    4.6579    4.8647    4.9150    5.2119    5.2266    5.5077    5.5247    5.9467    5.9684    6.4072    6.4154    6.4446    6.4484    6.6151    6.6269    6.8999    6.9610    7.1825    7.1873    7.2179    7.2276    7.4367    7.4577    7.8525    7.8654    7.9551    7.9779    8.4401    8.4755    8.4987    8.5007    8.5834    8.5902    8.9739    8.9798    8.9973    9.0625    9.5985    9.5991    9.8041    9.8775   10.0172   10.0560   10.0619   10.0691   10.1812   10.1841   10.1945   10.1978   10.3115   10.3308   10.3397   10.3958   10.6133   10.6187
  0.1449  -24.2946  -24.2944  -24.2935  -24.2933  -24.2645  -24.2645  -24.2639  -24.2639  -21.3418  -21.3412  -21.3401  -21.3392  -21.3153  -21.3153  -21.3142  -21.3141  -21.2977  -21.2969  -21.2962  -21.2954  -11.5568  -11.5536  -11.0026  -10.9987   -8.0552   -8.0244   -7.4480   -7.4126   -3.2499   -2.8997   -2.5437   -2.1184   -1.8673   -1.5243   -1.2391   -0.9217   -0.9145   -0.8971   -0.3388   -0.3233    1.0107    1.0757    1.1159    1.2086    1.7086    2.0768    2.2320    2.6163    2.6928    2.8183    3.1313    3.2462    4.0158    4.0373    4.2620    4.2734    4.6387    4.7126    4.9127    4.9633    5.1898    5.2102    5.5260    5.5377    5.9708    5.9907    6.4056    6.4091    6.4590    6.4754    6.6647    6.6931    6.8407    6.8843    7.2126    7.2419    7.2574    7.2754    7.3982    7.4186    7.8395    7.8534    7.8953    7.9178    8.3130    8.3381    8.5231    8.5375    8.6814    8.6949    8.9529    8.9714    8.9737    9.0581    9.6026    9.6049    9.7453    9.8388    9.9683   10.0176   10.0452   10.0485   10.1202   10.1243   10.1548   10.1701   10.3414   10.3602   10.3858   10.4464   10.6281   10.6338
  0.1656  -24.2946  -24.2944  -24.2935  -24.2933  -24.2645  -24.2644  -24.2640  -24.2639  -21.3419  -21.3413  -21.3400  -21.3392  -21.3154  -21.3153  -21.3142  -21.3140  -21.2978  -21.2970  -21.2961  -21.2954  -11.5841  -11.5811  -10.9582  -10.9545   -8.1078   -8.0792   -7.4223   -7.3889   -3.2559   -2.9204   -2.4538   -2.0353   -1.9042   -1.5704   -1.1865   -0.9584   -0.9386   -0.8840   -0.3088   -0.2943    1.0329    1.0626    1.0726    1.2265    1.6841    1.9914    2.2312    2.5910    2.6649    2.7751    3.1507    3.2531    3.9797    4.0012    4.2279    4.2380    4.6883    4.7583    4.9638    5.0097    5.1667    5.1921    5.5511    5.5581    6.0046    6.0224    6.3717    6.3756    6.4893    6.5210    6.7272    6.7544    6.7786    6.7888    7.2703    7.2800    7.3007    7.3213    7.3668    7.3844    7.8331    7.8478    7.8658    7.8905    8.1870    8.2035    8.5094    8.5397    8.7826    8.8066    8.9528    8.9717    8.9781    9.0463    9.6103    9.6147    9.6704    9.7677    9.8974    9.9312    9.9916    9.9948   10.0504   10.0515   10.1285   10.1452   10.3478   10.4026   10.4054   10.4142   10.7564   10.7581
  0.1863  -24.2947  -24.2945  -24.2934  -24.2932  -24.2644  -24.2644  -24.2640  -24.2640  -21.3420  -21.3415  -21.3398  -21.3391  -21.3154  -21.3154  -21.3141  -21.3139  -21.2978  -21.2971  -21.2960  -21.2953  -11.6093  -11.6065  -10.9147  -10.9112   -8.1593   -8.1331   -7.3991   -7.3680   -3.2569   -2.9382   -2.3615   -1.9539   -1.9383   -1.6166   -1.1301   -0.9996   -0.9779   -0.8466   -0.2794   -0.2676    0.9888    1.0517    1.0576    1.2452    1.6751    1.9165    2.2275    2.5623    2.6409    2.7356    3.1681    3.2585    3.9450    3.9670    4.1961    4.2052    4.7293    4.7897    5.0223    5.0572    5.1417    5.1713    5.5855    5.5891    6.0443    6.0606    6.3445    6.3500    6.5115    6.5430    6.6640    6.6732    6.8084    6.8896    7.2447    7.2644    7.3584    7.3658    7.3785    7.3991    7.8328    7.8484    7.8736    7.8995    8.0757    8.0779    8.4625    8.5047    8.8659    8.9218    8.9702    8.9923    8.9994    9.0253    9.5805    9.6252    9.6300    9.6628    9.8449    9.8468    9.9198    9.9210    9.9735    9.9740   10.1045   10.1227   10.2942   10.3494   10.4637   10.4644   10.7790   10.7817
  0.2070  -24.2947  -24.2946  -24.2933  -24.2932  -24.2644  -24.2644  -24.2640  -24.2640  -21.3421  -21.3416  -21.3397  -21.3390  -21.3155  -21.3154  -21.3140  -21.3139  -21.2979  -21.2972  -21.2959  -21.2952  -11.6321  -11.6296  -10.8727  -10.8695   -8.2090   -8.1853   -7.3783   -7.3497   -3.2533   -2.9537   -2.2680   -1.9692   -1.8763   -1.6628   -1.0684   -1.0376   -1.0148   -0.8091   -0.2504   -0.2433    0.8985    1.0086    1.0842    1.2639    1.6778    1.8567    2.2222    2.5310    2.6214    2.7009    3.1836    3.2627    3.9123    3.9350    4.1666    4.1749    4.7580    4.8052    5.0907    5.1098    5.1148    5.1474    5.6299    5.6315    6.0817    6.0981    6.3267    6.3357    6.5267    6.5476    6.5796    6.5821    6.8921    6.9809    7.1826    7.1966    7.3861    7.3880    7.4405    7.4821    7.8386    7.8549    7.8873    7.8887    7.9909    8.0323    8.3933    8.4427    8.8926    8.9824    8.9894    9.0165    9.0510    9.0711    9.4815    9.5448    9.6454    9.6473    9.7753    9.8065    9.8412    9.8462    9.8937    9.8939   10.0825   10.1025   10.2524   10.3005   10.5016   10.5178   10.8119   10.8217
  0.2277  -24.2948  -24.2946  -24.2933  -24.2931  -24.2644  -24.2644  -24.2640  -24.2640  -21.3422  -21.3418  -21.3396  -21.3390  -21.3155  -21.3155  -21.3139  -21.3138  -21.2979  -21.2973  -21.2958  -21.2952  -11.6527  -11.6504  -10.8327  -10.8298   -8.2563   -8.2351   -7.3599   -7.3340   -3.2457   -2.9676   -2.1745   -1.9962   -1.8049   -1.7088   -1.0719   -1.0488   -0.9997   -0.7707   -0.2220   -0.2216    0.7965    0.9416    1.1122    1.2819    1.6874    1.8137    2.2162    2.4981    2.6071    2.6719    3.1975    3.2659    3.8820    3.9052    4.1396    4.1472    4.7730    4.8075    5.0862    5.1206    5.1678    5.1708    5.6836    5.6847    6.1057    6.1233    6.3189    6.3323    6.5112    6.5232    6.5339    6.5384    6.9516    7.0144    7.1270    7.1625    7.3987    7.4201    7.5232    7.5656    7.8128    7.8150    7.8507    7.8674    8.0252    8.0911    8.3104    8.3635    8.8793    8.9416    8.9987    9.0308    9.1667    9.1668    9.3888    9.4306    9.6552    9.6589    9.7184    9.7681    9.7724    9.7768    9.8202    9.8213   10.0629   10.0851   10.2353   10.2703   10.5273   10.5596   10.8556   10.8755
  0.2484  -24.2948  -24.2947  -24.2932  -24.2931  -24.2644  -24.2644  -24.2640  -24.2640  -21.3422  -21.3419  -21.3395  -21.3390  -21.3156  -21.3155  -21.3139  -21.3137  -21.2979  -21.2974  -21.2957  -21.2952  -11.6709  -11.6689  -10.7953  -10.7926   -8.3004   -8.2819   -7.3437   -7.3207   -3.2343   -2.9808   -2.0826   -2.0185   -1.7541   -1.7420   -1.1023   -1.0797   -0.9228   -0.7304   -0.2031   -0.1944    0.6875    0.8525    1.1409    1.2983    1.6999    1.7859    2.2107    2.4642    2.5981    2.6491    3.2098    3.2681    3.8544    3.8779    4.1152    4.1222    4.7763    4.8007    5.0568    5.0913    5.2406    5.2515    5.7447    5.7467    6.1094    6.1274    6.3043    6.3209    6.4939    6.5132    6.5160    6.5304    6.9359    6.9514    7.1304    7.1944    7.4277    7.4614    7.6032    7.6445    7.7289    7.7396    7.8704    7.8860    8.1025    8.1756    8.2196    8.2734    8.8505    8.8886    8.9929    9.0291    9.2051    9.2475    9.3637    9.3655    9.6378    9.6412    9.6772    9.6998    9.7030    9.7544    9.7695    9.7701   10.0459   10.0712   10.2542   10.2730   10.5397   10.5861   10.9060   10.9379
  0.2691  -24.2948  -24.2947  -24.2932  -24.2931  -24.2644  -24.2643  -24.2641  -24.2640  -21.3423  -21.3420  -21.3395  -21.3389  -21.3156  -21.3155  -21.3138  -21.3137  -21.2980  -21.2975  -21.2956  -21.2951  -11.6868  -11.6850  -10.7610  -10.7587   -8.3406   -8.3247   -7.3296   -7.3096   -3.2198   -2.9940   -2.0357   -1.9940   -1.7985   -1.6896   -1.1285   -1.1073   -0.8368   -0.6872   -0.1882   -0.1679    0.5754    0.7462    1.1697    1.3123    1.7125    1.7693    2.2067    2.4301    2.5942    2.6328    3.2207    3.2696    3.8300    3.8530    4.0935    4.0999    4.7714    4.7886    5.0276    5.0608    5.3181    5.3402    5.8108    5.8150    6.0971    6.1130    6.2711    6.2892    6.4803    6.5122    6.5359    6.5599    6.8670    6.8692    7.1626    7.2043    7.4884    7.5098    7.6715    7.6768    7.6919    7.7118    7.8992    7.9107    8.1273    8.1778    8.1826    8.2554    8.8113    8.8275    8.9710    9.0100    9.1521    9.1914    9.4437    9.4487    9.5951    9.5980    9.6307    9.6397    9.6581    9.7341    9.7392    9.7421   10.0323   10.0615   10.3129   10.3183   10.5357   10.5906   10.9587   11.0030
  0.2898  -24.2949  -24.2948  -24.2931  -24.2930  -24.2643  -24.2643  -24.2641  -24.2641  -21.3423  -21.3421  -21.3394  -21.3389  -21.3156  -21.3156  -21.3137  -21.3136  -21.2980  -21.2975  -21.2955  -21.2951  -11.7002  -11.6988  -10.7306  -10.7286   -8.3761   -8.3628   -7.3176   -7.3008   -3.2027   -3.0078   -2.0471   -1.9106   -1.8412   -1.6488   -1.1504   -1.1314   -0.7420   -0.6402   -0.1778   -0.1429    0.4641    0.6280    1.1981    1.3231    1.7233    1.7598    2.2052    2.3964    2.5948    2.6226    3.2303    3.2702    3.8091    3.8308    4.0748    4.0806    4.7622    4.7743    5.0001    5.0303    5.4013    5.4323    5.8785    5.8869    6.0760    6.0881    6.2367    6.2536    6.4323    6.4747    6.6105    6.6378    6.7900    6.7965    7.1709    7.1756    7.5540    7.5750    7.6680    7.6736    7.7388    7.7584    7.9274    7.9349    8.0525    8.0893    8.2510    8.3136    8.7576    8.7579    8.9344    8.9750    9.1108    9.1246    9.5105    9.5451    9.5517    9.5657    9.5714    9.5827    9.6834    9.7014    9.7129    9.7311   10.0233   10.0576   10.4025   10.4047   10.5118   10.5660   11.0117   11.0656
  0.3105  -24.2949  -24.2948  -24.2931  -24.2930  -24.2643  -24.2643  -24.2641  -24.2641  -21.3424  -21.3422  -21.3393  -21.3389  -21.3157  -21.3156  -21.3137  -21.3136  -21.2980  -21.2976  -21.2954  -21.2951  -11.7112  -11.7100  -10.7046  -10.7030   -8.4062   -8.3955   -7.3076   -7.2940   -3.1834   -3.0227   -2.0524   -1.8818   -1.8343   -1.6204   -1.1678   -1.1517   -0.6402   -0.5885   -0.1730   -0.1201    0.3577    0.5031    1.2254    1.3299    1.7316    1.7543    2.2070    2.3638    2.5985    2.6175    3.2387    3.2701    3.7920    3.8114    4.0593    4.0642    4.7514    4.7600    4.9756    5.0015    5.4882    5.5263    5.9424    5.9586    6.0519    6.0597    6.2103    6.2239    6.3764    6.4169    6.6989    6.7268    6.7283    6.7286    7.1280    7.1476    7.5878    7.6610    7.6888    7.7218    7.7743    7.7843    7.9026    7.9120    8.0576    8.0597    8.2975    8.3413    8.6790    8.6852    8.8867    8.9273    9.0893    9.1118    9.4986    9.5034    9.5294    9.5343    9.5384    9.6693    9.6759    9.6800    9.7301    9.7596   10.0223   10.0621   10.4683   10.5122   10.5136   10.5188   11.0649   11.1198
  0.3312  -24.2949  -24.2948  -24.2931  -24.2930  -24.2643  -24.2643  -24.2641  -24.2641  -21.3424  -21.3422  -21.3392  -21.3390  -21.3157  -21.3156  -21.3136  -21.3136  -21.2979  -21.2977  -21.2954  -21.2951  -11.7197  -11.7189  -10.6836  -10.6824   -8.4301   -8.4221   -7.2995   -7.2892   -3.1627   -3.0392   -2.0512   -1.9197   -1.7668   -1.6044   -1.1809   -1.1683   -0.5352   -0.5324   -0.1742   -0.1005    0.2613    0.3768    1.2510    1.3322    1.7375    1.7509    2.2127    2.3327    2.6038    2.6160    3.2459    3.2691    3.7791    3.7950    4.0472    4.0511    4.7414    4.7472    4.9556    4.9761    5.5767    5.6203    5.9928    6.0234    6.0292    6.0334    6.1921    6.2019    6.3234    6.3478    6.6670    6.6742    6.7910    6.8208    7.0799    7.1079    7.6228    7.6847    7.7396    7.7788    7.7959    7.8012    7.8475    7.8723    8.1014    8.1152    8.3179    8.3414    8.5936    8.6003    8.8337    8.8716    9.0900    9.1440    9.4582    9.4605    9.5020    9.5078    9.5498    9.6408    9.6488    9.7295    9.7713    9.8389   10.0368   10.0778   10.4120   10.4404   10.6397   10.6452   11.1167   11.1629
  0.3519  -24.2949  -24.2949  -24.2931  -24.2930  -24.2643  -24.2642  -24.2642  -24.2641  -21.3424  -21.3423  -21.3392  -21.3390  -21.3157  -21.3157  -21.3136  -21.3136  -21.2979  -21.2978  -21.2953  -21.2952  -11.7258  -11.7252  -10.6681  -10.6673   -8.4473   -8.4419   -7.2932   -7.2864   -3.1411   -3.0572   -2.0435   -1.9540   -1.7098   -1.6008   -1.1895   -1.1808   -0.4733   -0.4368   -0.1784   -0.0870    0.1817    0.2567    1.2741    1.3297    1.7413    1.7486    2.2226    2.3040    2.6093    2.6163    3.2521    3.2674    3.7706    3.7819    4.0386    4.0413    4.7335    4.7371    4.9413    4.9555    5.6637    5.7095    6.0110    6.0129    6.0135    6.0643    6.1806    6.1868    6.2893    6.2914    6.6133    6.6267    6.8778    6.9044    7.0431    7.0682    7.6580    7.6732    7.7000    7.7220    7.8512    7.8696    7.8728    7.8843    8.1574    8.1745    8.3162    8.3247    8.5112    8.5170    8.7838    8.8150    9.1164    9.1786    9.4272    9.4281    9.4846    9.4883    9.5810    9.6186    9.6236    9.7317    9.8349    9.8852   10.0729   10.1023   10.3574   10.3712   10.7684   10.7729   11.1277   11.1354
  0.3726  -24.2949  -24.2949  -24.2930  -24.2930  -24.2642  -24.2642  -24.2642  -24.2642  -21.3424  -21.3423  -21.3391  -21.3390  -21.3157  -21.3157  -21.3136  -21.3136  -21.2979  -21.2978  -21.2953  -21.2952  -11.7294  -11.7291  -10.6585  -10.6581   -8.4572   -8.4546   -7.2888   -7.2854   -3.1192   -3.0768   -2.0295   -1.9842   -1.6642   -1.6096   -1.1937   -1.1893   -0.4161   -0.3720   -0.1670   -0.0886    0.1276    0.1587    1.2941    1.3223    1.7437    1.7469    2.2370    2.2781    2.6137    2.6169    3.2573    3.2649    3.7667    3.7726    4.0336    4.0350    4.7287    4.7305    4.9338    4.9411    5.7425    5.7799    5.9994    6.0001    6.0042    6.0533    6.1746    6.1776    6.2731    6.2867    6.5742    6.5857    6.9469    6.9638    7.0234    7.0379    7.6208    7.6484    7.6870    7.7083    7.8631    7.8712    7.9490    7.9537    8.2048    8.2167    8.3016    8.3025    8.4490    8.4530    8.7492    8.7676    9.1519    9.1926    9.4078    9.4082    9.4755    9.4773    9.6049    9.6072    9.6313    9.7204    9.8723    9.8980   10.1084   10.1197   10.3233   10.3287   10.8802   10.8828   11.0610   11.0648
  0.3933  -24.2949  -24.2949  -24.2930  -24.2930  -24.2642  -24.2642  -24.2642  -24.2642  -21.3424  -21.3424  -21.3391  -21.3391  -21.3157  -21.3157  -21.3136  -21.3136  -21.2979  -21.2979  -21.2952  -21.2952  -11.7305  -11.7305  -10.6552  -10.6552   -8.4597   -8.4597   -7.2862   -7.2862   -3.0976   -3.0976   -2.0096   -2.0096   -1.6307   -1.6307   -1.1936   -1.1936   -0.3728   -0.3728   -0.1224   -0.1224    0.1129    0.1129    1.3103    1.3103    1.7454    1.7454    2.2556    2.2556    2.6162    2.6162    3.2615    3.2615    3.7675    3.7675    4.0324    4.0325    4.7276    4.7276    4.9337    4.9337    5.7940    5.7940    5.9955    5.9956    6.0128    6.0128    6.1736    6.1736    6.2841    6.2841    6.5635    6.5636    6.9801    6.9801    7.0220    7.0221    7.6098    7.6098    7.7045    7.7046    7.8697    7.8697    7.9822    7.9823    8.2280    8.2280    8.2907    8.2907    8.4273    8.4273    8.7425    8.7425    9.1813    9.1813    9.4013    9.4013    9.4732    9.4732    9.6009    9.6009    9.6850    9.6850    9.8920    9.8920   10.1213   10.1213   10.3165   10.3165   10.9313   10.9313   11.0357   11.0370
  0.3933  -24.2949  -24.2949  -24.2930  -24.2930  -24.2642  -24.2642  -24.2642  -24.2642  -21.3424  -21.3424  -21.3391  -21.3391  -21.3157  -21.3157  -21.3136  -21.3136  -21.2979  -21.2979  -21.2952  -21.2952  -11.7305  -11.7305  -10.6552  -10.6552   -8.4597   -8.4597   -7.2862   -7.2862   -3.0976   -3.0976   -2.0096   -2.0096   -1.6307   -1.6307   -1.1936   -1.1936   -0.3728   -0.3728   -0.1224   -0.1224    0.1129    0.1129    1.3103    1.3103    1.7454    1.7454    2.2556    2.2556    2.6162    2.6162    3.2615    3.2615    3.7675    3.7675    4.0324    4.0325    4.7276    4.7276    4.9337    4.9337    5.7940    5.7940    5.9955    5.9956    6.0128    6.0128    6.1736    6.1736    6.2841    6.2841    6.5635    6.5636    6.9801    6.9801    7.0220    7.0221    7.6098    7.6098    7.7045    7.7046    7.8697    7.8697    7.9822    7.9823    8.2280    8.2280    8.2907    8.2907    8.4273    8.4273    8.7425    8.7425    9.1813    9.1813    9.4013    9.4013    9.4732    9.4732    9.6009    9.6009    9.6850    9.6850    9.8920    9.8920   10.1213   10.1213   10.3165   10.3165   10.9313   10.9313   11.0357   11.0375
  0.4373  -24.2949  -24.2948  -24.2932  -24.2928  -24.2643  -24.2643  -24.2641  -24.2641  -21.3424  -21.3423  -21.3395  -21.3386  -21.3160  -21.3154  -21.3137  -21.3135  -21.2979  -21.2977  -21.2953  -21.2951  -11.7251  -11.7243  -10.6549  -10.6542   -8.4608   -8.4530   -7.2918   -7.2855   -3.1286   -3.0661   -2.0470   -1.9824   -1.6857   -1.6102   -1.2308   -1.1951   -0.4419   -0.3843   -0.2808   -0.1049    0.1098    0.3128    1.2973    1.3947    1.7494    1.7671    2.2293    2.2882    2.5828    2.6233    3.2195    3.2549    3.7714    3.7845    4.0397    4.0428    4.7360    4.7414    4.9431    4.9625    5.7491    5.7988    6.0116    6.0149    6.0195    6.0633    6.1817    6.1891    6.2772    6.2918    6.5779    6.5901    6.9507    6.9690    7.0306    7.0593    7.4989    7.5491    7.6702    7.6956    7.9097    7.9542    7.9547    7.9645    8.1639    8.1906    8.3048    8.3107    8.4467    8.4580    8.7869    8.8207    9.1059    9.1408    9.3240    9.3280    9.5543    9.5612    9.5805    9.6091    9.6527    9.6708    9.7819    9.8897   10.1534   10.2246   10.3475   10.3737   10.8786   10.8830   11.0804   11.1031
  0.4813  -24.2949  -24.2947  -24.2934  -24.2926  -24.2644  -24.2643  -24.2640  -24.2640  -21.3423  -21.3420  -21.3398  -21.3380  -21.3164  -21.3152  -21.3138  -21.3135  -21.2980  -21.2975  -21.2953  -21.2951  -11.7082  -11.7067  -10.6534  -10.6519   -8.4565   -8.4411   -7.3024   -7.2898   -3.1588   -3.0346   -2.0966   -1.9685   -1.7763   -1.6225   -1.2894   -1.2356   -0.5906   -0.5335   -0.3277   -0.2181    0.2988    0.5058    1.3510    1.5361    1.7678    1.8180    2.2068    2.3326    2.5297    2.6199    3.1331    3.2059    3.7974    3.8178    4.0640    4.0696    4.7663    4.7791    4.9865    5.0207    5.6956    5.7597    6.0475    6.0686    6.0817    6.1067    6.2168    6.2332    6.3074    6.3130    6.6277    6.6494    6.8860    6.9169    7.0756    7.1287    7.3486    7.3989    7.5974    7.6490    7.8956    7.9202    7.9213    7.9342    8.1689    8.1888    8.3358    8.3527    8.4992    8.5172    8.9132    8.9605    8.9848    9.0063    9.2607    9.2786    9.3532    9.3607    9.6551    9.6734    9.6991    9.8238    9.8335    9.8612   10.1712   10.2675   10.5152   10.5376   10.7884   10.7980   11.0570   11.0799
  0.5253  -24.2948  -24.2946  -24.2936  -24.2923  -24.2645  -24.2644  -24.2640  -24.2640  -21.3421  -21.3417  -21.3400  -21.3374  -21.3168  -21.3150  -21.3141  -21.3136  -21.2979  -21.2973  -21.2953  -21.2950  -11.6798  -11.6776  -10.6504  -10.6482   -8.4475   -8.4246   -7.3186   -7.2999   -3.1877   -3.0033   -2.1631   -1.9753   -1.9008   -1.6665   -1.3457   -1.2975   -0.7974   -0.6985   -0.3536   -0.2902    0.4802    0.6599    1.4479    1.7082    1.7783    1.9026    2.1876    2.3962    2.4778    2.6358    3.0167    3.1303    3.8425    3.8635    4.1035    4.1108    4.8196    4.8425    5.0506    5.0920    5.6449    5.7086    6.0581    6.1001    6.1339    6.1559    6.2906    6.3122    6.3743    6.4221    6.6878    6.7259    6.7973    6.8313    7.1273    7.1946    7.2267    7.2669    7.5072    7.5712    7.7670    7.7921    7.8417    7.8782    8.3037    8.3380    8.3534    8.3819    8.5364    8.5573    8.8730    8.8918    9.0562    9.1078    9.1507    9.1780    9.2310    9.2623    9.6465    9.7540    9.7854    9.7876   10.0144   10.0454   10.1334   10.2479   10.6419   10.6549   10.7266   10.7466   10.9554   10.9826
  0.5693  -24.2947  -24.2944  -24.2937  -24.2921  -24.2646  -24.2645  -24.2639  -24.2639  -21.3419  -21.3413  -21.3401  -21.3368  -21.3172  -21.3149  -21.3143  -21.3138  -21.2979  -21.2971  -21.2954  -21.2950  -11.6402  -11.6373  -10.6458  -10.6430   -8.4347   -8.4047   -7.3410   -7.3166   -3.2153   -2.9720   -2.2496   -2.0528   -2.0100   -1.7425   -1.3909   -1.3473   -1.0116   -0.8531   -0.3831   -0.3447    0.6312    0.7564    1.5534    1.7767    1.8771    2.0168    2.1736    2.4506    2.4814    2.6905    2.8957    3.0521    3.9022    3.9203    4.1561    4.1651    4.8956    4.9318    5.1218    5.1619    5.6015    5.6613    6.0388    6.0706    6.1894    6.2150    6.3707    6.3937    6.4704    6.5761    6.7305    6.7343    6.7553    6.7809    7.1322    7.1656    7.1981    7.2015    7.4593    7.4990    7.6080    7.6330    7.8180    7.8541    8.3329    8.3772    8.4730    8.4868    8.4947    8.5093    8.8525    8.8886    9.0914    9.1107    9.1519    9.2037    9.2622    9.3048    9.6290    9.7518    9.8254    9.8676   10.0382   10.1300   10.1696   10.1950   10.6132   10.6148   10.6384   10.6501   10.8082   10.8316
  0.6133  -24.2946  -24.2942  -24.2938  -24.2918  -24.2646  -24.2645  -24.2638  -24.2638  -21.3415  -21.3409  -21.3401  -21.3361  -21.3177  -21.3149  -21.3147  -21.3140  -21.2977  -21.2968  -21.2954  -21.2949  -11.5896  -11.5861  -10.6393  -10.6359   -8.4195   -8.3828   -7.3708   -7.3411   -3.2418   -2.9409   -2.3520   -2.2227   -2.0724   -1.8499   -1.4318   -1.3561   -1.2094   -0.9984   -0.4176   -0.3906    0.7318    0.7920    1.6342    1.7833    1.9998    2.1474    2.1719    2.4650    2.5511    2.7783    2.8237    3.0065    3.9725    3.9882    4.2206    4.2313    4.9913    5.0446    5.1907    5.2233    5.5700    5.6239    6.0131    6.0418    6.2065    6.2358    6.3877    6.4105    6.4994    6.6760    6.7513    6.7728    6.7953    6.8109    7.0614    7.1372    7.1826    7.2249    7.4887    7.4939    7.5066    7.5110    7.8151    7.8441    8.2260    8.2598    8.4662    8.4736    8.6333    8.6686    8.9251    8.9803    9.1260    9.1413    9.1591    9.2014    9.4010    9.4324    9.6284    9.7266    9.8284    9.8546    9.9106    9.9568   10.2290   10.2412   10.4576   10.4708   10.5450   10.5907   10.6230   10.6927
  0.6572  -24.2944  -24.2940  -24.2938  -24.2916  -24.2647  -24.2646  -24.2638  -24.2638  -21.3411  -21.3404  -21.3401  -21.3355  -21.3181  -21.3150  -21.3149  -21.3142  -21.2975  -21.2965  -21.2954  -21.2948  -11.5284  -11.5243  -10.6307  -10.6267   -8.4034   -8.3607   -7.4090   -7.3748   -3.2680   -2.9105   -2.4598   -2.3994   -2.1519   -1.9848   -1.4566   -1.3826   -1.3380   -1.1358   -0.4640   -0.4275    0.7502    0.8013    1.6733    1.8210    2.0388    2.1797    2.2750    2.5248    2.5360    2.8553    2.8798    3.0434    4.0497    4.0660    4.2955    4.3083    5.0980    5.1746    5.2534    5.2755    5.5554    5.6011    5.9954    6.0266    6.1468    6.1752    6.3892    6.4335    6.4461    6.5189    6.7891    6.8074    6.9246    6.9626    6.9973    7.0645    7.2639    7.3037    7.4710    7.4766    7.5715    7.5952    7.8158    7.8377    8.0966    8.1132    8.5081    8.5392    8.7298    8.7606    8.9993    9.0905    9.1817    9.1826    9.2082    9.2186    9.5472    9.5628    9.5720    9.6125    9.7892    9.8035    9.8954    9.9098   10.1316   10.1478   10.1810   10.1878   10.5533   10.6144   10.6565   10.6765
  0.7012  -24.2942  -24.2938  -24.2938  -24.2914  -24.2648  -24.2646  -24.2638  -24.2637  -21.3407  -21.3400  -21.3399  -21.3349  -21.3185  -21.3154  -21.3149  -21.3145  -21.2973  -21.2961  -21.2953  -21.2947  -11.4570  -11.4524  -10.6198  -10.6154   -8.3880   -8.3403   -7.4570   -7.4191   -3.2947   -2.8825   -2.5733   -2.5606   -2.2322   -2.1370   -1.5320   -1.4650   -1.3094   -1.2666   -0.5219   -0.4639    0.7030    0.8008    1.6717    1.8916    2.0114    2.1684    2.3842    2.4904    2.6173    2.9257    2.9750    3.1537    4.1316    4.1503    4.3793    4.3947    5.1970    5.3067    5.3079    5.3235    5.5609    5.5996    5.9963    6.0380    6.0723    6.0995    6.2293    6.2979    6.5162    6.5259    6.7864    6.7975    6.8700    6.9531    7.1331    7.1759    7.3333    7.3458    7.5821    7.6274    7.6440    7.6807    7.8113    7.8329    8.0510    8.0582    8.5303    8.5913    8.7001    8.7328    8.9994    9.1193    9.2311    9.2752    9.2985    9.3077    9.5027    9.5234    9.6241    9.6372    9.7884    9.7977    9.8664    9.8810   10.0396   10.0593   10.0972   10.1169   10.4999   10.5740   10.6164   10.6172
  0.7452  -24.2939  -24.2938  -24.2935  -24.2913  -24.2648  -24.2646  -24.2637  -24.2637  -21.3402  -21.3399  -21.3393  -21.3345  -21.3189  -21.3157  -21.3150  -21.3148  -21.2970  -21.2958  -21.2953  -21.2946  -11.3762  -11.3712  -10.6066  -10.6018   -8.3749   -8.3232   -7.5158   -7.4753   -3.3223   -2.8622   -2.7362   -2.6427   -2.2974   -2.2936   -1.6631   -1.4641   -1.3909   -1.2808   -0.5903   -0.5099    0.6446    0.7831    1.6392    1.9450    1.9786    2.1536    2.4478    2.4738    2.7153    2.9951    3.0484    3.2553    4.2158    4.2388    4.4705    4.4895    5.2640    5.3553    5.3764    5.4086    5.5775    5.6234    6.0040    6.0342    6.0588    6.0659    6.1247    6.1462    6.6079    6.6180    6.7649    6.7754    6.7813    6.8462    7.3098    7.3727    7.4206    7.4300    7.6750    7.7187    7.7222    7.7805    7.7941    7.8218    8.1379    8.1506    8.4972    8.5551    8.6017    8.6461    8.8902    8.9826    9.2931    9.3454    9.3889    9.4474    9.4930    9.5312    9.5960    9.6087    9.7699    9.7869    9.8307    9.8319   10.1106   10.1436   10.1744   10.1911   10.4409   10.4842   10.5087   10.5488
  0.7892  -24.2937  -24.2937  -24.2933  -24.2911  -24.2648  -24.2646  -24.2637  -24.2637  -21.3398  -21.3398  -21.3388  -21.3341  -21.3191  -21.3161  -21.3151  -21.3150  -21.2967  -21.2955  -21.2952  -21.2945  -11.2867  -11.2814  -10.5910  -10.5860   -8.3653   -8.3110   -7.5860   -7.5442   -3.3497   -2.8819   -2.8608   -2.6919   -2.4434   -2.3362   -1.7811   -1.5087   -1.4607   -1.2597   -0.6696   -0.5716    0.5969    0.7642    1.5861    1.8700    2.0640    2.1461    2.4091    2.5467    2.7931    3.0323    3.0899    3.2967    4.3011    4.3332    4.5678    4.5921    5.2915    5.4040    5.4345    5.4493    5.5897    5.6405    5.9513    5.9709    6.0477    6.0652    6.2240    6.2622    6.6606    6.6773    6.6941    6.7518    6.8077    6.8184    7.4626    7.5232    7.5408    7.5610    7.7119    7.7438    7.7918    7.7992    7.8244    7.8287    8.2670    8.3230    8.4245    8.4331    8.5322    8.5957    8.7678    8.8518    9.1563    9.1805    9.4511    9.4978    9.5291    9.5881    9.6020    9.6221    9.8299    9.8323    9.8481    9.8769   10.1254   10.1457   10.1621   10.1885   10.2785   10.3166   10.4149   10.4899
  0.8332  -24.2937  -24.2934  -24.2930  -24.2910  -24.2648  -24.2646  -24.2637  -24.2637  -21.3396  -21.3394  -21.3383  -21.3339  -21.3193  -21.3164  -21.3153  -21.3151  -21.2963  -21.2951  -21.2950  -21.2944  -11.1897  -11.1841  -10.5734  -10.5681   -8.3601   -8.3049   -7.6677   -7.6261   -3.3742   -3.0062   -2.8855   -2.7006   -2.5788   -2.3443   -1.8892   -1.6195   -1.4592   -1.2508   -0.7584   -0.6509    0.5703    0.7546    1.5212    1.8070    2.1354    2.1389    2.3734    2.6031    2.8373    3.0232    3.0973    3.2653    4.3915    4.4367    4.6703    4.7018    5.2860    5.4324    5.4565    5.4916    5.5887    5.6337    5.9234    5.9460    6.1132    6.1237    6.4135    6.4713    6.6539    6.6681    6.7023    6.7043    6.9275    6.9334    7.5410    7.5730    7.5935    7.6262    7.7586    7.7774    7.8538    7.8730    7.8763    7.8998    8.1672    8.2611    8.5138    8.5189    8.5670    8.5807    8.6941    8.7348    8.9618    9.0000    9.3987    9.4260    9.5163    9.5200    9.5444    9.6150    9.7789    9.8117    9.9009    9.9699   10.0534   10.0654   10.1500   10.1704   10.2502   10.2604   10.4376   10.4539
  0.8772  -24.2935  -24.2932  -24.2928  -24.2910  -24.2648  -24.2646  -24.2637  -24.2637  -21.3394  -21.3389  -21.3379  -21.3338  -21.3193  -21.3166  -21.3156  -21.3152  -21.2959  -21.2949  -21.2948  -21.2943  -11.0864  -11.0808  -10.5539  -10.5487   -8.3598   -8.3053   -7.7601   -7.7201   -3.3920   -3.1065   -2.9214   -2.6959   -2.6825   -2.3248   -1.9882   -1.7232   -1.4611   -1.2560   -0.8538   -0.7450    0.5670    0.7575    1.4501    1.7578    2.1213    2.1864    2.3431    2.6398    2.8480    2.9757    3.0775    3.1806    4.4918    4.5501    4.7766    4.8163    5.2503    5.3738    5.5098    5.5423    5.5874    5.6328    5.9460    5.9663    6.2192    6.2392    6.5711    6.6575    6.6924    6.6925    6.7405    6.7804    7.0689    7.0791    7.5048    7.5197    7.5449    7.5836    7.7701    7.8067    7.9085    7.9454    8.0501    8.0820    8.1086    8.2133    8.4852    8.5238    8.5268    8.5666    8.7203    8.7697    8.9205    8.9420    9.1971    9.2145    9.4258    9.4645    9.4972    9.5097    9.5891    9.6012    9.8813    9.9418   10.0091   10.0211   10.2609   10.2644   10.2710   10.2913   10.3713   10.3943
  0.9212  -24.2934  -24.2929  -24.2926  -24.2910  -24.2647  -24.2646  -24.2638  -24.2637  -21.3392  -21.3386  -21.3375  -21.3339  -21.3192  -21.3168  -21.3158  -21.3153  -21.2956  -21.2947  -21.2945  -21.2941  -10.9789  -10.9734  -10.5333  -10.5281   -8.3642   -8.3120   -7.8615   -7.8243   -3.3996   -3.1818   -2.9545   -2.7933   -2.6507   -2.2865   -2.0780   -1.8198   -1.4649   -1.2740   -0.9513   -0.8478    0.5839    0.7719    1.3733    1.7084    2.0855    2.2156    2.3274    2.6493    2.8387    2.9034    3.0432    3.0853    4.6005    4.6672    4.8866    4.9328    5.1893    5.2893    5.5674    5.5924    5.6008    5.6511    5.9938    6.0107    6.3565    6.3813    6.6430    6.7283    6.7485    6.7905    6.8394    6.9468    7.1970    7.2115    7.4259    7.4327    7.4958    7.5308    7.7807    7.8256    7.8806    7.9262    8.2173    8.2720    8.2981    8.3210    8.3726    8.3852    8.3997    8.4167    8.7921    8.8432    8.9654    9.0125    9.0874    9.1048    9.2893    9.3273    9.3520    9.3970    9.4759    9.4830    9.7961    9.8292    9.9718   10.0272   10.1582   10.1800   10.3518   10.3739   10.3859   10.4329
  0.9652  -24.2932  -24.2927  -24.2924  -24.2910  -24.2647  -24.2646  -24.2638  -24.2637  -21.3389  -21.3382  -21.3372  -21.3342  -21.3190  -21.3170  -21.3161  -21.3155  -21.2952  -21.2945  -21.2943  -21.2940  -10.8695  -10.8644  -10.5122  -10.5073   -8.3724   -8.3243   -7.9687   -7.9355   -3.3949   -3.2325   -2.9812   -2.8722   -2.6103   -2.2407   -2.1572   -1.9094   -1.4665   -1.3001   -1.0461   -0.9526    0.6156    0.7939    1.2862    1.6327    2.0463    2.2255    2.3311    2.6229    2.8183    2.8299    3.0059    3.0193    4.7062    4.7694    5.0086    5.0520    5.1146    5.1922    5.6324    5.6412    5.6567    5.6870    6.0508    6.0667    6.4815    6.4896    6.7029    6.8248    6.8496    6.8599    6.9166    6.9871    7.2391    7.2413    7.3851    7.4032    7.5005    7.5152    7.8035    7.8399    7.9701    8.0191    8.1468    8.1763    8.1830    8.1956    8.3941    8.4423    8.5064    8.5481    8.8250    8.8499    8.9174    8.9551    9.0982    9.1475    9.1769    9.1951    9.4256    9.4317    9.4350    9.4550    9.7226    9.7367    9.9599    9.9687    9.9786   10.0625   10.2888   10.3599   10.3852   10.4170
  1.0092  -24.2930  -24.2925  -24.2922  -24.2911  -24.2646  -24.2645  -24.2638  -24.2638  -21.3387  -21.3379  -21.3370  -21.3345  -21.3187  -21.3171  -21.3162  -21.3156  -21.2948  -21.2944  -21.2940  -21.2938  -10.7616  -10.7570  -10.4916  -10.4871   -8.3832   -8.3406   -8.0775   -8.0491   -3.3772   -3.2602   -3.0028   -2.9356   -2.5643   -2.2238   -2.1995   -1.9922   -1.4605   -1.3271   -1.1336   -1.0530    0.6567    0.8190    1.1848    1.5116    2.0321    2.2222    2.3462    2.5653    2.7464    2.8306    2.9722    2.9873    4.7907    4.8358    5.0395    5.0957    5.1565    5.1823    5.6779    5.7366    5.7404    5.7468    6.1077    6.1259    6.5047    6.5285    6.7012    6.8534    6.9568    6.9616    6.9983    7.0349    7.2432    7.2620    7.2651    7.2900    7.6288    7.6471    7.8332    7.8754    7.9452    7.9553    7.9770    7.9851    8.1835    8.2054    8.3935    8.4318    8.5793    8.6437    8.8232    8.8700    8.9755    9.0768    9.1103    9.1708    9.1868    9.2569    9.3818    9.4154    9.4968    9.5428    9.7596    9.7705    9.8656    9.8785    9.9125   10.0258   10.1592   10.2095   10.2203   10.2847
  1.0531  -24.2928  -24.2923  -24.2921  -24.2912  -24.2645  -24.2645  -24.2639  -24.2638  -21.3384  -21.3377  -21.3369  -21.3350  -21.3184  -21.3171  -21.3164  -21.3158  -21.2945  -21.2942  -21.2939  -21.2937  -10.6595  -10.6555  -10.4724  -10.4685   -8.3948   -8.3591   -8.1823   -8.1592   -3.3475   -3.2674   -3.0232   -2.9876   -2.5146   -2.2753   -2.1743   -2.0685   -1.4428   -1.3467   -1.2096   -1.1437    0.7021    0.8426    1.0732    1.3552    2.0497    2.2132    2.3587    2.4932    2.7127    2.8365    2.9440    2.9732    4.8421    4.8665    4.9739    5.0110    5.3298    5.3327    5.7300    5.7940    5.8597    5.8621    6.1561    6.1783    6.4789    6.4933    6.6388    6.7309    7.0175    7.0379    7.1053    7.1509    7.1675    7.2129    7.3234    7.3614    7.5697    7.5758    7.7623    7.7832    7.9637    7.9688    7.9777    8.0025    8.1965    8.2018    8.2878    8.3168    8.7731    8.7966    8.8278    8.8666    8.9536    9.0748    9.2149    9.2414    9.2766    9.3449    9.4218    9.5087    9.5556    9.5830    9.6698    9.7105    9.7757    9.8598    9.9627   10.0033   10.1321   10.1337   10.2143   10.2598
  1.0971  -24.2926  -24.2921  -24.2920  -24.2913  -24.2645  -24.2644  -24.2640  -24.2639  -21.3381  -21.3374  -21.3368  -21.3355  -21.3180  -21.3171  -21.3165  -21.3160  -21.2942  -21.2940  -21.2937  -21.2937  -10.5687  -10.5656  -10.4559  -10.4528   -8.4053   -8.3776   -8.2762   -8.2587   -3.3077   -3.2574   -3.0467   -3.0331   -2.4621   -2.3090   -2.1729   -2.1380   -1.4140   -1.3533   -1.2707   -1.2204    0.7476    0.8602    0.9654    1.1890    2.0895    2.2066    2.3558    2.4196    2.7231    2.8442    2.9210    2.9628    4.8650    4.8755    4.9242    4.9454    5.4987    5.5161    5.7780    5.8470    5.9805    5.9847    6.1874    6.2103    6.4625    6.4705    6.5875    6.6331    6.9115    6.9351    7.1570    7.1846    7.1962    7.1995    7.2795    7.3195    7.6259    7.6507    7.6708    7.6789    7.8884    7.9005    8.0344    8.0440    8.2388    8.3013    8.3959    8.4243    8.7933    8.8305    8.8640    8.8668    8.9254    9.0123    9.1949    9.2073    9.3028    9.3766    9.3835    9.4075    9.5924    9.7101    9.7275    9.7557    9.7875    9.8312    9.9203    9.9995   10.2350   10.2517   10.4426   10.4564
  1.1411  -24.2923  -24.2920  -24.2919  -24.2915  -24.2644  -24.2643  -24.2640  -24.2640  -21.3378  -21.3373  -21.3368  -21.3360  -21.3176  -21.3170  -21.3167  -21.3162  -21.2940  -21.2939  -21.2937  -21.2936  -10.4960  -10.4939  -10.4430  -10.4408   -8.4129   -8.3940   -8.3512   -8.3395   -3.2609   -3.2337   -3.0769   -3.0760   -2.4070   -2.3228   -2.1998   -2.1963   -1.3809   -1.3481   -1.3138   -1.2799    0.7895    0.8685    0.8810    1.0372    2.1416    2.2084    2.3347    2.3522    2.7651    2.8527    2.9022    2.9459    4.8713    4.8751    4.8920    4.9018    5.6609    5.6926    5.8090    5.8735    6.0839    6.0895    6.2103    6.2284    6.4997    6.5151    6.5690    6.5833    6.8065    6.8330    6.9401    6.9649    7.1590    7.1747    7.2804    7.2934    7.6584    7.6649    7.7070    7.7161    7.8930    7.9033    8.1144    8.1259    8.4109    8.4604    8.4863    8.5126    8.7759    8.7847    8.8412    8.8823    8.9778    8.9941    9.0938    9.1244    9.2320    9.2407    9.2533    9.3079    9.5937    9.6085    9.6576    9.7537    9.9303    9.9578   10.0217   10.1479   10.2209   10.2542   10.4803   10.5511
  1.1851  -24.2921  -24.2919  -24.2919  -24.2917  -24.2643  -24.2642  -24.2641  -24.2641  -21.3374  -21.3371  -21.3369  -21.3365  -21.3172  -21.3169  -21.3168  -21.3165  -21.2938  -21.2938  -21.2936  -21.2936  -10.4483  -10.4473  -10.4346  -10.4335   -8.4162   -8.4066   -8.3993   -8.3934   -3.2106   -3.2002   -3.1187   -3.1152   -2.3497   -2.3167   -2.2521   -2.2387   -1.3535   -1.3396   -1.3371   -1.3200    0.8246    0.8386    0.8655    0.9193    2.1978    2.2229    2.2954    2.2987    2.8200    2.8623    2.8865    2.9165    4.8712    4.8726    4.8753    4.8785    5.7835    5.8119    5.8224    5.8614    6.1853    6.1997    6.2497    6.2629    6.5290    6.5335    6.5617    6.5640    6.7672    6.7803    6.7952    6.8020    7.0850    7.0989    7.1493    7.1611    7.6947    7.7009    7.7041    7.7100    8.0945    8.1075    8.1832    8.1939    8.5215    8.5330    8.5444    8.5595    8.6876    8.7004    8.7733    8.7841    9.0654    9.0684    9.0835    9.1053    9.1879    9.2000    9.2186    9.2440    9.5206    9.5450    9.6076    9.6733    9.8366    9.8581    9.9101    9.9999   10.4833   10.5312   10.6015   10.6472
  1.2291  -24.2919  -24.2919  -24.2919  -24.2919  -24.2642  -24.2642  -24.2642  -24.2642  -21.3369  -21.3369  -21.3369  -21.3369  -21.3169  -21.3169  -21.3169  -21.3169  -21.2937  -21.2937  -21.2937  -21.2937  -10.4314  -10.4314  -10.4314  -10.4314   -8.4141   -8.4141   -8.4141   -8.4141   -3.1608   -3.1608   -3.1608   -3.1608   -2.2921   -2.2921   -2.2921   -2.2921   -1.3392   -1.3392   -1.3392   -1.3392    0.8506    0.8506    0.8506    0.8506    2.2519    2.2519    2.2519    2.2519    2.8734    2.8734    2.8734    2.8734    4.8709    4.8709    4.8709    4.8709    5.8369    5.8369    5.8369    5.8369    6.2853    6.2853    6.2853    6.2853    6.4940    6.4940    6.4940    6.4940    6.8035    6.8035    6.8035    6.8035    7.0489    7.0489    7.0489    7.0489    7.7175    7.7175    7.7176    7.7176    8.2170    8.2170    8.2171    8.2171    8.5773    8.5773    8.5773    8.5773    8.6439    8.6439    8.6439    8.6439    9.1376    9.1376    9.1376    9.1376    9.1981    9.1981    9.1981    9.1981    9.5607    9.5607    9.5607    9.5607    9.8197    9.8197    9.8198    9.8198   10.6781   10.6781   10.6781   10.6783
  1.2291  -24.2919  -24.2919  -24.2919  -24.2919  -24.2642  -24.2642  -24.2642  -24.2642  -21.3369  -21.3369  -21.3369  -21.3369  -21.3169  -21.3169  -21.3169  -21.3169  -21.2937  -21.2937  -21.2937  -21.2937  -10.4314  -10.4314  -10.4314  -10.4314   -8.4141   -8.4141   -8.4141   -8.4141   -3.1608   -3.1608   -3.1608   -3.1608   -2.2921   -2.2921   -2.2921   -2.2921   -1.3392   -1.3392   -1.3392   -1.3392    0.8506    0.8506    0.8506    0.8506    2.2519    2.2519    2.2519    2.2519    2.8734    2.8734    2.8734    2.8734    4.8709    4.8709    4.8709    4.8709    5.8369    5.8369    5.8369    5.8369    6.2853    6.2853    6.2853    6.2853    6.4940    6.4940    6.4940    6.4940    6.8035    6.8035    6.8035    6.8035    7.0489    7.0489    7.0489    7.0489    7.7175    7.7175    7.7176    7.7176    8.2170    8.2170    8.2171    8.2171    8.5773    8.5773    8.5773    8.5773    8.6439    8.6439    8.6439    8.6439    9.1376    9.1376    9.1376    9.1376    9.1981    9.1981    9.1981    9.1981    9.5607    9.5607    9.5607    9.5607    9.8197    9.8197    9.8198    9.8198   10.6781   10.6781   10.6781   10.6782
  1.2731  -24.2921  -24.2919  -24.2919  -24.2917  -24.2643  -24.2642  -24.2641  -24.2641  -21.3374  -21.3371  -21.3369  -21.3365  -21.3172  -21.3169  -21.3168  -21.3165  -21.2938  -21.2938  -21.2936  -21.2936  -10.4483  -10.4473  -10.4346  -10.4335   -8.4162   -8.4066   -8.3993   -8.3934   -3.2106   -3.2002   -3.1187   -3.1152   -2.3497   -2.3167   -2.2521   -2.2387   -1.3535   -1.3396   -1.3371   -1.3200    0.8246    0.8386    0.8655    0.9193    2.1978    2.2229    2.2954    2.2987    2.8200    2.8623    2.8865    2.9165    4.8712    4.8726    4.8753    4.8785    5.7835    5.8119    5.8224    5.8614    6.1853    6.1997    6.2497    6.2629    6.5290    6.5335    6.5617    6.5640    6.7672    6.7803    6.7952    6.8020    7.0850    7.0989    7.1493    7.1611    7.6947    7.7009    7.7041    7.7100    8.0945    8.1075    8.1832    8.1939    8.5215    8.5330    8.5444    8.5595    8.6876    8.7004    8.7733    8.7841    9.0654    9.0684    9.0835    9.1053    9.1879    9.2000    9.2186    9.2440    9.5206    9.5450    9.6076    9.6733    9.8366    9.8581    9.9101    9.9999   10.4833   10.5312   10.6016   10.6472
  1.3171  -24.2923  -24.2920  -24.2919  -24.2915  -24.2644  -24.2643  -24.2640  -24.2640  -21.3378  -21.3373  -21.3368  -21.3360  -21.3176  -21.3170  -21.3167  -21.3162  -21.2940  -21.2939  -21.2937  -21.2936  -10.4960  -10.4939  -10.4430  -10.4408   -8.4129   -8.3940   -8.3512   -8.3395   -3.2609   -3.2337   -3.0769   -3.0760   -2.4070   -2.3228   -2.1998   -2.1963   -1.3809   -1.3481   -1.3138   -1.2799    0.7895    0.8685    0.8810    1.0372    2.1416    2.2084    2.3347    2.3522    2.7651    2.8527    2.9022    2.9459    4.8713    4.8751    4.8920    4.9018    5.6609    5.6926    5.8090    5.8735    6.0839    6.0895    6.2103    6.2284    6.4997    6.5151    6.5690    6.5833    6.8065    6.8330    6.9401    6.9649    7.1590    7.1747    7.2804    7.2934    7.6584    7.6649    7.7070    7.7161    7.8930    7.9033    8.1144    8.1259    8.4109    8.4604    8.4863    8.5126    8.7759    8.7847    8.8412    8.8823    8.9778    8.9941    9.0938    9.1244    9.2320    9.2407    9.2533    9.3079    9.5937    9.6085    9.6576    9.7537    9.9303    9.9578   10.0217   10.1479   10.2209   10.2542   10.4813   10.5530
  1.3611  -24.2926  -24.2921  -24.2920  -24.2913  -24.2645  -24.2644  -24.2640  -24.2639  -21.3381  -21.3374  -21.3368  -21.3355  -21.3180  -21.3171  -21.3165  -21.3160  -21.2942  -21.2940  -21.2937  -21.2937  -10.5687  -10.5656  -10.4559  -10.4528   -8.4053   -8.3776   -8.2762   -8.2587   -3.3077   -3.2574   -3.0467   -3.0331   -2.4621   -2.3090   -2.1729   -2.1380   -1.4140   -1.3533   -1.2707   -1.2204    0.7476    0.8602    0.9654    1.1890    2.0895    2.2066    2.3558    2.4196    2.7231    2.8442    2.9210    2.9628    4.8650    4.8755    4.9242    4.9454    5.4987    5.5161    5.7780    5.8470    5.9805    5.9847    6.1874    6.2103    6.4625    6.4705    6.5875    6.6331    6.9115    6.9351    7.1570    7.1846    7.1962    7.1995    7.2795    7.3195    7.6259    7.6507    7.6708    7.6789    7.8884    7.9005    8.0344    8.0440    8.2388    8.3013    8.3959    8.4243    8.7933    8.8305    8.8640    8.8668    8.9254    9.0123    9.1949    9.2073    9.3028    9.3766    9.3835    9.4075    9.5924    9.7101    9.7275    9.7557    9.7875    9.8312    9.9203    9.9995   10.2350   10.2517   10.4391   10.4535
  1.4051  -24.2928  -24.2923  -24.2921  -24.2912  -24.2645  -24.2645  -24.2639  -24.2638  -21.3384  -21.3377  -21.3369  -21.3350  -21.3184  -21.3171  -21.3164  -21.3158  -21.2945  -21.2942  -21.2939  -21.2937  -10.6595  -10.6555  -10.4724  -10.4685   -8.3948   -8.3591   -8.1823   -8.1592   -3.3475   -3.2674   -3.0232   -2.9876   -2.5146   -2.2753   -2.1743   -2.0685   -1.4428   -1.3467   -1.2096   -1.1437    0.7021    0.8426    1.0732    1.3552    2.0497    2.2132    2.3587    2.4932    2.7127    2.8365    2.9440    2.9732    4.8421    4.8665    4.9739    5.0110    5.3298    5.3327    5.7300    5.7940    5.8597    5.8621    6.1561    6.1783    6.4789    6.4933    6.6388    6.7309    7.0175    7.0379    7.1053    7.1509    7.1675    7.2129    7.3234    7.3614    7.5697    7.5758    7.7623    7.7832    7.9637    7.9688    7.9777    8.0025    8.1965    8.2018    8.2878    8.3168    8.7731    8.7966    8.8278    8.8666    8.9536    9.0748    9.2149    9.2414    9.2766    9.3449    9.4218    9.5087    9.5556    9.5830    9.6698    9.7105    9.7757    9.8598    9.9627   10.0033   10.1321   10.1337   10.2143   10.2598
  1.4490  -24.2930  -24.2925  -24.2922  -24.2911  -24.2646  -24.2645  -24.2638  -24.2638  -21.3387  -21.3379  -21.3370  -21.3345  -21.3187  -21.3171  -21.3162  -21.3156  -21.2948  -21.2944  -21.2940  -21.2938  -10.7616  -10.7570  -10.4916  -10.4871   -8.3832   -8.3406   -8.0775   -8.0491   -3.3772   -3.2602   -3.0028   -2.9356   -2.5643   -2.2238   -2.1995   -1.9922   -1.4605   -1.3271   -1.1336   -1.0530    0.6567    0.8190    1.1848    1.5116    2.0321    2.2222    2.3462    2.5653    2.7464    2.8306    2.9722    2.9873    4.7907    4.8358    5.0395    5.0957    5.1565    5.1823    5.6779    5.7366    5.7404    5.7468    6.1077    6.1259    6.5047    6.5285    6.7012    6.8534    6.9568    6.9616    6.9983    7.0349    7.2432    7.2620    7.2651    7.2900    7.6288    7.6471    7.8332    7.8754    7.9452    7.9553    7.9770    7.9851    8.1835    8.2054    8.3935    8.4318    8.5793    8.6437    8.8232    8.8700    8.9755    9.0768    9.1103    9.1708    9.1868    9.2569    9.3818    9.4154    9.4968    9.5428    9.7596    9.7705    9.8656    9.8785    9.9125   10.0258   10.1592   10.2095   10.2203   10.2846
  1.4930  -24.2932  -24.2927  -24.2924  -24.2910  -24.2647  -24.2646  -24.2638  -24.2637  -21.3389  -21.3382  -21.3372  -21.3342  -21.3190  -21.3170  -21.3161  -21.3155  -21.2952  -21.2945  -21.2943  -21.2940  -10.8695  -10.8644  -10.5122  -10.5073   -8.3724   -8.3243   -7.9687   -7.9355   -3.3949   -3.2325   -2.9812   -2.8722   -2.6103   -2.2407   -2.1572   -1.9094   -1.4665   -1.3001   -1.0461   -0.9526    0.6156    0.7939    1.2862    1.6327    2.0463    2.2255    2.3311    2.6229    2.8183    2.8299    3.0059    3.0193    4.7062    4.7694    5.0086    5.0520    5.1146    5.1922    5.6324    5.6412    5.6567    5.6870    6.0508    6.0667    6.4815    6.4896    6.7029    6.8248    6.8496    6.8599    6.9166    6.9871    7.2391    7.2413    7.3851    7.4032    7.5005    7.5152    7.8035    7.8399    7.9701    8.0191    8.1468    8.1763    8.1830    8.1956    8.3941    8.4423    8.5064    8.5481    8.8250    8.8499    8.9174    8.9551    9.0982    9.1475    9.1769    9.1951    9.4256    9.4317    9.4350    9.4550    9.7226    9.7367    9.9599    9.9687    9.9786   10.0625   10.2888   10.3600   10.3853   10.4171
  1.5370  -24.2934  -24.2929  -24.2926  -24.2910  -24.2647  -24.2646  -24.2638  -24.2637  -21.3392  -21.3386  -21.3375  -21.3339  -21.3192  -21.3168  -21.3158  -21.3153  -21.2956  -21.2947  -21.2945  -21.2941  -10.9789  -10.9734  -10.5333  -10.5281   -8.3642   -8.3120   -7.8615   -7.8243   -3.3996   -3.1818   -2.9545   -2.7933   -2.6507   -2.2865   -2.0780   -1.8198   -1.4649   -1.2740   -0.9513   -0.8478    0.5839    0.7719    1.3733    1.7084    2.0855    2.2156    2.3274    2.6493    2.8387    2.9034    3.0432    3.0853    4.6005    4.6672    4.8866    4.9328    5.1893    5.2893    5.5674    5.5924    5.6008    5.6511    5.9938    6.0107    6.3565    6.3813    6.6430    6.7283    6.7485    6.7905    6.8394    6.9468    7.1970    7.2115    7.4259    7.4327    7.4958    7.5308    7.7807    7.8256    7.8806    7.9262    8.2173    8.2720    8.2981    8.3210    8.3726    8.3852    8.3997    8.4167    8.7921    8.8432    8.9654    9.0125    9.0874    9.1048    9.2893    9.3273    9.3520    9.3970    9.4759    9.4830    9.7961    9.8292    9.9718   10.0272   10.1582   10.1800   10.3517   10.3738   10.3859   10.4328
  1.5810  -24.2935  -24.2932  -24.2928  -24.2910  -24.2648  -24.2646  -24.2637  -24.2637  -21.3394  -21.3389  -21.3379  -21.3338  -21.3193  -21.3166  -21.3156  -21.3152  -21.2959  -21.2949  -21.2948  -21.2943  -11.0864  -11.0808  -10.5539  -10.5487   -8.3598   -8.3053   -7.7601   -7.7201   -3.3920   -3.1065   -2.9214   -2.6959   -2.6825   -2.3248   -1.9882   -1.7232   -1.4611   -1.2560   -0.8538   -0.7450    0.5670    0.7575    1.4501    1.7578    2.1213    2.1864    2.3431    2.6398    2.8480    2.9757    3.0775    3.1806    4.4918    4.5501    4.7766    4.8163    5.2503    5.3738    5.5098    5.5423    5.5874    5.6328    5.9460    5.9663    6.2192    6.2392    6.5711    6.6575    6.6924    6.6925    6.7405    6.7804    7.0689    7.0791    7.5048    7.5197    7.5449    7.5836    7.7701    7.8067    7.9085    7.9454    8.0501    8.0820    8.1086    8.2133    8.4852    8.5238    8.5268    8.5666    8.7203    8.7697    8.9205    8.9420    9.1971    9.2145    9.4258    9.4645    9.4972    9.5097    9.5891    9.6012    9.8813    9.9418   10.0091   10.0211   10.2609   10.2644   10.2710   10.2913   10.3713   10.3943
  1.6250  -24.2937  -24.2934  -24.2930  -24.2910  -24.2648  -24.2646  -24.2637  -24.2637  -21.3396  -21.3394  -21.3383  -21.3339  -21.3193  -21.3164  -21.3153  -21.3151  -21.2963  -21.2951  -21.2950  -21.2944  -11.1897  -11.1841  -10.5734  -10.5681   -8.3601   -8.3049   -7.6677   -7.6261   -3.3742   -3.0062   -2.8855   -2.7006   -2.5788   -2.3443   -1.8892   -1.6195   -1.4592   -1.2508   -0.7584   -0.6509    0.5703    0.7546    1.5212    1.8070    2.1354    2.1389    2.3734    2.6031    2.8373    3.0232    3.0973    3.2653    4.3915    4.4367    4.6703    4.7018    5.2860    5.4324    5.4565    5.4916    5.5887    5.6337    5.9234    5.9460    6.1132    6.1237    6.4135    6.4713    6.6539    6.6681    6.7023    6.7043    6.9275    6.9334    7.5410    7.5730    7.5935    7.6262    7.7586    7.7774    7.8538    7.8730    7.8763    7.8998    8.1672    8.2611    8.5138    8.5189    8.5670    8.5807    8.6941    8.7348    8.9618    9.0000    9.3987    9.4260    9.5163    9.5200    9.5444    9.6150    9.7789    9.8117    9.9009    9.9699   10.0534   10.0654   10.1501   10.1704   10.2502   10.2604   10.4426   10.4556
  1.6690  -24.2937  -24.2937  -24.2933  -24.2911  -24.2648  -24.2646  -24.2637  -24.2637  -21.3398  -21.3398  -21.3388  -21.3341  -21.3191  -21.3161  -21.3151  -21.3150  -21.2967  -21.2955  -21.2952  -21.2945  -11.2867  -11.2814  -10.5910  -10.5860   -8.3653   -8.3110   -7.5860   -7.5442   -3.3497   -2.8819   -2.8608   -2.6919   -2.4434   -2.3362   -1.7811   -1.5087   -1.4607   -1.2597   -0.6696   -0.5716    0.5969    0.7642    1.5861    1.8700    2.0640    2.1461    2.4091    2.5467    2.7931    3.0323    3.0899    3.2967    4.3011    4.3332    4.5678    4.5921    5.2915    5.4040    5.4345    5.4493    5.5897    5.6405    5.9513    5.9709    6.0477    6.0652    6.2240    6.2622    6.6606    6.6773    6.6941    6.7518    6.8077    6.8184    7.4626    7.5232    7.5408    7.5610    7.7119    7.7438    7.7918    7.7992    7.8244    7.8287    8.2670    8.3230    8.4245    8.4331    8.5322    8.5957    8.7678    8.8518    9.1563    9.1805    9.4511    9.4978    9.5291    9.5881    9.6020    9.6221    9.8299    9.8323    9.8481    9.8769   10.1254   10.1457   10.1621   10.1885   10.2786   10.3166   10.4150   10.4898
  1.7130  -24.2939  -24.2938  -24.2935  -24.2913  -24.2648  -24.2646  -24.2637  -24.2637  -21.3402  -21.3399  -21.3393  -21.3345  -21.3189  -21.3157  -21.3150  -21.3148  -21.2970  -21.2958  -21.2953  -21.2946  -11.3762  -11.3712  -10.6066  -10.6018   -8.3749   -8.3232   -7.5158   -7.4753   -3.3223   -2.8622   -2.7362   -2.6427   -2.2974   -2.2936   -1.6631   -1.4641   -1.3909   -1.2808   -0.5903   -0.5099    0.6446    0.7831    1.6392    1.9450    1.9786    2.1536    2.4478    2.4738    2.7153    2.9951    3.0484    3.2553    4.2158    4.2388    4.4705    4.4895    5.2640    5.3553    5.3764    5.4086    5.5775    5.6234    6.0040    6.0342    6.0588    6.0659    6.1247    6.1462    6.6079    6.6180    6.7649    6.7754    6.7813    6.8462    7.3098    7.3727    7.4206    7.4300    7.6750    7.7187    7.7222    7.7805    7.7941    7.8218    8.1379    8.1506    8.4972    8.5551    8.6017    8.6461    8.8902    8.9826    9.2931    9.3454    9.3889    9.4474    9.4930    9.5312    9.5960    9.6087    9.7699    9.7869    9.8307    9.8319   10.1106   10.1436   10.1744   10.1911   10.4410   10.4842   10.5084   10.5461
  1.7570  -24.2942  -24.2938  -24.2938  -24.2914  -24.2648  -24.2646  -24.2638  -24.2637  -21.3407  -21.3400  -21.3399  -21.3349  -21.3185  -21.3154  -21.3149  -21.3145  -21.2973  -21.2961  -21.2953  -21.2947  -11.4570  -11.4524  -10.6198  -10.6154   -8.3880   -8.3403   -7.4570   -7.4191   -3.2947   -2.8825   -2.5733   -2.5606   -2.2322   -2.1370   -1.5320   -1.4650   -1.3094   -1.2666   -0.5219   -0.4639    0.7030    0.8008    1.6717    1.8916    2.0114    2.1684    2.3842    2.4904    2.6173    2.9257    2.9750    3.1537    4.1316    4.1503    4.3793    4.3947    5.1970    5.3067    5.3079    5.3235    5.5609    5.5996    5.9963    6.0380    6.0723    6.0995    6.2293    6.2979    6.5162    6.5259    6.7864    6.7975    6.8700    6.9531    7.1331    7.1759    7.3333    7.3458    7.5821    7.6274    7.6440    7.6807    7.8113    7.8329    8.0510    8.0582    8.5303    8.5913    8.7001    8.7328    8.9994    9.1193    9.2311    9.2752    9.2985    9.3077    9.5027    9.5234    9.6241    9.6372    9.7884    9.7977    9.8664    9.8810   10.0396   10.0593   10.0972   10.1169   10.4994   10.5738   10.6153   10.6162
  1.8010  -24.2944  -24.2940  -24.2938  -24.2916  -24.2647  -24.2646  -24.2638  -24.2638  -21.3411  -21.3404  -21.3401  -21.3355  -21.3181  -21.3150  -21.3149  -21.3142  -21.2975  -21.2965  -21.2954  -21.2948  -11.5284  -11.5243  -10.6307  -10.6267   -8.4034   -8.3607   -7.4090   -7.3748   -3.2680   -2.9105   -2.4598   -2.3994   -2.1519   -1.9848   -1.4566   -1.3826   -1.3380   -1.1358   -0.4640   -0.4275    0.7502    0.8013    1.6733    1.8210    2.0388    2.1797    2.2750    2.5248    2.5360    2.8553    2.8798    3.0434    4.0497    4.0660    4.2955    4.3083    5.0980    5.1746    5.2534    5.2755    5.5554    5.6011    5.9954    6.0266    6.1468    6.1752    6.3892    6.4335    6.4461    6.5189    6.7891    6.8074    6.9246    6.9626    6.9973    7.0645    7.2639    7.3037    7.4710    7.4766    7.5715    7.5952    7.8158    7.8377    8.0966    8.1132    8.5081    8.5392    8.7298    8.7606    8.9993    9.0905    9.1817    9.1826    9.2082    9.2186    9.5472    9.5628    9.5720    9.6125    9.7892    9.8035    9.8954    9.9098   10.1316   10.1478   10.1810   10.1878   10.5533   10.6144   10.6566   10.6765
  1.8449  -24.2946  -24.2942  -24.2938  -24.2918  -24.2646  -24.2645  -24.2638  -24.2638  -21.3415  -21.3409  -21.3401  -21.3361  -21.3177  -21.3149  -21.3147  -21.3140  -21.2977  -21.2968  -21.2954  -21.2949  -11.5896  -11.5861  -10.6393  -10.6359   -8.4195   -8.3828   -7.3708   -7.3411   -3.2418   -2.9409   -2.3520   -2.2227   -2.0724   -1.8499   -1.4318   -1.3561   -1.2094   -0.9984   -0.4176   -0.3906    0.7318    0.7920    1.6342    1.7833    1.9998    2.1474    2.1719    2.4650    2.5511    2.7783    2.8237    3.0065    3.9725    3.9882    4.2206    4.2313    4.9913    5.0446    5.1907    5.2233    5.5700    5.6239    6.0131    6.0418    6.2065    6.2358    6.3877    6.4105    6.4994    6.6760    6.7513    6.7728    6.7953    6.8109    7.0614    7.1372    7.1826    7.2249    7.4887    7.4939    7.5066    7.5110    7.8151    7.8441    8.2260    8.2598    8.4662    8.4736    8.6333    8.6686    8.9251    8.9803    9.1260    9.1413    9.1591    9.2014    9.4010    9.4324    9.6284    9.7266    9.8284    9.8546    9.9106    9.9568   10.2290   10.2412   10.4576   10.4708   10.5450   10.5907   10.6230   10.6928
  1.8889  -24.2947  -24.2944  -24.2937  -24.2921  -24.2646  -24.2645  -24.2639  -24.2639  -21.3419  -21.3413  -21.3401  -21.3368  -21.3172  -21.3149  -21.3143  -21.3138  -21.2979  -21.2971  -21.2954  -21.2950  -11.6402  -11.6373  -10.6458  -10.6430   -8.4347   -8.4047   -7.3410   -7.3166   -3.2153   -2.9720   -2.2496   -2.0528   -2.0100   -1.7425   -1.3909   -1.3473   -1.0116   -0.8531   -0.3831   -0.3447    0.6312    0.7564    1.5534    1.7767    1.8771    2.0168    2.1736    2.4506    2.4814    2.6905    2.8957    3.0521    3.9022    3.9203    4.1561    4.1651    4.8956    4.9318    5.1218    5.1619    5.6015    5.6613    6.0388    6.0706    6.1894    6.2150    6.3707    6.3937    6.4704    6.5761    6.7305    6.7343    6.7553    6.7809    7.1322    7.1656    7.1981    7.2015    7.4593    7.4990    7.6080    7.6330    7.8180    7.8541    8.3329    8.3772    8.4730    8.4868    8.4947    8.5093    8.8525    8.8886    9.0914    9.1107    9.1519    9.2037    9.2622    9.3048    9.6290    9.7518    9.8254    9.8676   10.0382   10.1300   10.1696   10.1950   10.6132   10.6149   10.6383   10.6501   10.8071   10.8347
  1.9329  -24.2948  -24.2946  -24.2936  -24.2923  -24.2645  -24.2644  -24.2640  -24.2640  -21.3421  -21.3417  -21.3400  -21.3374  -21.3168  -21.3150  -21.3141  -21.3136  -21.2979  -21.2973  -21.2953  -21.2950  -11.6798  -11.6776  -10.6504  -10.6482   -8.4475   -8.4246   -7.3186   -7.2999   -3.1877   -3.0033   -2.1631   -1.9753   -1.9008   -1.6665   -1.3457   -1.2975   -0.7974   -0.6985   -0.3536   -0.2902    0.4802    0.6599    1.4479    1.7082    1.7783    1.9026    2.1876    2.3962    2.4778    2.6358    3.0167    3.1303    3.8425    3.8635    4.1035    4.1108    4.8196    4.8425    5.0506    5.0920    5.6449    5.7086    6.0581    6.1001    6.1339    6.1559    6.2906    6.3122    6.3743    6.4221    6.6878    6.7259    6.7973    6.8313    7.1273    7.1946    7.2267    7.2669    7.5072    7.5712    7.7670    7.7921    7.8417    7.8782    8.3037    8.3380    8.3534    8.3819    8.5364    8.5573    8.8730    8.8918    9.0562    9.1078    9.1507    9.1780    9.2310    9.2623    9.6465    9.7540    9.7854    9.7876   10.0144   10.0454   10.1334   10.2479   10.6419   10.6548   10.7266   10.7464   10.9506   10.9813
  1.9769  -24.2949  -24.2947  -24.2934  -24.2926  -24.2644  -24.2643  -24.2640  -24.2640  -21.3423  -21.3420  -21.3398  -21.3380  -21.3164  -21.3152  -21.3138  -21.3135  -21.2980  -21.2975  -21.2953  -21.2951  -11.7082  -11.7067  -10.6534  -10.6519   -8.4565   -8.4411   -7.3024   -7.2898   -3.1588   -3.0346   -2.0966   -1.9685   -1.7763   -1.6225   -1.2894   -1.2356   -0.5906   -0.5335   -0.3277   -0.2181    0.2988    0.5058    1.3510    1.5361    1.7678    1.8180    2.2068    2.3326    2.5297    2.6199    3.1331    3.2059    3.7974    3.8178    4.0640    4.0696    4.7663    4.7791    4.9865    5.0207    5.6956    5.7597    6.0475    6.0686    6.0817    6.1067    6.2168    6.2332    6.3074    6.3130    6.6277    6.6494    6.8860    6.9169    7.0756    7.1287    7.3486    7.3989    7.5974    7.6490    7.8956    7.9202    7.9213    7.9342    8.1689    8.1888    8.3358    8.3527    8.4992    8.5172    8.9132    8.9605    8.9848    9.0063    9.2607    9.2786    9.3532    9.3607    9.6551    9.6734    9.6991    9.8238    9.8335    9.8612   10.1712   10.2675   10.5152   10.5376   10.7884   10.7980   11.0569   11.0799
  2.0209  -24.2949  -24.2948  -24.2932  -24.2928  -24.2643  -24.2643  -24.2641  -24.2641  -21.3424  -21.3423  -21.3395  -21.3386  -21.3160  -21.3154  -21.3137  -21.3135  -21.2979  -21.2977  -21.2953  -21.2951  -11.7251  -11.7243  -10.6549  -10.6542   -8.4608   -8.4530   -7.2918   -7.2855   -3.1286   -3.0661   -2.0470   -1.9824   -1.6857   -1.6102   -1.2308   -1.1951   -0.4419   -0.3843   -0.2808   -0.1049    0.1098    0.3128    1.2973    1.3947    1.7494    1.7671    2.2293    2.2882    2.5828    2.6233    3.2195    3.2549    3.7714    3.7845    4.0397    4.0428    4.7360    4.7414    4.9431    4.9625    5.7491    5.7988    6.0116    6.0149    6.0195    6.0633    6.1817    6.1891    6.2772    6.2918    6.5779    6.5901    6.9507    6.9690    7.0306    7.0593    7.4989    7.5491    7.6702    7.6956    7.9097    7.9542    7.9547    7.9645    8.1639    8.1906    8.3048    8.3107    8.4467    8.4580    8.7869    8.8207    9.1059    9.1408    9.3240    9.3280    9.5543    9.5612    9.5805    9.6091    9.6527    9.6708    9.7819    9.8897   10.1534   10.2246   10.3475   10.3737   10.8786   10.8830   11.0805   11.1041
  2.0649  -24.2949  -24.2949  -24.2930  -24.2930  -24.2642  -24.2642  -24.2642  -24.2642  -21.3424  -21.3424  -21.3391  -21.3391  -21.3157  -21.3157  -21.3136  -21.3136  -21.2979  -21.2979  -21.2952  -21.2952  -11.7305  -11.7305  -10.6552  -10.6552   -8.4597   -8.4597   -7.2862   -7.2862   -3.0976   -3.0976   -2.0096   -2.0096   -1.6307   -1.6307   -1.1936   -1.1936   -0.3728   -0.3728   -0.1224   -0.1224    0.1129    0.1129    1.3103    1.3103    1.7454    1.7454    2.2556    2.2556    2.6162    2.6162    3.2615    3.2615    3.7675    3.7675    4.0324    4.0325    4.7276    4.7276    4.9337    4.9337    5.7940    5.7940    5.9955    5.9956    6.0128    6.0128    6.1736    6.1736    6.2841    6.2841    6.5635    6.5636    6.9801    6.9801    7.0220    7.0221    7.6098    7.6098    7.7045    7.7046    7.8697    7.8697    7.9822    7.9823    8.2280    8.2280    8.2907    8.2907    8.4273    8.4273    8.7425    8.7425    9.1813    9.1813    9.4013    9.4013    9.4732    9.4732    9.6009    9.6009    9.6850    9.6850    9.8920    9.8920   10.1213   10.1213   10.3165   10.3165   10.9313   10.9313   11.0357   11.0362
  2.0649  -24.2949  -24.2949  -24.2930  -24.2930  -24.2642  -24.2642  -24.2642  -24.2642  -21.3424  -21.3424  -21.3391  -21.3391  -21.3157  -21.3157  -21.3136  -21.3136  -21.2979  -21.2979  -21.2952  -21.2952  -11.7305  -11.7305  -10.6552  -10.6552   -8.4597   -8.4597   -7.2862   -7.2862   -3.0976   -3.0976   -2.0096   -2.0096   -1.6307   -1.6307   -1.1936   -1.1936   -0.3728   -0.3728   -0.1224   -0.1224    0.1129    0.1129    1.3103    1.3103    1.7454    1.7454    2.2556    2.2556    2.6162    2.6162    3.2615    3.2615    3.7675    3.7675    4.0324    4.0325    4.7276    4.7276    4.9337    4.9337    5.7940    5.7940    5.9955    5.9956    6.0128    6.0128    6.1736    6.1736    6.2841    6.2841    6.5635    6.5636    6.9801    6.9801    7.0220    7.0221    7.6098    7.6098    7.7045    7.7046    7.8697    7.8697    7.9822    7.9823    8.2280    8.2280    8.2907    8.2907    8.4273    8.4273    8.7425    8.7425    9.1813    9.1813    9.4013    9.4013    9.4732    9.4732    9.6009    9.6009    9.6850    9.6850    9.8920    9.8920   10.1213   10.1213   10.3165   10.3165   10.9313   10.9313   11.0362   11.0378
  2.1037  -24.2949  -24.2948  -24.2932  -24.2928  -24.2643  -24.2643  -24.2641  -24.2641  -21.3424  -21.3423  -21.3395  -21.3386  -21.3160  -21.3154  -21.3137  -21.3135  -21.2979  -21.2977  -21.2952  -21.2952  -11.7263  -11.7256  -10.6517  -10.6511   -8.4644   -8.4571   -7.2904   -7.2851   -3.1202   -3.0738   -2.0410   -1.9936   -1.6677   -1.6160   -1.2329   -1.1974   -0.4110   -0.3641   -0.2889   -0.1028    0.0767    0.2942    1.3017    1.3946    1.7499    1.7665    2.2363    2.2772    2.5827    2.6252    3.2203    3.2551    3.7698    3.7818    4.0380    4.0408    4.7343    4.7391    4.9401    4.9583    5.7896    5.8269    6.0109    6.0145    6.0154    6.0251    6.1795    6.1862    6.2855    6.2930    6.5656    6.5684    6.9830    6.9879    7.0240    7.0501    7.4814    7.5267    7.6832    7.6953    7.9102    7.9557    7.9866    7.9954    8.1715    8.2004    8.2933    8.2975    8.4240    8.4361    8.7747    8.8084    9.1240    9.1405    9.3184    9.3229    9.5622    9.5779    9.5829    9.6243    9.6441    9.6597    9.7667    9.8671   10.1748   10.2423   10.3397   10.3592   10.9241   10.9282   11.0681   11.0923
  2.1425  -24.2949  -24.2948  -24.2934  -24.2925  -24.2644  -24.2643  -24.2640  -24.2640  -21.3423  -21.3421  -21.3397  -21.3380  -21.3164  -21.3152  -21.3138  -21.3135  -21.2980  -21.2976  -21.2953  -21.2951  -11.7131  -11.7117  -10.6409  -10.6396   -8.4711   -8.4565   -7.2978   -7.2871   -3.1435   -3.0478   -2.0919   -1.9902   -1.7297   -1.6223   -1.2995   -1.2457   -0.5216   -0.4569   -0.3577   -0.2369    0.2322    0.4543    1.3654    1.5403    1.7650    1.8149    2.2181    2.3032    2.5246    2.6308    3.1358    3.2084    3.7899    3.8089    4.0571    4.0620    4.7596    4.7695    4.9747    5.0078    5.8127    5.8809    6.0305    6.0516    6.0551    6.0672    6.2057    6.2202    6.2970    6.3115    6.5742    6.5793    6.9966    7.0062    7.0500    7.1061    7.2854    7.3320    7.6305    7.6537    7.9675    7.9840    8.0084    8.0272    8.1188    8.1335    8.3041    8.3140    8.4248    8.4495    8.8814    8.9357    9.0140    9.0308    9.2437    9.2640    9.4211    9.4292    9.5938    9.6716    9.6916    9.6923    9.7868    9.8203   10.2371   10.3548   10.5025   10.5091   10.8994   10.9101   11.0648   11.0968
  2.1813  -24.2948  -24.2947  -24.2935  -24.2923  -24.2645  -24.2644  -24.2640  -24.2640  -21.3422  -21.3418  -21.3399  -21.3374  -21.3168  -21.3150  -21.3140  -21.3136  -21.2980  -21.2974  -21.2953  -21.2950  -11.6908  -11.6888  -10.6227  -10.6207   -8.4801   -8.4582   -7.3087   -7.2929   -3.1701   -3.0195   -2.1655   -1.9979   -1.8192   -1.6497   -1.3724   -1.3250   -0.6721   -0.6522   -0.3655   -0.2956    0.3766    0.5828    1.4796    1.7210    1.7563    1.8895    2.2010    2.3375    2.4595    2.6665    3.0233    3.1384    3.8259    3.8456    4.0883    4.0945    4.8052    4.8207    5.0282    5.0703    5.8561    5.9448    6.0608    6.0918    6.1121    6.1340    6.2607    6.2816    6.3175    6.3383    6.5876    6.5944    7.0171    7.0313    7.0875    7.0921    7.1300    7.1790    7.5459    7.5794    7.8406    7.8686    8.0486    8.0766    8.1844    8.2006    8.3203    8.3402    8.4276    8.4634    8.9035    8.9143    9.0091    9.0676    9.1963    9.2018    9.2368    9.2591    9.3866    9.5035    9.8034    9.8585    9.9602    9.9770   10.2087   10.3585   10.6922   10.7011   10.8378   10.8590   11.0006   11.0214
  2.2201  -24.2947  -24.2945  -24.2936  -24.2920  -24.2646  -24.2644  -24.2639  -24.2639  -21.3419  -21.3415  -21.3400  -21.3367  -21.3173  -21.3149  -21.3142  -21.3138  -21.2979  -21.2972  -21.2952  -21.2950  -11.6597  -11.6571  -10.5977  -10.5950   -8.4915   -8.4625   -7.3237   -7.3028   -3.2033   -2.9899   -2.2603   -2.0156   -1.9365   -1.6992   -1.4391   -1.4130   -0.8673   -0.8129   -0.3779   -0.3250    0.5024    0.6821    1.6062    1.7086    1.9013    1.9606    2.1878    2.3911    2.4230    2.7500    2.9074    3.0661    3.8746    3.8903    4.1300    4.1368    4.8735    4.8955    5.0898    5.1342    5.9115    6.0103    6.1049    6.1439    6.1659    6.1927    6.3382    6.3452    6.3614    6.3717    6.6015    6.6097    6.9222    6.9379    7.0711    7.0831    7.1184    7.2475    7.4367    7.4805    7.6719    7.7045    8.1057    8.1357    8.3029    8.3177    8.3339    8.3756    8.4336    8.4720    8.8171    8.8255    8.9590    9.0108    9.1133    9.1704    9.1786    9.2408    9.3027    9.3661    9.9185   10.0219   10.0778   10.1200   10.1696   10.1835   10.7109   10.7234   10.7241   10.7510   10.8988   10.9308
  2.2590  -24.2946  -24.2944  -24.2937  -24.2917  -24.2646  -24.2645  -24.2639  -24.2638  -21.3416  -21.3411  -21.3401  -21.3359  -21.3178  -21.3149  -21.3145  -21.3139  -21.2978  -21.2969  -21.2952  -21.2949  -11.6199  -11.6166  -10.5664  -10.5628   -8.5055   -8.4695   -7.3436   -7.3179   -3.2463   -2.9619   -2.3667   -2.0768   -2.0405   -1.7715   -1.5132   -1.4746   -1.0777   -0.9381   -0.3966   -0.3487    0.6093    0.7617    1.6341    1.6921    1.9819    2.0443    2.1742    2.4586    2.4877    2.8211    2.8698    3.0141    3.9331    3.9427    4.1807    4.1875    4.9676    4.9969    5.1509    5.1913    5.9726    6.0757    6.1608    6.2041    6.2082    6.2405    6.3764    6.3779    6.4042    6.4087    6.6073    6.6175    6.8514    6.8713    7.1238    7.1267    7.1318    7.2744    7.3298    7.3825    7.5145    7.5530    8.1680    8.1793    8.3283    8.4127    8.4466    8.4529    8.4704    8.4769    8.6994    8.7493    8.7817    8.7887    9.1308    9.1692    9.2541    9.3012    9.3087    9.3329    9.8706    9.9239    9.9395   10.0058   10.3774   10.4097   10.4329   10.4386   10.5590   10.5923   10.8229   10.8763
  2.2978  -24.2944  -24.2942  -24.2938  -24.2915  -24.2647  -24.2645  -24.2638  -24.2638  -21.3412  -21.3407  -21.3400  -21.3352  -21.3184  -21.3149  -21.3148  -21.3142  -21.2976  -21.2966  -21.2952  -21.2948  -11.5716  -11.5677  -10.5295  -10.5250   -8.5224   -8.4796   -7.3692   -7.3391   -3.3012   -2.9427   -2.4682   -2.2316   -2.0666   -1.8656   -1.5872   -1.5112   -1.2754   -1.0533   -0.4231   -0.3718    0.6963    0.8347    1.5542    1.6989    1.9542    2.1020    2.1776    2.5586    2.6301    2.7891    3.0013    3.0079    3.9979    4.0025    4.2390    4.2454    5.0903    5.1286    5.2047    5.2365    6.0341    6.1433    6.2162    6.2246    6.2578    6.2664    6.3581    6.3817    6.4130    6.4455    6.5911    6.6068    6.8908    6.9586    7.1147    7.1718    7.1985    7.2076    7.2683    7.3324    7.3914    7.4545    8.1435    8.1753    8.2893    8.4234    8.4548    8.5029    8.5503    8.6161    8.6324    8.6560    8.7561    8.7621    9.0890    9.1474    9.3075    9.3446    9.3681    9.3853    9.6989    9.7066    9.8938    9.9253   10.1030   10.1074   10.3012   10.3065   10.6737   10.7352   10.8463   10.8738
  2.3366  -24.2942  -24.2940  -24.2938  -24.2912  -24.2648  -24.2646  -24.2638  -24.2637  -21.3408  -21.3403  -21.3399  -21.3345  -21.3189  -21.3151  -21.3149  -21.3145  -21.2974  -21.2963  -21.2951  -21.2946  -11.5151  -11.5107  -10.4880  -10.4824   -8.5421   -8.4928   -7.4016   -7.3675   -3.3676   -2.9457   -2.5427   -2.3908   -2.0858   -1.9772   -1.6496   -1.5389   -1.4587   -1.1678   -0.4578   -0.3960    0.7630    0.9127    1.4860    1.6428    1.9153    2.0176    2.2567    2.6766    2.7805    2.7930    3.0685    3.1223    4.0644    4.0705    4.3036    4.3091    5.2424    5.2453    5.2654    5.2925    6.0864    6.1621    6.2016    6.2131    6.2922    6.3232    6.3864    6.3922    6.4360    6.4832    6.5438    6.5822    6.9730    7.1097    7.1120    7.1602    7.1782    7.2149    7.2500    7.2967    7.3721    7.4554    7.9529    8.0017    8.2920    8.3625    8.4876    8.5727    8.5863    8.6460    8.7593    8.7690    8.7853    8.8464    9.0381    9.1318    9.1730    9.2146    9.4389    9.4774    9.6746    9.6913    9.8474    9.8487    9.8592    9.8595   10.0377   10.0455   10.8102   10.8606   10.8947   10.9784
  2.3754  -24.2940  -24.2938  -24.2938  -24.2910  -24.2648  -24.2646  -24.2637  -24.2637  -21.3404  -21.3398  -21.3398  -21.3338  -21.3194  -21.3154  -21.3150  -21.3148  -21.2972  -21.2960  -21.2950  -21.2945  -11.4507  -11.4459  -10.4433  -10.4365   -8.5644   -8.5090   -7.4418   -7.4044   -3.4415   -2.9833   -2.5718   -2.5453   -2.0982   -2.0914   -1.7028   -1.6308   -1.5642   -1.2893   -0.5005   -0.4228    0.8155    0.9989    1.4394    1.5578    1.8876    1.9067    2.3204    2.7812    2.8029    2.9172    3.1721    3.2161    4.1329    4.1420    4.3728    4.3788    5.2677    5.2753    5.4192    5.4844    6.1016    6.1107    6.1463    6.2722    6.3619    6.3704    6.4067    6.4374    6.4420    6.4715    6.5539    6.5902    6.9998    7.1266    7.1384    7.1619    7.1922    7.2576    7.2739    7.3231    7.4908    7.5478    7.7019    7.7483    8.2890    8.3494    8.5492    8.6465    8.6573    8.7036    8.7628    8.7748    8.8261    8.8675    8.9849    9.0003    9.1526    9.2471    9.4315    9.4332    9.5422    9.5822    9.7507    9.7700    9.8449    9.8549    9.9724   10.0443   10.6633   10.7770   10.8981   10.9218
  2.4142  -24.2938  -24.2937  -24.2936  -24.2907  -24.2649  -24.2646  -24.2637  -24.2636  -21.3400  -21.3397  -21.3392  -21.3331  -21.3199  -21.3156  -21.3151  -21.3150  -21.2969  -21.2957  -21.2949  -21.2944  -11.3789  -11.3737  -10.3971  -10.3890   -8.5882   -8.5275   -7.4906   -7.4505   -3.5170   -3.0474   -2.6883   -2.5600   -2.2190   -2.0803   -1.7964   -1.7506   -1.5915   -1.4223   -0.5502   -0.4542    0.8639    1.0908    1.4184    1.4666    1.7993    1.8788    2.3660    2.8158    2.8558    3.0294    3.2692    3.2715    4.2030    4.2155    4.4462    4.4548    5.2684    5.2722    5.6032    5.6812    6.0750    6.1015    6.1302    6.2814    6.3329    6.3864    6.4428    6.4915    6.4975    6.5097    6.6432    6.6455    6.9744    7.0697    7.1591    7.1996    7.2287    7.2450    7.4167    7.4589    7.4686    7.4895    7.6509    7.6987    8.2237    8.3020    8.5912    8.6784    8.7095    8.7185    8.7479    8.7567    8.7884    8.7925    8.9088    8.9154    9.1828    9.1863    9.3532    9.3976    9.5075    9.5679    9.6756    9.7140    9.8712    9.8807   10.1372   10.2693   10.4561   10.5185   10.7622   10.7865
  2.4530  -24.2937  -24.2936  -24.2933  -24.2906  -24.2649  -24.2646  -24.2637  -24.2636  -21.3397  -21.3395  -21.3387  -21.3326  -21.3203  -21.3158  -21.3154  -21.3151  -21.2966  -21.2954  -21.2947  -21.2942  -11.3003  -11.2948  -10.3518  -10.3422   -8.6123   -8.5469   -7.5488   -7.5068   -3.5871   -3.1176   -2.8149   -2.5273   -2.3310   -2.0536   -1.9590   -1.7951   -1.6230   -1.5675   -0.6064   -0.4919    0.9164    1.1863    1.3836    1.4230    1.7087    1.8899    2.3966    2.8312    2.8928    3.1075    3.2825    3.3315    4.2733    4.2934    4.5255    4.5370    5.2574    5.2659    5.7537    5.8167    6.0899    6.0939    6.1545    6.2213    6.3091    6.3763    6.5451    6.5695    6.5910    6.6096    6.7347    6.7596    6.9326    7.0097    7.1298    7.1950    7.2515    7.2709    7.3371    7.3409    7.5592    7.6119    7.8237    7.8863    8.0558    8.1305    8.5970    8.6165    8.6430    8.6770    8.6778    8.7418    8.8296    8.8589    8.9278    8.9538    9.0864    9.0889    9.2017    9.2247    9.5553    9.6627    9.8433    9.8502    9.9471    9.9904   10.1075   10.2258   10.2516   10.2614   10.5872   10.6008
  2.4918  -24.2936  -24.2934  -24.2930  -24.2904  -24.2649  -24.2647  -24.2637  -24.2636  -21.3395  -21.3393  -21.3381  -21.3322  -21.3206  -21.3161  -21.3157  -21.3152  -21.2963  -21.2950  -21.2946  -21.2941  -11.2154  -11.2097  -10.3100  -10.2991   -8.6343   -8.5651   -7.6165   -7.5734   -3.6459   -3.1796   -2.9220   -2.4908   -2.4282   -2.1194   -2.0147   -1.8357   -1.7230   -1.6571   -0.6690   -0.5373    0.9780    1.2841    1.3177    1.4509    1.6418    1.9183    2.4131    2.8467    2.8911    3.1455    3.2495    3.3497    4.3455    4.3760    4.6121    4.6252    5.2564    5.2655    5.8197    5.8538    6.0556    6.1394    6.1466    6.2104    6.3404    6.4377    6.6477    6.6690    6.6857    6.7546    6.8420    6.8849    6.8984    6.9410    6.9943    7.0317    7.2940    7.3106    7.4305    7.4392    7.6936    7.7336    7.8365    7.8937    7.9875    8.0608    8.3782    8.3891    8.6612    8.7119    8.7242    8.7535    8.9213    8.9591    8.9837    8.9953    9.0257    9.0466    9.1135    9.1222    9.6132    9.7189    9.9252    9.9278    9.9404   10.0118   10.0166   10.0323   10.0658   10.1165   10.4586   10.4921
  2.5307  -24.2935  -24.2933  -24.2927  -24.2903  -24.2649  -24.2647  -24.2637  -24.2636  -21.3393  -21.3392  -21.3375  -21.3319  -21.3207  -21.3164  -21.3159  -21.3153  -21.2960  -21.2948  -21.2945  -21.2940  -11.1250  -11.1192  -10.2751  -10.2630   -8.6511   -8.5794   -7.6936   -7.6500   -3.6889   -3.2256   -3.0086   -2.5076   -2.4644   -2.2758   -1.9697   -1.8850   -1.8718   -1.6849   -0.7383   -0.5916    1.0515    1.2745    1.3827    1.4994    1.6015    1.9601    2.4141    2.8559    2.8588    3.1421    3.1793    3.3252    4.4212    4.4609    4.7070    4.7203    5.2783    5.2860    5.8194    5.8587    5.9753    6.0620    6.2129    6.2873    6.3441    6.4664    6.6915    6.7721    6.7996    6.8287    6.8690    6.8813    6.8866    6.9078    7.0956    7.1283    7.3396    7.3866    7.5432    7.5744    7.6519    7.6906    7.8070    7.8264    8.1103    8.1319    8.1364    8.1697    8.6295    8.7034    8.8030    8.8190    8.9617    9.0042    9.0043    9.0420    9.0846    9.1448    9.1855    9.1950    9.5384    9.6295    9.7115    9.7614    9.8354    9.8388   10.0060   10.0173   10.0937   10.1180   10.2400   10.2748
  2.5695  -24.2934  -24.2932  -24.2924  -24.2902  -24.2649  -24.2646  -24.2637  -24.2636  -21.3391  -21.3391  -21.3369  -21.3318  -21.3208  -21.3167  -21.3160  -21.3153  -21.2956  -21.2945  -21.2943  -21.2938  -11.0303  -11.0245  -10.2509  -10.2380   -8.6588   -8.5860   -7.7795   -7.7357   -3.7133   -3.2518   -3.0757   -2.5708   -2.4601   -2.4215   -2.0488   -1.9404   -1.8933   -1.6871   -0.8147   -0.6553    1.1373    1.2564    1.4791    1.5660    1.5882    2.0100    2.3973    2.7978    2.8637    3.0826    3.0995    3.2663    4.4997    4.5448    4.8110    4.8265    5.3299    5.3368    5.8087    5.8387    5.9038    5.9813    6.2491    6.2995    6.3530    6.3733    6.6378    6.7267    6.8638    6.9151    6.9504    6.9550    6.9568    7.0303    7.2250    7.2493    7.3098    7.3971    7.5752    7.5950    7.7766    7.7975    7.8670    7.8808    7.9138    7.9241    8.1857    8.2223    8.5249    8.5781    8.8927    8.9273    9.0410    9.0601    9.1436    9.1750    9.2054    9.2496    9.2770    9.2851    9.3762    9.4350    9.5088    9.5253    9.7399    9.7423    9.9529    9.9626   10.0246   10.0351   10.1670   10.2064
  2.6083  -24.2933  -24.2931  -24.2920  -24.2902  -24.2649  -24.2646  -24.2637  -24.2636  -21.3390  -21.3390  -21.3364  -21.3319  -21.3207  -21.3171  -21.3160  -21.3154  -21.2953  -21.2942  -21.2942  -21.2937  -10.9322  -10.9265  -10.2410  -10.2280   -8.6536   -8.5811   -7.8730   -7.8289   -3.7175   -3.2566   -3.1272   -2.6345   -2.5355   -2.4837   -2.2086   -1.9867   -1.8484   -1.6505   -0.8981   -0.7285    1.2348    1.2635    1.5654    1.6007    1.6519    2.0611    2.3604    2.7310    2.8579    2.9719    3.0211    3.1860    4.5797    4.6270    4.9251    4.9491    5.4116    5.4196    5.7760    5.7814    5.8579    5.9234    6.1406    6.2032    6.3790    6.4408    6.5499    6.6497    6.9014    6.9243    7.0568    7.0793    7.0801    7.0951    7.1704    7.2179    7.3764    7.4321    7.6819    7.7031    7.7803    7.7993    7.8439    7.8645    8.0021    8.0736    8.2196    8.2497    8.4863    8.5493    8.9201    8.9601    9.0386    9.0872    9.1108    9.1903    9.1968    9.2445    9.3162    9.3668    9.3676    9.3950    9.4775    9.4858    9.7498    9.7542    9.8040    9.8188    9.8906    9.9096   10.0083   10.0244
  2.6471  -24.2932  -24.2930  -24.2917  -24.2902  -24.2648  -24.2646  -24.2637  -24.2636  -21.3389  -21.3389  -21.3358  -21.3320  -21.3205  -21.3174  -21.3160  -21.3155  -21.2950  -21.2941  -21.2940  -21.2936  -10.8323  -10.8268  -10.2483  -10.2359   -8.6321   -8.5615   -7.9722   -7.9277   -3.7012   -3.2393   -3.1712   -2.7241   -2.5894   -2.5316   -2.3546   -2.0609   -1.7781   -1.5832   -0.9882   -0.8105    1.2937    1.3418    1.6310    1.6362    1.7576    2.1043    2.3028    2.6721    2.8388    2.8615    2.9119    3.0977    4.6624    4.7106    5.0518    5.0889    5.5196    5.5297    5.6772    5.7079    5.8065    5.8758    6.0909    6.1229    6.3710    6.4007    6.5493    6.6581    6.7448    6.7484    7.1046    7.1263    7.2156    7.2279    7.2505    7.2711    7.3936    7.4471    7.7546    7.7754    7.7953    7.8130    7.8335    7.8799    8.2116    8.2307    8.2610    8.2948    8.5412    8.6143    8.8292    8.8516    8.8952    8.9613    9.0240    9.0426    9.2298    9.2436    9.3027    9.3178    9.4060    9.4802    9.6047    9.6111    9.6184    9.6266    9.7506    9.7558    9.8390    9.8506   10.0335   10.1047
  2.6859  -24.2932  -24.2930  -24.2914  -24.2903  -24.2648  -24.2646  -24.2637  -24.2636  -21.3389  -21.3389  -21.3352  -21.3324  -21.3202  -21.3178  -21.3159  -21.3155  -21.2947  -21.2940  -21.2938  -21.2936  -10.7323  -10.7269  -10.2744  -10.2632   -8.5926   -8.5252   -8.0750   -8.0293   -3.6651   -3.2210   -3.2004   -2.8033   -2.6327   -2.5944   -2.4578   -2.1444   -1.6935   -1.4979   -1.0841   -0.9001    1.3437    1.4546    1.6697    1.6903    1.8767    2.1292    2.2258    2.6366    2.7691    2.7794    2.8055    3.0100    4.7515    4.8008    5.1917    5.2435    5.5370    5.5853    5.6474    5.6604    5.7738    5.8290    6.0776    6.1346    6.2750    6.2987    6.5381    6.5536    6.6223    6.7218    6.9882    6.9999    7.3484    7.3889    7.3900    7.4180    7.5059    7.5528    7.6527    7.6710    7.8676    7.9087    7.9816    8.0197    8.2259    8.2463    8.3553    8.4028    8.6352    8.6383    8.6632    8.6771    8.7161    8.7385    9.0436    9.1118    9.1310    9.1465    9.2906    9.3561    9.4299    9.4450    9.5211    9.5298    9.5314    9.5859    9.7429    9.7512    9.9926   10.0105   10.2330   10.3199
  2.7247  -24.2931  -24.2930  -24.2912  -24.2904  -24.2647  -24.2646  -24.2637  -24.2637  -21.3389  -21.3388  -21.3347  -21.3327  -21.3199  -21.3182  -21.3159  -21.3156  -21.2944  -21.2940  -21.2937  -21.2936  -10.6343  -10.6290  -10.3189  -10.3093   -8.5352   -8.4718   -8.1787   -8.1308   -3.6107   -3.2883   -3.1410   -2.8459   -2.7204   -2.6625   -2.4771   -2.2299   -1.5988   -1.4026   -1.1846   -0.9960    1.4081    1.5613    1.6831    1.7554    1.9949    2.1352    2.1365    2.6263    2.6336    2.7202    2.7592    2.9270    4.8509    4.9018    5.3414    5.3818    5.4094    5.4373    5.7558    5.7849    5.8042    5.8083    6.0681    6.1372    6.1750    6.2003    6.3549    6.3901    6.6820    6.7661    6.8428    6.8508    7.5011    7.5352    7.5373    7.5784    7.6058    7.6167    7.6218    7.6820    7.9077    7.9633    8.1414    8.1735    8.1750    8.1978    8.4260    8.4357    8.4611    8.4803    8.4918    8.5324    8.7259    8.8126    8.9442    8.9738    9.1024    9.2092    9.2596    9.2916    9.3409    9.3632    9.3688    9.3957    9.6611    9.7100    9.8842    9.8987   10.1970   10.2140   10.2674   10.3397
  2.7635  -24.2930  -24.2930  -24.2909  -24.2905  -24.2647  -24.2646  -24.2637  -24.2637  -21.3389  -21.3388  -21.3341  -21.3332  -21.3195  -21.3187  -21.3158  -21.3157  -21.2942  -21.2940  -21.2936  -21.2936  -10.5410  -10.5353  -10.3801  -10.3721   -8.4619   -8.4029   -8.2800   -8.2291   -3.5406   -3.3713   -3.0630   -2.8810   -2.7951   -2.7273   -2.4430   -2.3117   -1.4978   -1.3019   -1.2884   -1.0963    1.4804    1.5980    1.7279    1.8130    2.0402    2.0479    2.1971    2.4821    2.6320    2.7069    2.7320    2.8504    4.9634    5.0164    5.2305    5.2869    5.4934    5.5798    5.7204    5.8008    5.9090    5.9475    6.0317    6.0552    6.1002    6.1384    6.2397    6.2686    6.7093    6.7496    6.7561    6.7669    7.5592    7.5753    7.6038    7.6217    7.7321    7.7515    7.7838    7.8006    7.9525    8.0374    8.0615    8.1121    8.1866    8.2076    8.2687    8.3465    8.3656    8.3777    8.6042    8.6069    8.6914    8.7435    8.8522    8.8660    9.1205    9.1231    9.1806    9.2261    9.2992    9.3148    9.3513    9.3620    9.8192    9.8644   10.0541   10.0661   10.1510   10.2074   10.4098   10.4362
  2.8024  -24.2930  -24.2930  -24.2907  -24.2907  -24.2647  -24.2647  -24.2637  -24.2637  -21.3388  -21.3388  -21.3336  -21.3336  -21.3191  -21.3191  -21.3157  -21.3157  -21.2941  -21.2941  -21.2936  -21.2936  -10.4552  -10.4552  -10.4486  -10.4486   -8.3756   -8.3756   -8.3210   -8.3210   -3.4587   -3.4587   -2.9705   -2.9705   -2.7792   -2.7792   -2.3846   -2.3846   -1.3934   -1.3934   -1.1990   -1.1990    1.5502    1.5502    1.8070    1.8070    2.0161    2.0161    2.3322    2.3322    2.6600    2.6600    2.7827    2.7827    5.0901    5.0901    5.1452    5.1452    5.6303    5.6303    5.7322    5.7322    5.9707    5.9707    6.0181    6.0181    6.1299    6.1299    6.1725    6.1725    6.7174    6.7174    6.7442    6.7442    7.5854    7.5854    7.6132    7.6132    7.8622    7.8622    7.8872    7.8872    8.0090    8.0090    8.0256    8.0256    8.1251    8.1251    8.1808    8.1808    8.5290    8.5290    8.5538    8.5538    8.7503    8.7503    8.7551    8.7551    9.1006    9.1006    9.1940    9.1940    9.3033    9.3033    9.3323    9.3323    9.9876    9.9876   10.0361   10.0361   10.2465   10.2465   10.2534   10.2534
