# E (eV) pdos(E) 
-22.285  0.147E-06
-22.275  0.234E-06
-22.265  0.370E-06
-22.255  0.580E-06
-22.245  0.900E-06
-22.235  0.138E-05
-22.225  0.210E-05
-22.215  0.316E-05
-22.205  0.470E-05
-22.195  0.692E-05
-22.185  0.101E-04
-22.175  0.146E-04
-22.165  0.208E-04
-22.155  0.296E-04
-22.145  0.416E-04
-22.135  0.576E-04
-22.125  0.794E-04
-22.115  0.108E-03
-22.105  0.146E-03
-22.095  0.196E-03
-22.085  0.260E-03
-22.075  0.340E-03
-22.065  0.442E-03
-22.055  0.570E-03
-22.045  0.730E-03
-22.035  0.922E-03
-22.025  0.116E-02
-22.015  0.144E-02
-22.005  0.177E-02
-21.995  0.216E-02
-21.985  0.262E-02
-21.975  0.316E-02
-21.965  0.376E-02
-21.955  0.446E-02
-21.945  0.522E-02
-21.935  0.608E-02
-21.925  0.702E-02
-21.915  0.804E-02
-21.905  0.914E-02
-21.895  0.103E-01
-21.885  0.116E-01
-21.875  0.129E-01
-21.865  0.143E-01
-21.855  0.157E-01
-21.845  0.172E-01
-21.835  0.187E-01
-21.825  0.202E-01
-21.815  0.218E-01
-21.805  0.234E-01
-21.795  0.248E-01
-21.785  0.264E-01
-21.775  0.278E-01
-21.765  0.292E-01
-21.755  0.306E-01
-21.745  0.320E-01
-21.735  0.332E-01
-21.725  0.346E-01
-21.715  0.358E-01
-21.705  0.368E-01
-21.695  0.380E-01
-21.685  0.390E-01
-21.675  0.400E-01
-21.665  0.410E-01
-21.655  0.418E-01
-21.645  0.426E-01
-21.635  0.434E-01
-21.625  0.442E-01
-21.615  0.450E-01
-21.605  0.456E-01
-21.595  0.464E-01
-21.585  0.470E-01
-21.575  0.476E-01
-21.565  0.482E-01
-21.555  0.488E-01
-21.545  0.494E-01
-21.535  0.498E-01
-21.525  0.504E-01
-21.515  0.508E-01
-21.505  0.514E-01
-21.495  0.518E-01
-21.485  0.522E-01
-21.475  0.526E-01
-21.465  0.532E-01
-21.455  0.536E-01
-21.445  0.538E-01
-21.435  0.542E-01
-21.425  0.546E-01
-21.415  0.550E-01
-21.405  0.554E-01
-21.395  0.556E-01
-21.385  0.560E-01
-21.375  0.564E-01
-21.365  0.566E-01
-21.355  0.570E-01
-21.345  0.572E-01
-21.335  0.574E-01
-21.325  0.578E-01
-21.315  0.580E-01
-21.305  0.584E-01
-21.295  0.586E-01
-21.285  0.588E-01
-21.275  0.590E-01
-21.265  0.592E-01
-21.255  0.596E-01
-21.245  0.598E-01
-21.235  0.600E-01
-21.225  0.602E-01
-21.215  0.604E-01
-21.205  0.606E-01
-21.195  0.608E-01
-21.185  0.610E-01
-21.175  0.612E-01
-21.165  0.614E-01
-21.155  0.614E-01
-21.145  0.616E-01
-21.135  0.618E-01
-21.125  0.620E-01
-21.115  0.622E-01
-21.105  0.624E-01
-21.095  0.624E-01
-21.085  0.626E-01
-21.075  0.628E-01
-21.065  0.628E-01
-21.055  0.630E-01
-21.045  0.632E-01
-21.035  0.634E-01
-21.025  0.634E-01
-21.015  0.636E-01
-21.005  0.636E-01
-20.995  0.638E-01
-20.985  0.640E-01
-20.975  0.640E-01
-20.965  0.642E-01
-20.955  0.642E-01
-20.945  0.644E-01
-20.935  0.644E-01
-20.925  0.646E-01
-20.915  0.646E-01
-20.905  0.648E-01
-20.895  0.648E-01
-20.885  0.650E-01
-20.875  0.650E-01
-20.865  0.652E-01
-20.855  0.652E-01
-20.845  0.654E-01
-20.835  0.654E-01
-20.825  0.654E-01
-20.815  0.656E-01
-20.805  0.656E-01
-20.795  0.656E-01
-20.785  0.658E-01
-20.775  0.658E-01
-20.765  0.660E-01
-20.755  0.660E-01
-20.745  0.660E-01
-20.735  0.662E-01
-20.725  0.662E-01
-20.715  0.662E-01
-20.705  0.662E-01
-20.695  0.664E-01
-20.685  0.664E-01
-20.675  0.664E-01
-20.665  0.666E-01
-20.655  0.666E-01
-20.645  0.666E-01
-20.635  0.666E-01
-20.625  0.668E-01
-20.615  0.668E-01
-20.605  0.668E-01
-20.595  0.668E-01
-20.585  0.670E-01
-20.575  0.670E-01
-20.565  0.670E-01
-20.555  0.670E-01
-20.545  0.670E-01
-20.535  0.672E-01
-20.525  0.672E-01
-20.515  0.672E-01
-20.505  0.672E-01
-20.495  0.672E-01
-20.485  0.674E-01
-20.475  0.674E-01
-20.465  0.674E-01
-20.455  0.674E-01
-20.445  0.674E-01
-20.435  0.674E-01
-20.425  0.676E-01
-20.415  0.676E-01
-20.405  0.676E-01
-20.395  0.676E-01
-20.385  0.676E-01
-20.375  0.676E-01
-20.365  0.676E-01
-20.355  0.676E-01
-20.345  0.678E-01
-20.335  0.678E-01
-20.325  0.678E-01
-20.315  0.678E-01
-20.305  0.678E-01
-20.295  0.678E-01
-20.285  0.678E-01
-20.275  0.678E-01
-20.265  0.680E-01
-20.255  0.680E-01
-20.245  0.680E-01
-20.235  0.680E-01
-20.225  0.680E-01
-20.215  0.680E-01
-20.205  0.680E-01
-20.195  0.680E-01
-20.185  0.680E-01
-20.175  0.680E-01
-20.165  0.680E-01
-20.155  0.680E-01
-20.145  0.680E-01
-20.135  0.680E-01
-20.125  0.682E-01
-20.115  0.682E-01
-20.105  0.682E-01
-20.095  0.682E-01
-20.085  0.682E-01
-20.075  0.682E-01
-20.065  0.682E-01
-20.055  0.682E-01
-20.045  0.682E-01
-20.035  0.682E-01
-20.025  0.682E-01
-20.015  0.682E-01
-20.005  0.682E-01
-19.995  0.682E-01
-19.985  0.682E-01
-19.975  0.682E-01
-19.965  0.682E-01
-19.955  0.682E-01
-19.945  0.682E-01
-19.935  0.682E-01
-19.925  0.682E-01
-19.915  0.682E-01
-19.905  0.682E-01
-19.895  0.682E-01
-19.885  0.682E-01
-19.875  0.682E-01
-19.865  0.682E-01
-19.855  0.682E-01
-19.845  0.682E-01
-19.835  0.682E-01
-19.825  0.684E-01
-19.815  0.684E-01
-19.805  0.684E-01
-19.795  0.684E-01
-19.785  0.684E-01
-19.775  0.684E-01
-19.765  0.684E-01
-19.755  0.684E-01
-19.745  0.682E-01
-19.735  0.682E-01
-19.725  0.682E-01
-19.715  0.682E-01
-19.705  0.682E-01
-19.695  0.682E-01
-19.685  0.682E-01
-19.675  0.682E-01
-19.665  0.682E-01
-19.655  0.684E-01
-19.645  0.684E-01
-19.635  0.684E-01
-19.625  0.684E-01
-19.615  0.684E-01
-19.605  0.684E-01
-19.595  0.684E-01
-19.585  0.682E-01
-19.575  0.682E-01
-19.565  0.682E-01
-19.555  0.682E-01
-19.545  0.682E-01
-19.535  0.682E-01
-19.525  0.682E-01
-19.515  0.682E-01
-19.505  0.682E-01
-19.495  0.682E-01
-19.485  0.684E-01
-19.475  0.684E-01
-19.465  0.684E-01
-19.455  0.684E-01
-19.445  0.684E-01
-19.435  0.682E-01
-19.425  0.682E-01
-19.415  0.682E-01
-19.405  0.682E-01
-19.395  0.680E-01
-19.385  0.680E-01
-19.375  0.680E-01
-19.365  0.680E-01
-19.355  0.680E-01
-19.345  0.680E-01
-19.335  0.680E-01
-19.325  0.682E-01
-19.315  0.682E-01
-19.305  0.682E-01
-19.295  0.682E-01
-19.285  0.684E-01
-19.275  0.684E-01
-19.265  0.682E-01
-19.255  0.682E-01
-19.245  0.682E-01
-19.235  0.680E-01
-19.225  0.680E-01
-19.215  0.678E-01
-19.205  0.678E-01
-19.195  0.678E-01
-19.185  0.678E-01
-19.175  0.678E-01
-19.165  0.678E-01
-19.155  0.680E-01
-19.145  0.680E-01
-19.135  0.680E-01
-19.125  0.682E-01
-19.115  0.682E-01
-19.105  0.682E-01
-19.095  0.682E-01
-19.085  0.682E-01
-19.075  0.682E-01
-19.065  0.680E-01
-19.055  0.680E-01
-19.045  0.678E-01
-19.035  0.676E-01
-19.025  0.676E-01
-19.015  0.676E-01
-19.005  0.674E-01
-18.995  0.676E-01
-18.985  0.676E-01
-18.975  0.676E-01
-18.965  0.678E-01
-18.955  0.680E-01
-18.945  0.680E-01
-18.935  0.682E-01
-18.925  0.682E-01
-18.915  0.682E-01
-18.905  0.682E-01
-18.895  0.682E-01
-18.885  0.680E-01
-18.875  0.678E-01
-18.865  0.676E-01
-18.855  0.676E-01
-18.845  0.674E-01
-18.835  0.672E-01
-18.825  0.672E-01
-18.815  0.672E-01
-18.805  0.672E-01
-18.795  0.674E-01
-18.785  0.674E-01
-18.775  0.676E-01
-18.765  0.678E-01
-18.755  0.680E-01
-18.745  0.682E-01
-18.735  0.682E-01
-18.725  0.682E-01
-18.715  0.682E-01
-18.705  0.682E-01
-18.695  0.680E-01
-18.685  0.678E-01
-18.675  0.674E-01
-18.665  0.672E-01
-18.655  0.670E-01
-18.645  0.668E-01
-18.635  0.668E-01
-18.625  0.668E-01
-18.615  0.668E-01
-18.605  0.670E-01
-18.595  0.672E-01
-18.585  0.674E-01
-18.575  0.678E-01
-18.565  0.680E-01
-18.555  0.682E-01
-18.545  0.682E-01
-18.535  0.682E-01
-18.525  0.682E-01
-18.515  0.682E-01
-18.505  0.678E-01
-18.495  0.676E-01
-18.485  0.674E-01
-18.475  0.670E-01
-18.465  0.668E-01
-18.455  0.666E-01
-18.445  0.664E-01
-18.435  0.664E-01
-18.425  0.666E-01
-18.415  0.666E-01
-18.405  0.668E-01
-18.395  0.672E-01
-18.385  0.674E-01
-18.375  0.676E-01
-18.365  0.680E-01
-18.355  0.680E-01
-18.345  0.682E-01
-18.335  0.682E-01
-18.325  0.682E-01
-18.315  0.680E-01
-18.305  0.678E-01
-18.295  0.674E-01
-18.285  0.672E-01
-18.275  0.668E-01
-18.265  0.666E-01
-18.255  0.664E-01
-18.245  0.662E-01
-18.235  0.662E-01
-18.225  0.662E-01
-18.215  0.664E-01
-18.205  0.666E-01
-18.195  0.668E-01
-18.185  0.672E-01
-18.175  0.674E-01
-18.165  0.676E-01
-18.155  0.680E-01
-18.145  0.680E-01
-18.135  0.682E-01
-18.125  0.682E-01
-18.115  0.680E-01
-18.105  0.678E-01
-18.095  0.676E-01
-18.085  0.672E-01
-18.075  0.670E-01
-18.065  0.666E-01
-18.055  0.664E-01
-18.045  0.662E-01
-18.035  0.660E-01
-18.025  0.660E-01
-18.015  0.660E-01
-18.005  0.660E-01
-17.995  0.662E-01
-17.985  0.666E-01
-17.975  0.668E-01
-17.965  0.672E-01
-17.955  0.676E-01
-17.945  0.678E-01
-17.935  0.680E-01
-17.925  0.682E-01
-17.915  0.682E-01
-17.905  0.680E-01
-17.895  0.678E-01
-17.885  0.676E-01
-17.875  0.672E-01
-17.865  0.670E-01
-17.855  0.666E-01
-17.845  0.662E-01
-17.835  0.658E-01
-17.825  0.656E-01
-17.815  0.656E-01
-17.805  0.654E-01
-17.795  0.656E-01
-17.785  0.658E-01
-17.775  0.662E-01
-17.765  0.666E-01
-17.755  0.670E-01
-17.745  0.674E-01
-17.735  0.678E-01
-17.725  0.682E-01
-17.715  0.684E-01
-17.705  0.684E-01
-17.695  0.684E-01
-17.685  0.682E-01
-17.675  0.680E-01
-17.665  0.676E-01
-17.655  0.670E-01
-17.645  0.666E-01
-17.635  0.660E-01
-17.625  0.656E-01
-17.615  0.652E-01
-17.605  0.650E-01
-17.595  0.650E-01
-17.585  0.650E-01
-17.575  0.654E-01
-17.565  0.658E-01
-17.555  0.662E-01
-17.545  0.668E-01
-17.535  0.674E-01
-17.525  0.678E-01
-17.515  0.684E-01
-17.505  0.686E-01
-17.495  0.688E-01
-17.485  0.688E-01
-17.475  0.688E-01
-17.465  0.684E-01
-17.455  0.680E-01
-17.445  0.674E-01
-17.435  0.668E-01
-17.425  0.662E-01
-17.415  0.656E-01
-17.405  0.652E-01
-17.395  0.650E-01
-17.385  0.648E-01
-17.375  0.648E-01
-17.365  0.650E-01
-17.355  0.654E-01
-17.345  0.660E-01
-17.335  0.666E-01
-17.325  0.672E-01
-17.315  0.678E-01
-17.305  0.684E-01
-17.295  0.688E-01
-17.285  0.692E-01
-17.275  0.692E-01
-17.265  0.692E-01
-17.255  0.690E-01
-17.245  0.686E-01
-17.235  0.682E-01
-17.225  0.676E-01
-17.215  0.670E-01
-17.205  0.664E-01
-17.195  0.658E-01
-17.185  0.654E-01
-17.175  0.652E-01
-17.165  0.652E-01
-17.155  0.652E-01
-17.145  0.656E-01
-17.135  0.660E-01
-17.125  0.664E-01
-17.115  0.672E-01
-17.105  0.678E-01
-17.095  0.684E-01
-17.085  0.690E-01
-17.075  0.696E-01
-17.065  0.700E-01
-17.055  0.702E-01
-17.045  0.702E-01
-17.035  0.702E-01
-17.025  0.700E-01
-17.015  0.696E-01
-17.005  0.692E-01
-16.995  0.688E-01
-16.985  0.684E-01
-16.975  0.680E-01
-16.965  0.678E-01
-16.955  0.676E-01
-16.945  0.678E-01
-16.935  0.682E-01
-16.925  0.688E-01
-16.915  0.698E-01
-16.905  0.710E-01
-16.895  0.726E-01
-16.885  0.744E-01
-16.875  0.766E-01
-16.865  0.792E-01
-16.855  0.820E-01
-16.845  0.854E-01
-16.835  0.890E-01
-16.825  0.930E-01
-16.815  0.976E-01
-16.805  0.103E+00
-16.795  0.108E+00
-16.785  0.115E+00
-16.775  0.122E+00
-16.765  0.130E+00
-16.755  0.138E+00
-16.745  0.148E+00
-16.735  0.158E+00
-16.725  0.169E+00
-16.715  0.181E+00
-16.705  0.193E+00
-16.695  0.204E+00
-16.685  0.218E+00
-16.675  0.230E+00
-16.665  0.240E+00
-16.655  0.252E+00
-16.645  0.262E+00
-16.635  0.272E+00
-16.625  0.278E+00
-16.615  0.286E+00
-16.605  0.290E+00
-16.595  0.294E+00
-16.585  0.294E+00
-16.575  0.294E+00
-16.565  0.294E+00
-16.555  0.290E+00
-16.545  0.286E+00
-16.535  0.282E+00
-16.525  0.278E+00
-16.515  0.272E+00
-16.505  0.266E+00
-16.495  0.258E+00
-16.485  0.252E+00
-16.475  0.246E+00
-16.465  0.240E+00
-16.455  0.236E+00
-16.445  0.230E+00
-16.435  0.226E+00
-16.425  0.222E+00
-16.415  0.218E+00
-16.405  0.214E+00
-16.395  0.210E+00
-16.385  0.206E+00
-16.375  0.202E+00
-16.365  0.200E+00
-16.355  0.197E+00
-16.345  0.193E+00
-16.335  0.190E+00
-16.325  0.187E+00
-16.315  0.184E+00
-16.305  0.181E+00
-16.295  0.179E+00
-16.285  0.176E+00
-16.275  0.174E+00
-16.265  0.172E+00
-16.255  0.171E+00
-16.245  0.169E+00
-16.235  0.168E+00
-16.225  0.167E+00
-16.215  0.166E+00
-16.205  0.166E+00
-16.195  0.166E+00
-16.185  0.165E+00
-16.175  0.165E+00
-16.165  0.164E+00
-16.155  0.164E+00
-16.145  0.163E+00
-16.135  0.162E+00
-16.125  0.161E+00
-16.115  0.160E+00
-16.105  0.158E+00
-16.095  0.157E+00
-16.085  0.156E+00
-16.075  0.154E+00
-16.065  0.153E+00
-16.055  0.152E+00
-16.045  0.151E+00
-16.035  0.150E+00
-16.025  0.149E+00
-16.015  0.149E+00
-16.005  0.148E+00
-15.995  0.148E+00
-15.985  0.148E+00
-15.975  0.149E+00
-15.965  0.149E+00
-15.955  0.149E+00
-15.945  0.149E+00
-15.935  0.149E+00
-15.925  0.149E+00
-15.915  0.149E+00
-15.905  0.149E+00
-15.895  0.149E+00
-15.885  0.149E+00
-15.875  0.149E+00
-15.865  0.149E+00
-15.855  0.150E+00
-15.845  0.151E+00
-15.835  0.153E+00
-15.825  0.156E+00
-15.815  0.160E+00
-15.805  0.165E+00
-15.795  0.171E+00
-15.785  0.179E+00
-15.775  0.189E+00
-15.765  0.200E+00
-15.755  0.214E+00
-15.745  0.230E+00
-15.735  0.246E+00
-15.725  0.266E+00
-15.715  0.288E+00
-15.705  0.310E+00
-15.695  0.336E+00
-15.685  0.362E+00
-15.675  0.390E+00
-15.665  0.418E+00
-15.655  0.446E+00
-15.645  0.476E+00
-15.635  0.504E+00
-15.625  0.532E+00
-15.615  0.558E+00
-15.605  0.582E+00
-15.595  0.606E+00
-15.585  0.626E+00
-15.575  0.644E+00
-15.565  0.658E+00
-15.555  0.668E+00
-15.545  0.678E+00
-15.535  0.682E+00
-15.525  0.684E+00
-15.515  0.684E+00
-15.505  0.680E+00
-15.495  0.674E+00
-15.485  0.666E+00
-15.475  0.656E+00
-15.465  0.644E+00
-15.455  0.632E+00
-15.445  0.620E+00
-15.435  0.606E+00
-15.425  0.592E+00
-15.415  0.580E+00
-15.405  0.566E+00
-15.395  0.554E+00
-15.385  0.542E+00
-15.375  0.532E+00
-15.365  0.522E+00
-15.355  0.512E+00
-15.345  0.504E+00
-15.335  0.496E+00
-15.325  0.488E+00
-15.315  0.482E+00
-15.305  0.476E+00
-15.295  0.470E+00
-15.285  0.464E+00
-15.275  0.460E+00
-15.265  0.454E+00
-15.255  0.450E+00
-15.245  0.446E+00
-15.235  0.442E+00
-15.225  0.438E+00
-15.215  0.434E+00
-15.205  0.432E+00
-15.195  0.428E+00
-15.185  0.426E+00
-15.175  0.424E+00
-15.165  0.422E+00
-15.155  0.422E+00
-15.145  0.420E+00
-15.135  0.420E+00
-15.125  0.420E+00
-15.115  0.420E+00
-15.105  0.420E+00
-15.095  0.420E+00
-15.085  0.422E+00
-15.075  0.422E+00
-15.065  0.424E+00
-15.055  0.424E+00
-15.045  0.426E+00
-15.035  0.428E+00
-15.025  0.430E+00
-15.015  0.432E+00
-15.005  0.434E+00
-14.995  0.436E+00
-14.985  0.440E+00
-14.975  0.442E+00
-14.965  0.446E+00
-14.955  0.448E+00
-14.945  0.452E+00
-14.935  0.456E+00
-14.925  0.460E+00
-14.915  0.466E+00
-14.905  0.470E+00
-14.895  0.474E+00
-14.885  0.478E+00
-14.875  0.482E+00
-14.865  0.484E+00
-14.855  0.486E+00
-14.845  0.488E+00
-14.835  0.488E+00
-14.825  0.488E+00
-14.815  0.486E+00
-14.805  0.482E+00
-14.795  0.476E+00
-14.785  0.470E+00
-14.775  0.460E+00
-14.765  0.450E+00
-14.755  0.438E+00
-14.745  0.424E+00
-14.735  0.410E+00
-14.725  0.394E+00
-14.715  0.376E+00
-14.705  0.358E+00
-14.695  0.338E+00
-14.685  0.320E+00
-14.675  0.300E+00
-14.665  0.282E+00
-14.655  0.264E+00
-14.645  0.246E+00
-14.635  0.228E+00
-14.625  0.212E+00
-14.615  0.197E+00
-14.605  0.183E+00
-14.595  0.171E+00
-14.585  0.159E+00
-14.575  0.150E+00
-14.565  0.141E+00
-14.555  0.133E+00
-14.545  0.127E+00
-14.535  0.122E+00
-14.525  0.118E+00
-14.515  0.114E+00
-14.505  0.112E+00
-14.495  0.110E+00
-14.485  0.108E+00
-14.475  0.107E+00
-14.465  0.107E+00
-14.455  0.106E+00
-14.445  0.106E+00
-14.435  0.106E+00
-14.425  0.106E+00
-14.415  0.106E+00
-14.405  0.105E+00
-14.395  0.105E+00
-14.385  0.104E+00
-14.375  0.104E+00
-14.365  0.103E+00
-14.355  0.103E+00
-14.345  0.102E+00
-14.335  0.101E+00
-14.325  0.101E+00
-14.315  0.100E+00
-14.305  0.100E+00
-14.295  0.998E-01
-14.285  0.998E-01
-14.275  0.100E+00
-14.265  0.100E+00
-14.255  0.101E+00
-14.245  0.101E+00
-14.235  0.102E+00
-14.225  0.102E+00
-14.215  0.103E+00
-14.205  0.103E+00
-14.195  0.103E+00
-14.185  0.103E+00
-14.175  0.103E+00
-14.165  0.103E+00
-14.155  0.102E+00
-14.145  0.102E+00
-14.135  0.101E+00
-14.125  0.101E+00
-14.115  0.100E+00
-14.105  0.996E-01
-14.095  0.992E-01
-14.085  0.986E-01
-14.075  0.982E-01
-14.065  0.980E-01
-14.055  0.978E-01
-14.045  0.978E-01
-14.035  0.980E-01
-14.025  0.982E-01
-14.015  0.986E-01
-14.005  0.992E-01
-13.995  0.996E-01
-13.985  0.100E+00
-13.975  0.101E+00
-13.965  0.101E+00
-13.955  0.102E+00
-13.945  0.102E+00
-13.935  0.102E+00
-13.925  0.102E+00
-13.915  0.101E+00
-13.905  0.101E+00
-13.895  0.100E+00
-13.885  0.996E-01
-13.875  0.988E-01
-13.865  0.980E-01
-13.855  0.972E-01
-13.845  0.966E-01
-13.835  0.960E-01
-13.825  0.958E-01
-13.815  0.956E-01
-13.805  0.958E-01
-13.795  0.960E-01
-13.785  0.966E-01
-13.775  0.972E-01
-13.765  0.978E-01
-13.755  0.986E-01
-13.745  0.992E-01
-13.735  0.998E-01
-13.725  0.100E+00
-13.715  0.101E+00
-13.705  0.101E+00
-13.695  0.101E+00
-13.685  0.100E+00
-13.675  0.100E+00
-13.665  0.994E-01
-13.655  0.988E-01
-13.645  0.980E-01
-13.635  0.972E-01
-13.625  0.966E-01
-13.615  0.960E-01
-13.605  0.956E-01
-13.595  0.952E-01
-13.585  0.950E-01
-13.575  0.948E-01
-13.565  0.950E-01
-13.555  0.952E-01
-13.545  0.954E-01
-13.535  0.958E-01
-13.525  0.962E-01
-13.515  0.968E-01
-13.505  0.972E-01
-13.495  0.978E-01
-13.485  0.982E-01
-13.475  0.986E-01
-13.465  0.988E-01
-13.455  0.992E-01
-13.445  0.992E-01
-13.435  0.992E-01
-13.425  0.990E-01
-13.415  0.986E-01
-13.405  0.982E-01
-13.395  0.976E-01
-13.385  0.970E-01
-13.375  0.962E-01
-13.365  0.956E-01
-13.355  0.948E-01
-13.345  0.942E-01
-13.335  0.936E-01
-13.325  0.932E-01
-13.315  0.930E-01
-13.305  0.930E-01
-13.295  0.934E-01
-13.285  0.938E-01
-13.275  0.946E-01
-13.265  0.954E-01
-13.255  0.964E-01
-13.245  0.976E-01
-13.235  0.986E-01
-13.225  0.998E-01
-13.215  0.101E+00
-13.205  0.102E+00
-13.195  0.103E+00
-13.185  0.104E+00
-13.175  0.105E+00
-13.165  0.107E+00
-13.155  0.108E+00
-13.145  0.111E+00
-13.135  0.114E+00
-13.125  0.118E+00
-13.115  0.123E+00
-13.105  0.129E+00
-13.095  0.137E+00
-13.085  0.147E+00
-13.075  0.159E+00
-13.065  0.173E+00
-13.055  0.188E+00
-13.045  0.206E+00
-13.035  0.226E+00
-13.025  0.248E+00
-13.015  0.270E+00
-13.005  0.294E+00
-12.995  0.320E+00
-12.985  0.346E+00
-12.975  0.372E+00
-12.965  0.396E+00
-12.955  0.422E+00
-12.945  0.446E+00
-12.935  0.468E+00
-12.925  0.488E+00
-12.915  0.506E+00
-12.905  0.522E+00
-12.895  0.534E+00
-12.885  0.546E+00
-12.875  0.552E+00
-12.865  0.558E+00
-12.855  0.560E+00
-12.845  0.560E+00
-12.835  0.558E+00
-12.825  0.554E+00
-12.815  0.548E+00
-12.805  0.542E+00
-12.795  0.532E+00
-12.785  0.524E+00
-12.775  0.514E+00
-12.765  0.502E+00
-12.755  0.492E+00
-12.745  0.482E+00
-12.735  0.472E+00
-12.725  0.462E+00
-12.715  0.452E+00
-12.705  0.442E+00
-12.695  0.434E+00
-12.685  0.426E+00
-12.675  0.418E+00
-12.665  0.410E+00
-12.655  0.404E+00
-12.645  0.398E+00
-12.635  0.392E+00
-12.625  0.386E+00
-12.615  0.380E+00
-12.605  0.376E+00
-12.595  0.370E+00
-12.585  0.366E+00
-12.575  0.362E+00
-12.565  0.358E+00
-12.555  0.354E+00
-12.545  0.350E+00
-12.535  0.348E+00
-12.525  0.344E+00
-12.515  0.342E+00
-12.505  0.340E+00
-12.495  0.338E+00
-12.485  0.338E+00
-12.475  0.336E+00
-12.465  0.336E+00
-12.455  0.334E+00
-12.445  0.334E+00
-12.435  0.332E+00
-12.425  0.332E+00
-12.415  0.330E+00
-12.405  0.328E+00
-12.395  0.326E+00
-12.385  0.324E+00
-12.375  0.320E+00
-12.365  0.318E+00
-12.355  0.316E+00
-12.345  0.312E+00
-12.335  0.310E+00
-12.325  0.308E+00
-12.315  0.306E+00
-12.305  0.304E+00
-12.295  0.302E+00
-12.285  0.302E+00
-12.275  0.302E+00
-12.265  0.302E+00
-12.255  0.302E+00
-12.245  0.302E+00
-12.235  0.302E+00
-12.225  0.304E+00
-12.215  0.304E+00
-12.205  0.304E+00
-12.195  0.304E+00
-12.185  0.304E+00
-12.175  0.302E+00
-12.165  0.302E+00
-12.155  0.300E+00
-12.145  0.298E+00
-12.135  0.296E+00
-12.125  0.294E+00
-12.115  0.292E+00
-12.105  0.290E+00
-12.095  0.288E+00
-12.085  0.286E+00
-12.075  0.284E+00
-12.065  0.284E+00
-12.055  0.282E+00
-12.045  0.282E+00
-12.035  0.282E+00
-12.025  0.282E+00
-12.015  0.284E+00
-12.005  0.284E+00
-11.995  0.286E+00
-11.985  0.286E+00
-11.975  0.286E+00
-11.965  0.288E+00
-11.955  0.288E+00
-11.945  0.288E+00
-11.935  0.286E+00
-11.925  0.286E+00
-11.915  0.284E+00
-11.905  0.284E+00
-11.895  0.282E+00
-11.885  0.280E+00
-11.875  0.278E+00
-11.865  0.278E+00
-11.855  0.276E+00
-11.845  0.276E+00
-11.835  0.274E+00
-11.825  0.274E+00
-11.815  0.274E+00
-11.805  0.274E+00
-11.795  0.274E+00
-11.785  0.274E+00
-11.775  0.274E+00
-11.765  0.274E+00
-11.755  0.274E+00
-11.745  0.274E+00
-11.735  0.274E+00
-11.725  0.274E+00
-11.715  0.274E+00
-11.705  0.274E+00
-11.695  0.274E+00
-11.685  0.274E+00
-11.675  0.272E+00
-11.665  0.272E+00
-11.655  0.272E+00
-11.645  0.272E+00
-11.635  0.272E+00
-11.625  0.272E+00
-11.615  0.272E+00
-11.605  0.272E+00
-11.595  0.272E+00
-11.585  0.270E+00
-11.575  0.270E+00
-11.565  0.270E+00
-11.555  0.270E+00
-11.545  0.268E+00
-11.535  0.268E+00
-11.525  0.266E+00
-11.515  0.266E+00
-11.505  0.266E+00
-11.495  0.264E+00
-11.485  0.264E+00
-11.475  0.264E+00
-11.465  0.264E+00
-11.455  0.264E+00
-11.445  0.264E+00
-11.435  0.266E+00
-11.425  0.266E+00
-11.415  0.266E+00
-11.405  0.268E+00
-11.395  0.268E+00
-11.385  0.268E+00
-11.375  0.268E+00
-11.365  0.268E+00
-11.355  0.268E+00
-11.345  0.268E+00
-11.335  0.268E+00
-11.325  0.268E+00
-11.315  0.266E+00
-11.305  0.266E+00
-11.295  0.264E+00
-11.285  0.264E+00
-11.275  0.262E+00
-11.265  0.262E+00
-11.255  0.260E+00
-11.245  0.260E+00
-11.235  0.258E+00
-11.225  0.258E+00
-11.215  0.258E+00
-11.205  0.258E+00
-11.195  0.258E+00
-11.185  0.260E+00
-11.175  0.260E+00
-11.165  0.262E+00
-11.155  0.262E+00
-11.145  0.264E+00
-11.135  0.266E+00
-11.125  0.266E+00
-11.115  0.268E+00
-11.105  0.268E+00
-11.095  0.270E+00
-11.085  0.270E+00
-11.075  0.268E+00
-11.065  0.268E+00
-11.055  0.266E+00
-11.045  0.264E+00
-11.035  0.262E+00
-11.025  0.260E+00
-11.015  0.258E+00
-11.005  0.256E+00
-10.995  0.254E+00
-10.985  0.254E+00
-10.975  0.252E+00
-10.965  0.252E+00
-10.955  0.252E+00
-10.945  0.254E+00
-10.935  0.256E+00
-10.925  0.258E+00
-10.915  0.260E+00
-10.905  0.262E+00
-10.895  0.264E+00
-10.885  0.268E+00
-10.875  0.270E+00
-10.865  0.270E+00
-10.855  0.272E+00
-10.845  0.272E+00
-10.835  0.270E+00
-10.825  0.270E+00
-10.815  0.268E+00
-10.805  0.266E+00
-10.795  0.262E+00
-10.785  0.260E+00
-10.775  0.256E+00
-10.765  0.254E+00
-10.755  0.252E+00
-10.745  0.252E+00
-10.735  0.250E+00
-10.725  0.250E+00
-10.715  0.252E+00
-10.705  0.252E+00
-10.695  0.254E+00
-10.685  0.258E+00
-10.675  0.260E+00
-10.665  0.262E+00
-10.655  0.264E+00
-10.645  0.268E+00
-10.635  0.270E+00
-10.625  0.270E+00
-10.615  0.270E+00
-10.605  0.270E+00
-10.595  0.270E+00
-10.585  0.268E+00
-10.575  0.268E+00
-10.565  0.266E+00
-10.555  0.264E+00
-10.545  0.262E+00
-10.535  0.260E+00
-10.525  0.258E+00
-10.515  0.256E+00
-10.505  0.254E+00
-10.495  0.254E+00
-10.485  0.254E+00
-10.475  0.256E+00
-10.465  0.256E+00
-10.455  0.258E+00
-10.445  0.258E+00
-10.435  0.260E+00
-10.425  0.262E+00
-10.415  0.264E+00
-10.405  0.266E+00
-10.395  0.266E+00
-10.385  0.268E+00
-10.375  0.268E+00
-10.365  0.270E+00
-10.355  0.270E+00
-10.345  0.270E+00
-10.335  0.270E+00
-10.325  0.268E+00
-10.315  0.268E+00
-10.305  0.268E+00
-10.295  0.266E+00
-10.285  0.266E+00
-10.275  0.266E+00
-10.265  0.266E+00
-10.255  0.266E+00
-10.245  0.266E+00
-10.235  0.268E+00
-10.225  0.270E+00
-10.215  0.274E+00
-10.205  0.280E+00
-10.195  0.286E+00
-10.185  0.294E+00
-10.175  0.304E+00
-10.165  0.316E+00
-10.155  0.330E+00
-10.145  0.346E+00
-10.135  0.366E+00
-10.125  0.388E+00
-10.115  0.412E+00
-10.105  0.440E+00
-10.095  0.470E+00
-10.085  0.504E+00
-10.075  0.538E+00
-10.065  0.576E+00
-10.055  0.616E+00
-10.045  0.658E+00
-10.035  0.700E+00
-10.025  0.744E+00
-10.015  0.786E+00
-10.005  0.828E+00
 -9.995  0.870E+00
 -9.985  0.908E+00
 -9.975  0.944E+00
 -9.965  0.976E+00
 -9.955  0.101E+01
 -9.945  0.103E+01
 -9.935  0.105E+01
 -9.925  0.107E+01
 -9.915  0.108E+01
 -9.905  0.109E+01
 -9.895  0.109E+01
 -9.885  0.109E+01
 -9.875  0.108E+01
 -9.865  0.107E+01
 -9.855  0.106E+01
 -9.845  0.104E+01
 -9.835  0.102E+01
 -9.825  0.100E+01
 -9.815  0.980E+00
 -9.805  0.958E+00
 -9.795  0.936E+00
 -9.785  0.914E+00
 -9.775  0.894E+00
 -9.765  0.874E+00
 -9.755  0.856E+00
 -9.745  0.838E+00
 -9.735  0.822E+00
 -9.725  0.808E+00
 -9.715  0.796E+00
 -9.705  0.784E+00
 -9.695  0.774E+00
 -9.685  0.764E+00
 -9.675  0.756E+00
 -9.665  0.748E+00
 -9.655  0.742E+00
 -9.645  0.734E+00
 -9.635  0.728E+00
 -9.625  0.722E+00
 -9.615  0.714E+00
 -9.605  0.708E+00
 -9.595  0.702E+00
 -9.585  0.694E+00
 -9.575  0.688E+00
 -9.565  0.682E+00
 -9.555  0.676E+00
 -9.545  0.670E+00
 -9.535  0.664E+00
 -9.525  0.660E+00
 -9.515  0.656E+00
 -9.505  0.652E+00
 -9.495  0.650E+00
 -9.485  0.648E+00
 -9.475  0.646E+00
 -9.465  0.644E+00
 -9.455  0.644E+00
 -9.445  0.642E+00
 -9.435  0.640E+00
 -9.425  0.640E+00
 -9.415  0.638E+00
 -9.405  0.636E+00
 -9.395  0.634E+00
 -9.385  0.632E+00
 -9.375  0.628E+00
 -9.365  0.626E+00
 -9.355  0.622E+00
 -9.345  0.620E+00
 -9.335  0.618E+00
 -9.325  0.614E+00
 -9.315  0.612E+00
 -9.305  0.610E+00
 -9.295  0.610E+00
 -9.285  0.608E+00
 -9.275  0.608E+00
 -9.265  0.608E+00
 -9.255  0.608E+00
 -9.245  0.610E+00
 -9.235  0.610E+00
 -9.225  0.612E+00
 -9.215  0.612E+00
 -9.205  0.614E+00
 -9.195  0.614E+00
 -9.185  0.614E+00
 -9.175  0.614E+00
 -9.165  0.614E+00
 -9.155  0.614E+00
 -9.145  0.614E+00
 -9.135  0.612E+00
 -9.125  0.612E+00
 -9.115  0.612E+00
 -9.105  0.614E+00
 -9.095  0.614E+00
 -9.085  0.616E+00
 -9.075  0.618E+00
 -9.065  0.620E+00
 -9.055  0.624E+00
 -9.045  0.628E+00
 -9.035  0.634E+00
 -9.025  0.640E+00
 -9.015  0.646E+00
 -9.005  0.654E+00
 -8.995  0.662E+00
 -8.985  0.672E+00
 -8.975  0.682E+00
 -8.965  0.694E+00
 -8.955  0.706E+00
 -8.945  0.718E+00
 -8.935  0.732E+00
 -8.925  0.746E+00
 -8.915  0.762E+00
 -8.905  0.778E+00
 -8.895  0.794E+00
 -8.885  0.812E+00
 -8.875  0.830E+00
 -8.865  0.846E+00
 -8.855  0.862E+00
 -8.845  0.878E+00
 -8.835  0.892E+00
 -8.825  0.906E+00
 -8.815  0.918E+00
 -8.805  0.926E+00
 -8.795  0.932E+00
 -8.785  0.936E+00
 -8.775  0.938E+00
 -8.765  0.936E+00
 -8.755  0.932E+00
 -8.745  0.926E+00
 -8.735  0.916E+00
 -8.725  0.904E+00
 -8.715  0.892E+00
 -8.705  0.876E+00
 -8.695  0.860E+00
 -8.685  0.844E+00
 -8.675  0.826E+00
 -8.665  0.808E+00
 -8.655  0.792E+00
 -8.645  0.774E+00
 -8.635  0.758E+00
 -8.625  0.740E+00
 -8.615  0.726E+00
 -8.605  0.710E+00
 -8.595  0.698E+00
 -8.585  0.684E+00
 -8.575  0.672E+00
 -8.565  0.662E+00
 -8.555  0.650E+00
 -8.545  0.642E+00
 -8.535  0.634E+00
 -8.525  0.626E+00
 -8.515  0.620E+00
 -8.505  0.614E+00
 -8.495  0.608E+00
 -8.485  0.604E+00
 -8.475  0.600E+00
 -8.465  0.596E+00
 -8.455  0.594E+00
 -8.445  0.590E+00
 -8.435  0.588E+00
 -8.425  0.586E+00
 -8.415  0.584E+00
 -8.405  0.580E+00
 -8.395  0.578E+00
 -8.385  0.574E+00
 -8.375  0.572E+00
 -8.365  0.568E+00
 -8.355  0.564E+00
 -8.345  0.560E+00
 -8.335  0.556E+00
 -8.325  0.552E+00
 -8.315  0.550E+00
 -8.305  0.546E+00
 -8.295  0.544E+00
 -8.285  0.542E+00
 -8.275  0.540E+00
 -8.265  0.538E+00
 -8.255  0.538E+00
 -8.245  0.538E+00
 -8.235  0.538E+00
 -8.225  0.538E+00
 -8.215  0.538E+00
 -8.205  0.538E+00
 -8.195  0.538E+00
 -8.185  0.538E+00
 -8.175  0.538E+00
 -8.165  0.536E+00
 -8.155  0.534E+00
 -8.145  0.532E+00
 -8.135  0.530E+00
 -8.125  0.526E+00
 -8.115  0.524E+00
 -8.105  0.520E+00
 -8.095  0.518E+00
 -8.085  0.514E+00
 -8.075  0.512E+00
 -8.065  0.510E+00
 -8.055  0.510E+00
 -8.045  0.510E+00
 -8.035  0.508E+00
 -8.025  0.508E+00
 -8.015  0.510E+00
 -8.005  0.510E+00
 -7.995  0.510E+00
 -7.985  0.512E+00
 -7.975  0.512E+00
 -7.965  0.512E+00
 -7.955  0.512E+00
 -7.945  0.512E+00
 -7.935  0.512E+00
 -7.925  0.510E+00
 -7.915  0.510E+00
 -7.905  0.508E+00
 -7.895  0.506E+00
 -7.885  0.504E+00
 -7.875  0.502E+00
 -7.865  0.500E+00
 -7.855  0.498E+00
 -7.845  0.496E+00
 -7.835  0.494E+00
 -7.825  0.494E+00
 -7.815  0.494E+00
 -7.805  0.492E+00
 -7.795  0.492E+00
 -7.785  0.494E+00
 -7.775  0.494E+00
 -7.765  0.494E+00
 -7.755  0.496E+00
 -7.745  0.496E+00
 -7.735  0.496E+00
 -7.725  0.496E+00
 -7.715  0.496E+00
 -7.705  0.496E+00
 -7.695  0.496E+00
 -7.685  0.496E+00
 -7.675  0.494E+00
 -7.665  0.494E+00
 -7.655  0.492E+00
 -7.645  0.490E+00
 -7.635  0.490E+00
 -7.625  0.488E+00
 -7.615  0.488E+00
 -7.605  0.486E+00
 -7.595  0.486E+00
 -7.585  0.486E+00
 -7.575  0.486E+00
 -7.565  0.486E+00
 -7.555  0.486E+00
 -7.545  0.486E+00
 -7.535  0.486E+00
 -7.525  0.486E+00
 -7.515  0.486E+00
 -7.505  0.486E+00
 -7.495  0.486E+00
 -7.485  0.486E+00
 -7.475  0.486E+00
 -7.465  0.486E+00
 -7.455  0.486E+00
 -7.445  0.486E+00
 -7.435  0.486E+00
 -7.425  0.486E+00
 -7.415  0.486E+00
 -7.405  0.486E+00
 -7.395  0.486E+00
 -7.385  0.486E+00
 -7.375  0.484E+00
 -7.365  0.484E+00
 -7.355  0.484E+00
 -7.345  0.484E+00
 -7.335  0.482E+00
 -7.325  0.482E+00
 -7.315  0.482E+00
 -7.305  0.482E+00
 -7.295  0.482E+00
 -7.285  0.482E+00
 -7.275  0.482E+00
 -7.265  0.482E+00
 -7.255  0.482E+00
 -7.245  0.484E+00
 -7.235  0.484E+00
 -7.225  0.486E+00
 -7.215  0.486E+00
 -7.205  0.486E+00
 -7.195  0.488E+00
 -7.185  0.488E+00
 -7.175  0.488E+00
 -7.165  0.488E+00
 -7.155  0.488E+00
 -7.145  0.486E+00
 -7.135  0.486E+00
 -7.125  0.484E+00
 -7.115  0.484E+00
 -7.105  0.484E+00
 -7.095  0.482E+00
 -7.085  0.482E+00
 -7.075  0.482E+00
 -7.065  0.482E+00
 -7.055  0.482E+00
 -7.045  0.484E+00
 -7.035  0.484E+00
 -7.025  0.486E+00
 -7.015  0.488E+00
 -7.005  0.488E+00
 -6.995  0.490E+00
 -6.985  0.492E+00
 -6.975  0.492E+00
 -6.965  0.492E+00
 -6.955  0.492E+00
 -6.945  0.492E+00
 -6.935  0.492E+00
 -6.925  0.492E+00
 -6.915  0.492E+00
 -6.905  0.490E+00
 -6.895  0.490E+00
 -6.885  0.490E+00
 -6.875  0.488E+00
 -6.865  0.488E+00
 -6.855  0.488E+00
 -6.845  0.488E+00
 -6.835  0.490E+00
 -6.825  0.490E+00
 -6.815  0.492E+00
 -6.805  0.494E+00
 -6.795  0.496E+00
 -6.785  0.498E+00
 -6.775  0.498E+00
 -6.765  0.500E+00
 -6.755  0.502E+00
 -6.745  0.502E+00
 -6.735  0.504E+00
 -6.725  0.504E+00
 -6.715  0.504E+00
 -6.705  0.504E+00
 -6.695  0.502E+00
 -6.685  0.502E+00
 -6.675  0.502E+00
 -6.665  0.500E+00
 -6.655  0.500E+00
 -6.645  0.500E+00
 -6.635  0.500E+00
 -6.625  0.502E+00
 -6.615  0.502E+00
 -6.605  0.504E+00
 -6.595  0.506E+00
 -6.585  0.508E+00
 -6.575  0.512E+00
 -6.565  0.514E+00
 -6.555  0.516E+00
 -6.545  0.518E+00
 -6.535  0.518E+00
 -6.525  0.520E+00
 -6.515  0.520E+00
 -6.505  0.520E+00
 -6.495  0.520E+00
 -6.485  0.520E+00
 -6.475  0.520E+00
 -6.465  0.518E+00
 -6.455  0.518E+00
 -6.445  0.518E+00
 -6.435  0.520E+00
 -6.425  0.520E+00
 -6.415  0.522E+00
 -6.405  0.524E+00
 -6.395  0.526E+00
 -6.385  0.528E+00
 -6.375  0.532E+00
 -6.365  0.534E+00
 -6.355  0.536E+00
 -6.345  0.540E+00
 -6.335  0.542E+00
 -6.325  0.542E+00
 -6.315  0.544E+00
 -6.305  0.546E+00
 -6.295  0.546E+00
 -6.285  0.546E+00
 -6.275  0.546E+00
 -6.265  0.548E+00
 -6.255  0.548E+00
 -6.245  0.548E+00
 -6.235  0.550E+00
 -6.225  0.552E+00
 -6.215  0.552E+00
 -6.205  0.556E+00
 -6.195  0.558E+00
 -6.185  0.560E+00
 -6.175  0.564E+00
 -6.165  0.566E+00
 -6.155  0.570E+00
 -6.145  0.572E+00
 -6.135  0.576E+00
 -6.125  0.578E+00
 -6.115  0.582E+00
 -6.105  0.584E+00
 -6.095  0.586E+00
 -6.085  0.588E+00
 -6.075  0.590E+00
 -6.065  0.592E+00
 -6.055  0.594E+00
 -6.045  0.596E+00
 -6.035  0.598E+00
 -6.025  0.600E+00
 -6.015  0.604E+00
 -6.005  0.606E+00
 -5.995  0.608E+00
 -5.985  0.612E+00
 -5.975  0.616E+00
 -5.965  0.620E+00
 -5.955  0.624E+00
 -5.945  0.630E+00
 -5.935  0.634E+00
 -5.925  0.640E+00
 -5.915  0.644E+00
 -5.905  0.650E+00
 -5.895  0.656E+00
 -5.885  0.660E+00
 -5.875  0.666E+00
 -5.865  0.672E+00
 -5.855  0.676E+00
 -5.845  0.680E+00
 -5.835  0.686E+00
 -5.825  0.690E+00
 -5.815  0.696E+00
 -5.805  0.702E+00
 -5.795  0.708E+00
 -5.785  0.714E+00
 -5.775  0.722E+00
 -5.765  0.730E+00
 -5.755  0.740E+00
 -5.745  0.750E+00
 -5.735  0.760E+00
 -5.725  0.772E+00
 -5.715  0.786E+00
 -5.705  0.798E+00
 -5.695  0.814E+00
 -5.685  0.828E+00
 -5.675  0.846E+00
 -5.665  0.862E+00
 -5.655  0.880E+00
 -5.645  0.900E+00
 -5.635  0.920E+00
 -5.625  0.940E+00
 -5.615  0.964E+00
 -5.605  0.986E+00
 -5.595  0.101E+01
 -5.585  0.104E+01
 -5.575  0.106E+01
 -5.565  0.109E+01
 -5.555  0.112E+01
 -5.545  0.114E+01
 -5.535  0.117E+01
 -5.525  0.119E+01
 -5.515  0.121E+01
 -5.505  0.123E+01
 -5.495  0.125E+01
 -5.485  0.126E+01
 -5.475  0.126E+01
 -5.465  0.126E+01
 -5.455  0.125E+01
 -5.445  0.123E+01
 -5.435  0.121E+01
 -5.425  0.118E+01
 -5.415  0.114E+01
 -5.405  0.110E+01
 -5.395  0.105E+01
 -5.385  0.998E+00
 -5.375  0.942E+00
 -5.365  0.882E+00
 -5.355  0.822E+00
 -5.345  0.760E+00
 -5.335  0.700E+00
 -5.325  0.640E+00
 -5.315  0.584E+00
 -5.305  0.532E+00
 -5.295  0.482E+00
 -5.285  0.438E+00
 -5.275  0.396E+00
 -5.265  0.360E+00
 -5.255  0.328E+00
 -5.245  0.300E+00
 -5.235  0.276E+00
 -5.225  0.256E+00
 -5.215  0.238E+00
 -5.205  0.224E+00
 -5.195  0.210E+00
 -5.185  0.200E+00
 -5.175  0.191E+00
 -5.165  0.184E+00
 -5.155  0.178E+00
 -5.145  0.173E+00
 -5.135  0.169E+00
 -5.125  0.166E+00
 -5.115  0.163E+00
 -5.105  0.162E+00
 -5.095  0.161E+00
 -5.085  0.162E+00
 -5.075  0.162E+00
 -5.065  0.164E+00
 -5.055  0.166E+00
 -5.045  0.168E+00
 -5.035  0.171E+00
 -5.025  0.174E+00
 -5.015  0.177E+00
 -5.005  0.180E+00
 -4.995  0.183E+00
 -4.985  0.186E+00
 -4.975  0.190E+00
 -4.965  0.193E+00
 -4.955  0.197E+00
 -4.945  0.202E+00
 -4.935  0.206E+00
 -4.925  0.212E+00
 -4.915  0.218E+00
 -4.905  0.228E+00
 -4.895  0.236E+00
 -4.885  0.248E+00
 -4.875  0.262E+00
 -4.865  0.278E+00
 -4.855  0.296E+00
 -4.845  0.316E+00
 -4.835  0.338E+00
 -4.825  0.362E+00
 -4.815  0.388E+00
 -4.805  0.416E+00
 -4.795  0.444E+00
 -4.785  0.474E+00
 -4.775  0.502E+00
 -4.765  0.530E+00
 -4.755  0.558E+00
 -4.745  0.582E+00
 -4.735  0.606E+00
 -4.725  0.626E+00
 -4.715  0.644E+00
 -4.705  0.658E+00
 -4.695  0.668E+00
 -4.685  0.676E+00
 -4.675  0.680E+00
 -4.665  0.680E+00
 -4.655  0.678E+00
 -4.645  0.674E+00
 -4.635  0.666E+00
 -4.625  0.658E+00
 -4.615  0.646E+00
 -4.605  0.634E+00
 -4.595  0.620E+00
 -4.585  0.606E+00
 -4.575  0.592E+00
 -4.565  0.576E+00
 -4.555  0.562E+00
 -4.545  0.546E+00
 -4.535  0.532E+00
 -4.525  0.518E+00
 -4.515  0.504E+00
 -4.505  0.490E+00
 -4.495  0.476E+00
 -4.485  0.464E+00
 -4.475  0.452E+00
 -4.465  0.440E+00
 -4.455  0.428E+00
 -4.445  0.418E+00
 -4.435  0.408E+00
 -4.425  0.400E+00
 -4.415  0.392E+00
 -4.405  0.384E+00
 -4.395  0.378E+00
 -4.385  0.374E+00
 -4.375  0.368E+00
 -4.365  0.364E+00
 -4.355  0.362E+00
 -4.345  0.358E+00
 -4.335  0.356E+00
 -4.325  0.354E+00
 -4.315  0.350E+00
 -4.305  0.348E+00
 -4.295  0.346E+00
 -4.285  0.342E+00
 -4.275  0.340E+00
 -4.265  0.336E+00
 -4.255  0.332E+00
 -4.245  0.328E+00
 -4.235  0.324E+00
 -4.225  0.320E+00
 -4.215  0.316E+00
 -4.205  0.312E+00
 -4.195  0.308E+00
 -4.185  0.306E+00
 -4.175  0.304E+00
 -4.165  0.300E+00
 -4.155  0.300E+00
 -4.145  0.298E+00
 -4.135  0.296E+00
 -4.125  0.296E+00
 -4.115  0.296E+00
 -4.105  0.296E+00
 -4.095  0.296E+00
 -4.085  0.294E+00
 -4.075  0.294E+00
 -4.065  0.294E+00
 -4.055  0.292E+00
 -4.045  0.290E+00
 -4.035  0.288E+00
 -4.025  0.286E+00
 -4.015  0.284E+00
 -4.005  0.282E+00
 -3.995  0.278E+00
 -3.985  0.276E+00
 -3.975  0.272E+00
 -3.965  0.270E+00
 -3.955  0.268E+00
 -3.945  0.266E+00
 -3.935  0.266E+00
 -3.925  0.264E+00
 -3.915  0.264E+00
 -3.905  0.264E+00
 -3.895  0.264E+00
 -3.885  0.264E+00
 -3.875  0.264E+00
 -3.865  0.266E+00
 -3.855  0.266E+00
 -3.845  0.266E+00
 -3.835  0.266E+00
 -3.825  0.264E+00
 -3.815  0.264E+00
 -3.805  0.262E+00
 -3.795  0.260E+00
 -3.785  0.258E+00
 -3.775  0.256E+00
 -3.765  0.254E+00
 -3.755  0.252E+00
 -3.745  0.250E+00
 -3.735  0.248E+00
 -3.725  0.246E+00
 -3.715  0.246E+00
 -3.705  0.244E+00
 -3.695  0.244E+00
 -3.685  0.244E+00
 -3.675  0.244E+00
 -3.665  0.244E+00
 -3.655  0.246E+00
 -3.645  0.246E+00
 -3.635  0.246E+00
 -3.625  0.248E+00
 -3.615  0.248E+00
 -3.605  0.248E+00
 -3.595  0.246E+00
 -3.585  0.246E+00
 -3.575  0.244E+00
 -3.565  0.242E+00
 -3.555  0.242E+00
 -3.545  0.240E+00
 -3.535  0.238E+00
 -3.525  0.236E+00
 -3.515  0.234E+00
 -3.505  0.232E+00
 -3.495  0.232E+00
 -3.485  0.232E+00
 -3.475  0.230E+00
 -3.465  0.230E+00
 -3.455  0.232E+00
 -3.445  0.232E+00
 -3.435  0.232E+00
 -3.425  0.234E+00
 -3.415  0.234E+00
 -3.405  0.234E+00
 -3.395  0.234E+00
 -3.385  0.234E+00
 -3.375  0.234E+00
 -3.365  0.234E+00
 -3.355  0.234E+00
 -3.345  0.232E+00
 -3.335  0.230E+00
 -3.325  0.230E+00
 -3.315  0.228E+00
 -3.305  0.226E+00
 -3.295  0.224E+00
 -3.285  0.224E+00
 -3.275  0.222E+00
 -3.265  0.222E+00
 -3.255  0.222E+00
 -3.245  0.222E+00
 -3.235  0.222E+00
 -3.225  0.222E+00
 -3.215  0.224E+00
 -3.205  0.224E+00
 -3.195  0.226E+00
 -3.185  0.226E+00
 -3.175  0.226E+00
 -3.165  0.226E+00
 -3.155  0.226E+00
 -3.145  0.226E+00
 -3.135  0.224E+00
 -3.125  0.224E+00
 -3.115  0.222E+00
 -3.105  0.222E+00
 -3.095  0.220E+00
 -3.085  0.218E+00
 -3.075  0.218E+00
 -3.065  0.216E+00
 -3.055  0.216E+00
 -3.045  0.216E+00
 -3.035  0.216E+00
 -3.025  0.216E+00
 -3.015  0.216E+00
 -3.005  0.218E+00
 -2.995  0.218E+00
 -2.985  0.218E+00
 -2.975  0.220E+00
 -2.965  0.220E+00
 -2.955  0.220E+00
 -2.945  0.220E+00
 -2.935  0.220E+00
 -2.925  0.220E+00
 -2.915  0.218E+00
 -2.905  0.218E+00
 -2.895  0.216E+00
 -2.885  0.216E+00
 -2.875  0.214E+00
 -2.865  0.214E+00
 -2.855  0.214E+00
 -2.845  0.212E+00
 -2.835  0.212E+00
 -2.825  0.212E+00
 -2.815  0.212E+00
 -2.805  0.214E+00
 -2.795  0.214E+00
 -2.785  0.214E+00
 -2.775  0.216E+00
 -2.765  0.216E+00
 -2.755  0.216E+00
 -2.745  0.216E+00
 -2.735  0.216E+00
 -2.725  0.216E+00
 -2.715  0.216E+00
 -2.705  0.216E+00
 -2.695  0.214E+00
 -2.685  0.214E+00
 -2.675  0.214E+00
 -2.665  0.212E+00
 -2.655  0.212E+00
 -2.645  0.212E+00
 -2.635  0.212E+00
 -2.625  0.212E+00
 -2.615  0.212E+00
 -2.605  0.212E+00
 -2.595  0.214E+00
 -2.585  0.214E+00
 -2.575  0.216E+00
 -2.565  0.216E+00
 -2.555  0.218E+00
 -2.545  0.220E+00
 -2.535  0.220E+00
 -2.525  0.222E+00
 -2.515  0.224E+00
 -2.505  0.224E+00
 -2.495  0.226E+00
 -2.485  0.228E+00
 -2.475  0.230E+00
 -2.465  0.232E+00
 -2.455  0.234E+00
 -2.445  0.236E+00
 -2.435  0.238E+00
 -2.425  0.240E+00
 -2.415  0.244E+00
 -2.405  0.246E+00
 -2.395  0.248E+00
 -2.385  0.250E+00
 -2.375  0.252E+00
 -2.365  0.254E+00
 -2.355  0.254E+00
 -2.345  0.254E+00
 -2.335  0.254E+00
 -2.325  0.252E+00
 -2.315  0.252E+00
 -2.305  0.250E+00
 -2.295  0.248E+00
 -2.285  0.244E+00
 -2.275  0.242E+00
 -2.265  0.240E+00
 -2.255  0.238E+00
 -2.245  0.236E+00
 -2.235  0.234E+00
 -2.225  0.232E+00
 -2.215  0.230E+00
 -2.205  0.228E+00
 -2.195  0.226E+00
 -2.185  0.226E+00
 -2.175  0.224E+00
 -2.165  0.224E+00
 -2.155  0.222E+00
 -2.145  0.222E+00
 -2.135  0.220E+00
 -2.125  0.220E+00
 -2.115  0.218E+00
 -2.105  0.218E+00
 -2.095  0.218E+00
 -2.085  0.216E+00
 -2.075  0.216E+00
 -2.065  0.216E+00
 -2.055  0.216E+00
 -2.045  0.218E+00
 -2.035  0.218E+00
 -2.025  0.218E+00
 -2.015  0.220E+00
 -2.005  0.220E+00
 -1.995  0.222E+00
 -1.985  0.222E+00
 -1.975  0.222E+00
 -1.965  0.222E+00
 -1.955  0.222E+00
 -1.945  0.222E+00
 -1.935  0.222E+00
 -1.925  0.222E+00
 -1.915  0.222E+00
 -1.905  0.222E+00
 -1.895  0.222E+00
 -1.885  0.222E+00
 -1.875  0.222E+00
 -1.865  0.222E+00
 -1.855  0.222E+00
 -1.845  0.224E+00
 -1.835  0.224E+00
 -1.825  0.226E+00
 -1.815  0.228E+00
 -1.805  0.228E+00
 -1.795  0.230E+00
 -1.785  0.230E+00
 -1.775  0.232E+00
 -1.765  0.232E+00
 -1.755  0.232E+00
 -1.745  0.232E+00
 -1.735  0.232E+00
 -1.725  0.232E+00
 -1.715  0.232E+00
 -1.705  0.232E+00
 -1.695  0.232E+00
 -1.685  0.232E+00
 -1.675  0.232E+00
 -1.665  0.232E+00
 -1.655  0.234E+00
 -1.645  0.234E+00
 -1.635  0.236E+00
 -1.625  0.238E+00
 -1.615  0.240E+00
 -1.605  0.240E+00
 -1.595  0.242E+00
 -1.585  0.244E+00
 -1.575  0.246E+00
 -1.565  0.248E+00
 -1.555  0.248E+00
 -1.545  0.248E+00
 -1.535  0.250E+00
 -1.525  0.250E+00
 -1.515  0.250E+00
 -1.505  0.250E+00
 -1.495  0.250E+00
 -1.485  0.250E+00
 -1.475  0.250E+00
 -1.465  0.252E+00
 -1.455  0.252E+00
 -1.445  0.254E+00
 -1.435  0.254E+00
 -1.425  0.256E+00
 -1.415  0.258E+00
 -1.405  0.262E+00
 -1.395  0.264E+00
 -1.385  0.266E+00
 -1.375  0.268E+00
 -1.365  0.272E+00
 -1.355  0.274E+00
 -1.345  0.276E+00
 -1.335  0.278E+00
 -1.325  0.278E+00
 -1.315  0.280E+00
 -1.305  0.282E+00
 -1.295  0.282E+00
 -1.285  0.282E+00
 -1.275  0.284E+00
 -1.265  0.286E+00
 -1.255  0.286E+00
 -1.245  0.288E+00
 -1.235  0.290E+00
 -1.225  0.292E+00
 -1.215  0.296E+00
 -1.205  0.300E+00
 -1.195  0.302E+00
 -1.185  0.308E+00
 -1.175  0.312E+00
 -1.165  0.316E+00
 -1.155  0.320E+00
 -1.145  0.326E+00
 -1.135  0.330E+00
 -1.125  0.334E+00
 -1.115  0.338E+00
 -1.105  0.342E+00
 -1.095  0.346E+00
 -1.085  0.350E+00
 -1.075  0.354E+00
 -1.065  0.358E+00
 -1.055  0.362E+00
 -1.045  0.366E+00
 -1.035  0.372E+00
 -1.025  0.378E+00
 -1.015  0.384E+00
 -1.005  0.392E+00
 -0.995  0.402E+00
 -0.985  0.412E+00
 -0.975  0.422E+00
 -0.965  0.434E+00
 -0.955  0.448E+00
 -0.945  0.462E+00
 -0.935  0.478E+00
 -0.925  0.496E+00
 -0.915  0.514E+00
 -0.905  0.534E+00
 -0.895  0.554E+00
 -0.885  0.576E+00
 -0.875  0.600E+00
 -0.865  0.626E+00
 -0.855  0.652E+00
 -0.845  0.678E+00
 -0.835  0.708E+00
 -0.825  0.736E+00
 -0.815  0.766E+00
 -0.805  0.796E+00
 -0.795  0.826E+00
 -0.785  0.856E+00
 -0.775  0.884E+00
 -0.765  0.910E+00
 -0.755  0.932E+00
 -0.745  0.952E+00
 -0.735  0.966E+00
 -0.725  0.978E+00
 -0.715  0.982E+00
 -0.705  0.980E+00
 -0.695  0.974E+00
 -0.685  0.960E+00
 -0.675  0.940E+00
 -0.665  0.914E+00
 -0.655  0.882E+00
 -0.645  0.846E+00
 -0.635  0.806E+00
 -0.625  0.762E+00
 -0.615  0.716E+00
 -0.605  0.668E+00
 -0.595  0.620E+00
 -0.585  0.572E+00
 -0.575  0.526E+00
 -0.565  0.482E+00
 -0.555  0.440E+00
 -0.545  0.402E+00
 -0.535  0.366E+00
 -0.525  0.334E+00
 -0.515  0.306E+00
 -0.505  0.282E+00
 -0.495  0.262E+00
 -0.485  0.244E+00
 -0.475  0.230E+00
 -0.465  0.216E+00
 -0.455  0.206E+00
 -0.445  0.197E+00
 -0.435  0.190E+00
 -0.425  0.184E+00
 -0.415  0.178E+00
 -0.405  0.173E+00
 -0.395  0.168E+00
 -0.385  0.163E+00
 -0.375  0.159E+00
 -0.365  0.155E+00
 -0.355  0.151E+00
 -0.345  0.147E+00
 -0.335  0.144E+00
 -0.325  0.141E+00
 -0.315  0.139E+00
 -0.305  0.137E+00
 -0.295  0.136E+00
 -0.285  0.135E+00
 -0.275  0.135E+00
 -0.265  0.135E+00
 -0.255  0.136E+00
 -0.245  0.137E+00
 -0.235  0.138E+00
 -0.225  0.140E+00
 -0.215  0.141E+00
 -0.205  0.142E+00
 -0.195  0.143E+00
 -0.185  0.143E+00
 -0.175  0.143E+00
 -0.165  0.142E+00
 -0.155  0.141E+00
 -0.145  0.140E+00
 -0.135  0.138E+00
 -0.125  0.136E+00
 -0.115  0.133E+00
 -0.105  0.131E+00
 -0.095  0.129E+00
 -0.085  0.126E+00
 -0.075  0.125E+00
 -0.065  0.123E+00
 -0.055  0.122E+00
 -0.045  0.121E+00
 -0.035  0.121E+00
 -0.025  0.121E+00
 -0.015  0.122E+00
 -0.005  0.123E+00
  0.005  0.124E+00
  0.015  0.126E+00
  0.025  0.128E+00
  0.035  0.130E+00
  0.045  0.131E+00
  0.055  0.133E+00
  0.065  0.134E+00
  0.075  0.134E+00
  0.085  0.134E+00
  0.095  0.134E+00
  0.105  0.133E+00
  0.115  0.131E+00
  0.125  0.129E+00
  0.135  0.127E+00
  0.145  0.124E+00
  0.155  0.121E+00
  0.165  0.119E+00
  0.175  0.116E+00
  0.185  0.114E+00
  0.195  0.113E+00
  0.205  0.112E+00
  0.215  0.111E+00
  0.225  0.111E+00
  0.235  0.112E+00
  0.245  0.114E+00
  0.255  0.116E+00
  0.265  0.118E+00
  0.275  0.120E+00
  0.285  0.123E+00
  0.295  0.125E+00
  0.305  0.127E+00
  0.315  0.129E+00
  0.325  0.130E+00
  0.335  0.131E+00
  0.345  0.130E+00
  0.355  0.130E+00
  0.365  0.128E+00
  0.375  0.126E+00
  0.385  0.123E+00
  0.395  0.120E+00
  0.405  0.117E+00
  0.415  0.114E+00
  0.425  0.111E+00
  0.435  0.108E+00
  0.445  0.106E+00
  0.455  0.105E+00
  0.465  0.104E+00
  0.475  0.104E+00
  0.485  0.105E+00
  0.495  0.107E+00
  0.505  0.109E+00
  0.515  0.112E+00
  0.525  0.115E+00
  0.535  0.118E+00
  0.545  0.121E+00
  0.555  0.123E+00
  0.565  0.125E+00
  0.575  0.127E+00
  0.585  0.128E+00
  0.595  0.128E+00
  0.605  0.127E+00
  0.615  0.126E+00
  0.625  0.123E+00
  0.635  0.121E+00
  0.645  0.118E+00
  0.655  0.115E+00
  0.665  0.111E+00
  0.675  0.108E+00
  0.685  0.105E+00
  0.695  0.103E+00
  0.705  0.101E+00
  0.715  0.101E+00
  0.725  0.100E+00
  0.735  0.101E+00
  0.745  0.102E+00
  0.755  0.104E+00
  0.765  0.107E+00
  0.775  0.110E+00
  0.785  0.113E+00
  0.795  0.116E+00
  0.805  0.119E+00
  0.815  0.121E+00
  0.825  0.124E+00
  0.835  0.125E+00
  0.845  0.126E+00
  0.855  0.126E+00
  0.865  0.126E+00
  0.875  0.125E+00
  0.885  0.123E+00
  0.895  0.121E+00
  0.905  0.119E+00
  0.915  0.116E+00
  0.925  0.113E+00
  0.935  0.110E+00
  0.945  0.108E+00
  0.955  0.106E+00
  0.965  0.105E+00
  0.975  0.104E+00
  0.985  0.104E+00
  0.995  0.105E+00
  1.005  0.106E+00
  1.015  0.107E+00
  1.025  0.110E+00
  1.035  0.112E+00
  1.045  0.115E+00
  1.055  0.118E+00
  1.065  0.121E+00
  1.075  0.123E+00
  1.085  0.125E+00
  1.095  0.127E+00
  1.105  0.128E+00
  1.115  0.129E+00
  1.125  0.129E+00
  1.135  0.128E+00
  1.145  0.127E+00
  1.155  0.125E+00
  1.165  0.123E+00
  1.175  0.121E+00
  1.185  0.118E+00
  1.195  0.115E+00
  1.205  0.113E+00
  1.215  0.111E+00
  1.225  0.109E+00
  1.235  0.108E+00
  1.245  0.107E+00
  1.255  0.106E+00
  1.265  0.107E+00
  1.275  0.107E+00
  1.285  0.109E+00
  1.295  0.110E+00
  1.305  0.112E+00
  1.315  0.114E+00
  1.325  0.117E+00
  1.335  0.119E+00
  1.345  0.121E+00
  1.355  0.123E+00
  1.365  0.125E+00
  1.375  0.126E+00
  1.385  0.127E+00
  1.395  0.128E+00
  1.405  0.128E+00
  1.415  0.127E+00
  1.425  0.126E+00
  1.435  0.125E+00
  1.445  0.124E+00
  1.455  0.122E+00
  1.465  0.121E+00
  1.475  0.119E+00
  1.485  0.118E+00
  1.495  0.117E+00
  1.505  0.116E+00
  1.515  0.115E+00
  1.525  0.115E+00
  1.535  0.116E+00
  1.545  0.116E+00
  1.555  0.118E+00
  1.565  0.119E+00
  1.575  0.121E+00
  1.585  0.123E+00
  1.595  0.125E+00
  1.605  0.127E+00
  1.615  0.129E+00
  1.625  0.131E+00
  1.635  0.133E+00
  1.645  0.135E+00
  1.655  0.136E+00
  1.665  0.136E+00
  1.675  0.136E+00
  1.685  0.136E+00
  1.695  0.135E+00
  1.705  0.134E+00
  1.715  0.133E+00
  1.725  0.131E+00
  1.735  0.129E+00
  1.745  0.126E+00
  1.755  0.124E+00
  1.765  0.122E+00
  1.775  0.120E+00
  1.785  0.118E+00
  1.795  0.116E+00
  1.805  0.115E+00
  1.815  0.114E+00
  1.825  0.113E+00
  1.835  0.113E+00
  1.845  0.113E+00
  1.855  0.114E+00
  1.865  0.114E+00
  1.875  0.116E+00
  1.885  0.117E+00
  1.895  0.119E+00
  1.905  0.120E+00
  1.915  0.122E+00
  1.925  0.123E+00
  1.935  0.125E+00
  1.945  0.126E+00
  1.955  0.127E+00
  1.965  0.127E+00
  1.975  0.127E+00
  1.985  0.127E+00
  1.995  0.126E+00
  2.005  0.125E+00
  2.015  0.123E+00
  2.025  0.122E+00
  2.035  0.120E+00
  2.045  0.118E+00
  2.055  0.116E+00
  2.065  0.114E+00
  2.075  0.112E+00
  2.085  0.110E+00
  2.095  0.109E+00
  2.105  0.108E+00
  2.115  0.107E+00
  2.125  0.107E+00
  2.135  0.107E+00
  2.145  0.107E+00
  2.155  0.108E+00
  2.165  0.109E+00
  2.175  0.111E+00
  2.185  0.113E+00
  2.195  0.115E+00
  2.205  0.117E+00
  2.215  0.118E+00
  2.225  0.120E+00
  2.235  0.122E+00
  2.245  0.123E+00
  2.255  0.124E+00
  2.265  0.124E+00
  2.275  0.124E+00
  2.285  0.124E+00
  2.295  0.123E+00
  2.305  0.121E+00
  2.315  0.120E+00
  2.325  0.118E+00
  2.335  0.115E+00
  2.345  0.113E+00
  2.355  0.111E+00
  2.365  0.109E+00
  2.375  0.106E+00
  2.385  0.105E+00
  2.395  0.103E+00
  2.405  0.102E+00
  2.415  0.102E+00
  2.425  0.101E+00
  2.435  0.102E+00
  2.445  0.103E+00
  2.455  0.104E+00
  2.465  0.106E+00
  2.475  0.108E+00
  2.485  0.110E+00
  2.495  0.113E+00
  2.505  0.115E+00
  2.515  0.118E+00
  2.525  0.120E+00
  2.535  0.122E+00
  2.545  0.123E+00
  2.555  0.124E+00
  2.565  0.125E+00
  2.575  0.125E+00
  2.585  0.125E+00
  2.595  0.124E+00
  2.605  0.122E+00
  2.615  0.121E+00
  2.625  0.119E+00
  2.635  0.116E+00
  2.645  0.114E+00
  2.655  0.112E+00
  2.665  0.110E+00
  2.675  0.108E+00
  2.685  0.107E+00
  2.695  0.106E+00
  2.705  0.105E+00
  2.715  0.106E+00
  2.725  0.106E+00
  2.735  0.108E+00
  2.745  0.109E+00
  2.755  0.112E+00
  2.765  0.114E+00
  2.775  0.117E+00
  2.785  0.120E+00
  2.795  0.123E+00
  2.805  0.125E+00
  2.815  0.128E+00
  2.825  0.130E+00
  2.835  0.132E+00
  2.845  0.133E+00
  2.855  0.133E+00
  2.865  0.133E+00
  2.875  0.131E+00
  2.885  0.130E+00
  2.895  0.127E+00
  2.905  0.125E+00
  2.915  0.121E+00
  2.925  0.118E+00
  2.935  0.114E+00
  2.945  0.111E+00
  2.955  0.107E+00
  2.965  0.104E+00
  2.975  0.101E+00
  2.985  0.992E-01
  2.995  0.978E-01
  3.005  0.970E-01
  3.015  0.972E-01
  3.025  0.980E-01
  3.035  0.996E-01
  3.045  0.102E+00
  3.055  0.104E+00
  3.065  0.108E+00
  3.075  0.111E+00
  3.085  0.115E+00
  3.095  0.118E+00
  3.105  0.121E+00
  3.115  0.124E+00
  3.125  0.126E+00
  3.135  0.128E+00
  3.145  0.129E+00
  3.155  0.129E+00
  3.165  0.128E+00
  3.175  0.126E+00
  3.185  0.124E+00
  3.195  0.121E+00
  3.205  0.117E+00
  3.215  0.113E+00
  3.225  0.109E+00
  3.235  0.105E+00
  3.245  0.101E+00
  3.255  0.980E-01
  3.265  0.950E-01
  3.275  0.928E-01
  3.285  0.912E-01
  3.295  0.906E-01
  3.305  0.908E-01
  3.315  0.918E-01
  3.325  0.936E-01
  3.335  0.964E-01
  3.345  0.996E-01
  3.355  0.103E+00
  3.365  0.107E+00
  3.375  0.111E+00
  3.385  0.115E+00
  3.395  0.119E+00
  3.405  0.122E+00
  3.415  0.125E+00
  3.425  0.127E+00
  3.435  0.128E+00
  3.445  0.128E+00
  3.455  0.127E+00
  3.465  0.126E+00
  3.475  0.123E+00
  3.485  0.120E+00
  3.495  0.116E+00
  3.505  0.112E+00
  3.515  0.107E+00
  3.525  0.103E+00
  3.535  0.990E-01
  3.545  0.952E-01
  3.555  0.920E-01
  3.565  0.896E-01
  3.575  0.880E-01
  3.585  0.874E-01
  3.595  0.878E-01
  3.605  0.890E-01
  3.615  0.912E-01
  3.625  0.942E-01
  3.635  0.980E-01
  3.645  0.102E+00
  3.655  0.107E+00
  3.665  0.111E+00
  3.675  0.116E+00
  3.685  0.120E+00
  3.695  0.123E+00
  3.705  0.126E+00
  3.715  0.128E+00
  3.725  0.130E+00
  3.735  0.130E+00
  3.745  0.129E+00
  3.755  0.128E+00
  3.765  0.125E+00
  3.775  0.122E+00
  3.785  0.119E+00
  3.795  0.115E+00
  3.805  0.111E+00
  3.815  0.106E+00
  3.825  0.102E+00
  3.835  0.988E-01
  3.845  0.956E-01
  3.855  0.930E-01
  3.865  0.912E-01
  3.875  0.900E-01
  3.885  0.896E-01
  3.895  0.898E-01
  3.905  0.908E-01
  3.915  0.922E-01
  3.925  0.940E-01
  3.935  0.960E-01
  3.945  0.982E-01
  3.955  0.100E+00
  3.965  0.102E+00
  3.975  0.104E+00
  3.985  0.105E+00
  3.995  0.106E+00
  4.005  0.106E+00
  4.015  0.106E+00
  4.025  0.104E+00
  4.035  0.103E+00
  4.045  0.100E+00
  4.055  0.974E-01
  4.065  0.940E-01
  4.075  0.904E-01
  4.085  0.868E-01
  4.095  0.832E-01
  4.105  0.796E-01
  4.115  0.766E-01
  4.125  0.740E-01
  4.135  0.720E-01
  4.145  0.708E-01
  4.155  0.704E-01
  4.165  0.708E-01
  4.175  0.720E-01
  4.185  0.742E-01
  4.195  0.772E-01
  4.205  0.810E-01
  4.215  0.854E-01
  4.225  0.904E-01
  4.235  0.956E-01
  4.245  0.101E+00
  4.255  0.107E+00
  4.265  0.112E+00
  4.275  0.117E+00
  4.285  0.121E+00
  4.295  0.125E+00
  4.305  0.128E+00
  4.315  0.130E+00
  4.325  0.131E+00
  4.335  0.131E+00
  4.345  0.130E+00
  4.355  0.129E+00
  4.365  0.126E+00
  4.375  0.123E+00
  4.385  0.119E+00
  4.395  0.115E+00
  4.405  0.111E+00
  4.415  0.106E+00
  4.425  0.102E+00
  4.435  0.990E-01
  4.445  0.960E-01
  4.455  0.938E-01
  4.465  0.926E-01
  4.475  0.920E-01
  4.485  0.926E-01
  4.495  0.938E-01
  4.505  0.960E-01
  4.515  0.988E-01
  4.525  0.102E+00
  4.535  0.106E+00
  4.545  0.110E+00
  4.555  0.114E+00
  4.565  0.117E+00
  4.575  0.121E+00
  4.585  0.123E+00
  4.595  0.125E+00
  4.605  0.126E+00
  4.615  0.126E+00
  4.625  0.125E+00
  4.635  0.122E+00
  4.645  0.119E+00
  4.655  0.115E+00
  4.665  0.110E+00
  4.675  0.104E+00
  4.685  0.972E-01
  4.695  0.904E-01
  4.705  0.830E-01
  4.715  0.758E-01
  4.725  0.686E-01
  4.735  0.614E-01
  4.745  0.546E-01
  4.755  0.484E-01
  4.765  0.424E-01
  4.775  0.372E-01
  4.785  0.326E-01
  4.795  0.288E-01
  4.805  0.256E-01
  4.815  0.232E-01
  4.825  0.216E-01
  4.835  0.206E-01
  4.845  0.204E-01
  4.855  0.210E-01
  4.865  0.226E-01
  4.875  0.246E-01
  4.885  0.276E-01
  4.895  0.314E-01
  4.905  0.358E-01
  4.915  0.412E-01
  4.925  0.470E-01
  4.935  0.536E-01
  4.945  0.608E-01
  4.955  0.684E-01
  4.965  0.764E-01
  4.975  0.848E-01
  4.985  0.934E-01
  4.995  0.102E+00
  5.005  0.110E+00
  5.015  0.118E+00
  5.025  0.126E+00
  5.035  0.133E+00
  5.045  0.139E+00
  5.055  0.145E+00
  5.065  0.149E+00
  5.075  0.153E+00
  5.085  0.155E+00
  5.095  0.157E+00
  5.105  0.157E+00
  5.115  0.157E+00
  5.125  0.155E+00
  5.135  0.153E+00
  5.145  0.150E+00
  5.155  0.146E+00
  5.165  0.142E+00
  5.175  0.138E+00
  5.185  0.133E+00
  5.195  0.129E+00
  5.205  0.125E+00
  5.215  0.120E+00
  5.225  0.116E+00
  5.235  0.113E+00
  5.245  0.109E+00
  5.255  0.106E+00
  5.265  0.103E+00
  5.275  0.101E+00
  5.285  0.982E-01
  5.295  0.960E-01
  5.305  0.938E-01
  5.315  0.916E-01
  5.325  0.894E-01
  5.335  0.872E-01
  5.345  0.848E-01
  5.355  0.822E-01
  5.365  0.796E-01
  5.375  0.768E-01
  5.385  0.738E-01
  5.395  0.708E-01
  5.405  0.678E-01
  5.415  0.646E-01
  5.425  0.614E-01
  5.435  0.584E-01
  5.445  0.554E-01
  5.455  0.524E-01
  5.465  0.498E-01
  5.475  0.472E-01
  5.485  0.448E-01
  5.495  0.426E-01
  5.505  0.406E-01
  5.515  0.388E-01
  5.525  0.372E-01
  5.535  0.356E-01
  5.545  0.344E-01
  5.555  0.332E-01
  5.565  0.322E-01
  5.575  0.312E-01
  5.585  0.304E-01
  5.595  0.298E-01
  5.605  0.290E-01
  5.615  0.286E-01
  5.625  0.280E-01
  5.635  0.276E-01
  5.645  0.272E-01
  5.655  0.268E-01
  5.665  0.266E-01
  5.675  0.264E-01
  5.685  0.262E-01
  5.695  0.260E-01
  5.705  0.258E-01
  5.715  0.256E-01
  5.725  0.256E-01
  5.735  0.254E-01
  5.745  0.254E-01
  5.755  0.252E-01
  5.765  0.250E-01
  5.775  0.250E-01
  5.785  0.248E-01
  5.795  0.246E-01
  5.805  0.244E-01
  5.815  0.242E-01
  5.825  0.240E-01
  5.835  0.238E-01
  5.845  0.236E-01
  5.855  0.234E-01
  5.865  0.234E-01
  5.875  0.232E-01
  5.885  0.230E-01
  5.895  0.228E-01
  5.905  0.228E-01
  5.915  0.226E-01
  5.925  0.226E-01
  5.935  0.224E-01
  5.945  0.224E-01
  5.955  0.224E-01
  5.965  0.222E-01
  5.975  0.222E-01
  5.985  0.222E-01
  5.995  0.222E-01
  6.005  0.220E-01
  6.015  0.220E-01
  6.025  0.220E-01
  6.035  0.220E-01
  6.045  0.218E-01
  6.055  0.218E-01
  6.065  0.216E-01
  6.075  0.216E-01
  6.085  0.214E-01
  6.095  0.214E-01
  6.105  0.212E-01
  6.115  0.212E-01
  6.125  0.210E-01
  6.135  0.210E-01
  6.145  0.208E-01
  6.155  0.208E-01
  6.165  0.206E-01
  6.175  0.206E-01
  6.185  0.206E-01
  6.195  0.206E-01
  6.205  0.204E-01
  6.215  0.204E-01
  6.225  0.204E-01
  6.235  0.204E-01
  6.245  0.204E-01
  6.255  0.202E-01
  6.265  0.202E-01
  6.275  0.202E-01
  6.285  0.202E-01
  6.295  0.200E-01
  6.305  0.200E-01
  6.315  0.200E-01
  6.325  0.199E-01
  6.335  0.199E-01
  6.345  0.198E-01
  6.355  0.197E-01
  6.365  0.197E-01
  6.375  0.196E-01
  6.385  0.196E-01
  6.395  0.195E-01
  6.405  0.195E-01
  6.415  0.195E-01
  6.425  0.194E-01
  6.435  0.194E-01
  6.445  0.194E-01
  6.455  0.193E-01
  6.465  0.193E-01
  6.475  0.193E-01
  6.485  0.192E-01
  6.495  0.192E-01
  6.505  0.191E-01
  6.515  0.191E-01
  6.525  0.190E-01
  6.535  0.190E-01
  6.545  0.189E-01
  6.555  0.189E-01
  6.565  0.188E-01
  6.575  0.188E-01
  6.585  0.188E-01
  6.595  0.187E-01
  6.605  0.187E-01
  6.615  0.186E-01
  6.625  0.186E-01
  6.635  0.186E-01
  6.645  0.185E-01
  6.655  0.185E-01
  6.665  0.185E-01
  6.675  0.185E-01
  6.685  0.185E-01
  6.695  0.185E-01
  6.705  0.185E-01
  6.715  0.185E-01
  6.725  0.185E-01
  6.735  0.185E-01
  6.745  0.185E-01
  6.755  0.184E-01
  6.765  0.184E-01
  6.775  0.184E-01
  6.785  0.183E-01
  6.795  0.182E-01
  6.805  0.182E-01
  6.815  0.181E-01
  6.825  0.181E-01
  6.835  0.180E-01
  6.845  0.180E-01
  6.855  0.179E-01
  6.865  0.179E-01
  6.875  0.178E-01
  6.885  0.178E-01
  6.895  0.178E-01
  6.905  0.178E-01
  6.915  0.178E-01
  6.925  0.178E-01
  6.935  0.178E-01
  6.945  0.178E-01
  6.955  0.178E-01
  6.965  0.178E-01
  6.975  0.178E-01
  6.985  0.178E-01
  6.995  0.178E-01
  7.005  0.178E-01
  7.015  0.178E-01
  7.025  0.178E-01
  7.035  0.178E-01
  7.045  0.178E-01
  7.055  0.178E-01
  7.065  0.177E-01
  7.075  0.177E-01
  7.085  0.177E-01
  7.095  0.176E-01
  7.105  0.175E-01
  7.115  0.174E-01
  7.125  0.174E-01
  7.135  0.173E-01
  7.145  0.173E-01
  7.155  0.172E-01
  7.165  0.172E-01
  7.175  0.172E-01
  7.185  0.172E-01
  7.195  0.172E-01
  7.205  0.172E-01
  7.215  0.172E-01
  7.225  0.172E-01
  7.235  0.173E-01
  7.245  0.173E-01
  7.255  0.173E-01
  7.265  0.173E-01
  7.275  0.173E-01
  7.285  0.173E-01
  7.295  0.173E-01
  7.305  0.173E-01
  7.315  0.173E-01
  7.325  0.173E-01
  7.335  0.173E-01
  7.345  0.173E-01
  7.355  0.172E-01
  7.365  0.172E-01
  7.375  0.172E-01
  7.385  0.172E-01
  7.395  0.171E-01
  7.405  0.171E-01
  7.415  0.171E-01
  7.425  0.170E-01
  7.435  0.169E-01
  7.445  0.169E-01
  7.455  0.168E-01
  7.465  0.168E-01
  7.475  0.168E-01
  7.485  0.167E-01
  7.495  0.167E-01
  7.505  0.167E-01
  7.515  0.168E-01
  7.525  0.168E-01
  7.535  0.169E-01
  7.545  0.169E-01
  7.555  0.169E-01
  7.565  0.170E-01
  7.575  0.170E-01
  7.585  0.170E-01
  7.595  0.170E-01
  7.605  0.170E-01
  7.615  0.170E-01
  7.625  0.170E-01
  7.635  0.169E-01
  7.645  0.169E-01
  7.655  0.169E-01
  7.665  0.168E-01
  7.675  0.168E-01
  7.685  0.168E-01
  7.695  0.168E-01
  7.705  0.168E-01
  7.715  0.167E-01
  7.725  0.167E-01
  7.735  0.167E-01
  7.745  0.167E-01
  7.755  0.167E-01
  7.765  0.167E-01
  7.775  0.167E-01
  7.785  0.166E-01
  7.795  0.166E-01
  7.805  0.166E-01
  7.815  0.166E-01
  7.825  0.166E-01
  7.835  0.165E-01
  7.845  0.166E-01
  7.855  0.166E-01
  7.865  0.166E-01
  7.875  0.167E-01
  7.885  0.167E-01
  7.895  0.168E-01
  7.905  0.168E-01
  7.915  0.168E-01
  7.925  0.168E-01
  7.935  0.169E-01
  7.945  0.168E-01
  7.955  0.168E-01
  7.965  0.168E-01
  7.975  0.167E-01
  7.985  0.167E-01
  7.995  0.166E-01
  8.005  0.166E-01
  8.015  0.165E-01
  8.025  0.165E-01
  8.035  0.165E-01
  8.045  0.165E-01
  8.055  0.165E-01
  8.065  0.166E-01
  8.075  0.166E-01
  8.085  0.166E-01
  8.095  0.167E-01
  8.105  0.167E-01
  8.115  0.167E-01
  8.125  0.167E-01
  8.135  0.167E-01
  8.145  0.167E-01
  8.155  0.167E-01
  8.165  0.167E-01
  8.175  0.167E-01
  8.185  0.167E-01
  8.195  0.167E-01
  8.205  0.167E-01
  8.215  0.168E-01
  8.225  0.168E-01
  8.235  0.169E-01
  8.245  0.170E-01
  8.255  0.171E-01
  8.265  0.172E-01
  8.275  0.172E-01
  8.285  0.173E-01
  8.295  0.173E-01
  8.305  0.174E-01
  8.315  0.174E-01
  8.325  0.174E-01
  8.335  0.174E-01
  8.345  0.174E-01
  8.355  0.173E-01
  8.365  0.173E-01
  8.375  0.173E-01
  8.385  0.173E-01
  8.395  0.174E-01
  8.405  0.174E-01
  8.415  0.174E-01
  8.425  0.175E-01
  8.435  0.175E-01
  8.445  0.176E-01
  8.455  0.176E-01
  8.465  0.176E-01
  8.475  0.176E-01
  8.485  0.176E-01
  8.495  0.176E-01
  8.505  0.176E-01
  8.515  0.176E-01
  8.525  0.176E-01
  8.535  0.176E-01
  8.545  0.176E-01
  8.555  0.176E-01
  8.565  0.177E-01
  8.575  0.177E-01
  8.585  0.178E-01
  8.595  0.179E-01
  8.605  0.180E-01
  8.615  0.181E-01
  8.625  0.182E-01
  8.635  0.183E-01
  8.645  0.184E-01
  8.655  0.185E-01
  8.665  0.186E-01
  8.675  0.187E-01
  8.685  0.188E-01
  8.695  0.189E-01
  8.705  0.189E-01
  8.715  0.190E-01
  8.725  0.192E-01
  8.735  0.193E-01
  8.745  0.195E-01
  8.755  0.197E-01
  8.765  0.200E-01
  8.775  0.202E-01
  8.785  0.206E-01
  8.795  0.210E-01
  8.805  0.212E-01
  8.815  0.216E-01
  8.825  0.220E-01
  8.835  0.224E-01
  8.845  0.228E-01
  8.855  0.230E-01
  8.865  0.234E-01
  8.875  0.236E-01
  8.885  0.240E-01
  8.895  0.242E-01
  8.905  0.244E-01
  8.915  0.246E-01
  8.925  0.248E-01
  8.935  0.250E-01
  8.945  0.252E-01
  8.955  0.252E-01
  8.965  0.254E-01
  8.975  0.254E-01
  8.985  0.256E-01
  8.995  0.256E-01
  9.005  0.254E-01
  9.015  0.254E-01
  9.025  0.254E-01
  9.035  0.252E-01
  9.045  0.252E-01
  9.055  0.250E-01
  9.065  0.250E-01
  9.075  0.248E-01
  9.085  0.246E-01
  9.095  0.246E-01
  9.105  0.246E-01
  9.115  0.244E-01
  9.125  0.244E-01
  9.135  0.244E-01
  9.145  0.244E-01
  9.155  0.246E-01
  9.165  0.246E-01
  9.175  0.246E-01
  9.185  0.246E-01
  9.195  0.246E-01
  9.205  0.246E-01
  9.215  0.246E-01
  9.225  0.246E-01
  9.235  0.246E-01
  9.245  0.246E-01
  9.255  0.246E-01
  9.265  0.246E-01
  9.275  0.244E-01
  9.285  0.244E-01
  9.295  0.244E-01
  9.305  0.242E-01
  9.315  0.242E-01
  9.325  0.240E-01
  9.335  0.238E-01
  9.345  0.236E-01
  9.355  0.234E-01
  9.365  0.232E-01
  9.375  0.230E-01
  9.385  0.228E-01
  9.395  0.226E-01
  9.405  0.224E-01
  9.415  0.222E-01
  9.425  0.220E-01
  9.435  0.218E-01
  9.445  0.216E-01
  9.455  0.216E-01
  9.465  0.216E-01
  9.475  0.216E-01
  9.485  0.216E-01
  9.495  0.216E-01
  9.505  0.216E-01
  9.515  0.218E-01
  9.525  0.220E-01
  9.535  0.220E-01
  9.545  0.222E-01
  9.555  0.224E-01
  9.565  0.224E-01
  9.575  0.226E-01
  9.585  0.228E-01
  9.595  0.228E-01
  9.605  0.230E-01
  9.615  0.232E-01
  9.625  0.232E-01
  9.635  0.234E-01
  9.645  0.234E-01
  9.655  0.236E-01
  9.665  0.236E-01
  9.675  0.236E-01
  9.685  0.238E-01
  9.695  0.238E-01
  9.705  0.238E-01
  9.715  0.238E-01
  9.725  0.240E-01
  9.735  0.240E-01
  9.745  0.242E-01
  9.755  0.242E-01
  9.765  0.244E-01
  9.775  0.246E-01
  9.785  0.248E-01
  9.795  0.250E-01
  9.805  0.252E-01
  9.815  0.254E-01
  9.825  0.258E-01
  9.835  0.260E-01
  9.845  0.264E-01
  9.855  0.266E-01
  9.865  0.270E-01
  9.875  0.272E-01
  9.885  0.276E-01
  9.895  0.278E-01
  9.905  0.280E-01
  9.915  0.284E-01
  9.925  0.286E-01
  9.935  0.288E-01
  9.945  0.290E-01
  9.955  0.292E-01
  9.965  0.292E-01
  9.975  0.294E-01
  9.985  0.296E-01
  9.995  0.298E-01
 10.005  0.298E-01
 10.015  0.300E-01
 10.025  0.302E-01
 10.035  0.306E-01
 10.045  0.308E-01
 10.055  0.312E-01
 10.065  0.314E-01
 10.075  0.318E-01
 10.085  0.324E-01
 10.095  0.328E-01
 10.105  0.334E-01
 10.115  0.338E-01
 10.125  0.344E-01
 10.135  0.350E-01
 10.145  0.356E-01
 10.155  0.362E-01
 10.165  0.368E-01
 10.175  0.376E-01
 10.185  0.382E-01
 10.195  0.388E-01
 10.205  0.394E-01
 10.215  0.400E-01
 10.225  0.406E-01
 10.235  0.412E-01
 10.245  0.420E-01
 10.255  0.428E-01
 10.265  0.436E-01
 10.275  0.446E-01
 10.285  0.456E-01
 10.295  0.468E-01
 10.305  0.480E-01
 10.315  0.494E-01
 10.325  0.510E-01
 10.335  0.526E-01
 10.345  0.544E-01
 10.355  0.564E-01
 10.365  0.584E-01
 10.375  0.606E-01
 10.385  0.630E-01
 10.395  0.654E-01
 10.405  0.680E-01
 10.415  0.706E-01
 10.425  0.732E-01
 10.435  0.758E-01
 10.445  0.784E-01
 10.455  0.810E-01
 10.465  0.836E-01
 10.475  0.860E-01
 10.485  0.882E-01
 10.495  0.904E-01
 10.505  0.922E-01
 10.515  0.938E-01
 10.525  0.952E-01
 10.535  0.962E-01
 10.545  0.968E-01
 10.555  0.970E-01
 10.565  0.970E-01
 10.575  0.964E-01
 10.585  0.954E-01
 10.595  0.940E-01
 10.605  0.922E-01
 10.615  0.900E-01
 10.625  0.872E-01
 10.635  0.842E-01
 10.645  0.806E-01
 10.655  0.768E-01
 10.665  0.728E-01
 10.675  0.684E-01
 10.685  0.638E-01
 10.695  0.592E-01
 10.705  0.544E-01
 10.715  0.496E-01
 10.725  0.450E-01
 10.735  0.404E-01
 10.745  0.360E-01
 10.755  0.318E-01
 10.765  0.278E-01
 10.775  0.240E-01
 10.785  0.206E-01
 10.795  0.176E-01
 10.805  0.149E-01
 10.815  0.124E-01
 10.825  0.103E-01
 10.835  0.842E-02
 10.845  0.684E-02
 10.855  0.550E-02
 10.865  0.438E-02
 10.875  0.344E-02
 10.885  0.268E-02
 10.895  0.208E-02
 10.905  0.158E-02
 10.915  0.120E-02
 10.925  0.898E-03
 10.935  0.666E-03
 10.945  0.488E-03
 10.955  0.354E-03
 10.965  0.254E-03
 10.975  0.181E-03
 10.985  0.127E-03
 10.995  0.886E-04
 11.005  0.610E-04
 11.015  0.416E-04
 11.025  0.280E-04
 11.035  0.188E-04
 11.045  0.124E-04
 11.055  0.810E-05
 11.065  0.524E-05
 11.075  0.336E-05
