    #kx         ky         Energy       Sx      Sy      Sz
    #Grid-Size:    27   42
    #Band-Index:   40
    0.000000    0.000000   -2.114542   0.000   0.342   0.000
    0.000000    0.031355   -2.012714  -0.164   0.000  -0.294
    0.000000    0.062709   -2.002585  -0.180   0.000   0.048
    0.000000    0.094064   -2.048054  -0.108   0.000   0.082
    0.000000    0.125419   -2.100888  -0.058   0.000   0.108
    0.000000    0.156774   -2.150050   0.044   0.000   0.150
    0.000000    0.188128   -2.194865   0.124   0.000   0.150
    0.000000    0.219483   -2.239608   0.188   0.000   0.146
    0.000000    0.250838   -2.284141   0.246   0.000   0.130
    0.000000    0.282192   -2.328671   0.296   0.000   0.106
    0.000000    0.313547   -2.374008   0.334   0.000   0.074
    0.000000    0.344902   -2.421225   0.364   0.000   0.040
    0.000000    0.376257   -2.471348   0.386   0.000   0.006
    0.000000    0.407611   -2.525184   0.400   0.000  -0.028
    0.000000    0.438966   -2.583229   0.406   0.000  -0.060
    0.000000    0.470321   -2.645640   0.410   0.000  -0.088
    0.000000    0.501676   -2.712280   0.408   0.000  -0.114
    0.000000    0.533030   -2.782757   0.406   0.000  -0.140
    0.000000    0.564385   -2.856474   0.400   0.000  -0.162
    0.000000    0.595740   -2.932693   0.394   0.000  -0.182
    0.000000    0.627094   -3.010570   0.384   0.000  -0.202
    0.000000    0.658449   -3.089183  -0.084   0.000   0.051
    0.000000    0.689804   -3.010570  -0.384   0.000   0.202
    0.000000    0.721159   -2.932693  -0.394   0.000   0.182
    0.000000    0.752513   -2.856474  -0.400   0.000   0.162
    0.000000    0.783868   -2.782757  -0.406   0.000   0.140
    0.000000    0.815223   -2.712280  -0.408   0.000   0.114
    0.000000    0.846577   -2.645640  -0.410   0.000   0.088
    0.000000    0.877932   -2.583229  -0.406   0.000   0.060
    0.000000    0.909287   -2.525184  -0.400   0.000   0.028
    0.000000    0.940642   -2.471348  -0.386   0.000  -0.006
    0.000000    0.971996   -2.421225  -0.364   0.000  -0.040
    0.000000    1.003351   -2.374008  -0.334   0.000  -0.074
    0.000000    1.034706   -2.328671  -0.296   0.000  -0.106
    0.000000    1.066060   -2.284141  -0.246   0.000  -0.130
    0.000000    1.097415   -2.239608  -0.188   0.000  -0.146
    0.000000    1.128770   -2.194865  -0.124   0.000  -0.150
    0.000000    1.160125   -2.150050  -0.044   0.000  -0.150
    0.000000    1.191479   -2.100888   0.058   0.000  -0.108
    0.000000    1.222834   -2.048054   0.108   0.000  -0.082
    0.000000    1.254189   -2.002585   0.180   0.000  -0.048
    0.000000    1.285544   -2.012714   0.164   0.000   0.294
    0.031465    0.000000   -2.080459   0.000   0.344   0.000
    0.031465    0.031355   -2.025033   0.066   0.352  -0.174
    0.031465    0.062709   -2.013834  -0.022   0.332  -0.018
    0.031465    0.094064   -2.049893  -0.032   0.266   0.044
    0.031465    0.125419   -2.099465  -0.018   0.216   0.082
    0.031465    0.156774   -2.149096   0.048   0.044   0.146
    0.031465    0.188128   -2.193451   0.118  -0.052   0.148
    0.031465    0.219483   -2.238011   0.182  -0.064   0.142
    0.031465    0.250838   -2.282825   0.238  -0.064   0.126
    0.031465    0.282192   -2.327914   0.288  -0.060   0.102
    0.031465    0.313547   -2.373949   0.326  -0.058   0.074
    0.031465    0.344902   -2.421905   0.358  -0.056   0.040
    0.031465    0.376257   -2.472755   0.378  -0.052   0.006
    0.031465    0.407611   -2.527264   0.392  -0.048  -0.028
    0.031465    0.438966   -2.585902   0.402  -0.046  -0.058
    0.031465    0.470321   -2.648813   0.406  -0.042  -0.088
    0.031465    0.501676   -2.715850   0.408  -0.038  -0.114
    0.031465    0.533030   -2.786608   0.402  -0.034  -0.140
    0.031465    0.564385   -2.860487   0.398  -0.030  -0.162
    0.031465    0.595740   -2.936737   0.390  -0.026  -0.182
    0.031465    0.627094   -3.014501   0.380  -0.020  -0.202
    0.031465    0.658449   -3.092833  -0.061  -0.013   0.036
    0.031465    0.689804   -3.014501  -0.380  -0.020   0.202
    0.031465    0.721159   -2.936737  -0.390  -0.026   0.182
    0.031465    0.752513   -2.860487  -0.398  -0.030   0.162
    0.031465    0.783868   -2.786608  -0.402  -0.034   0.140
    0.031465    0.815223   -2.715850  -0.408  -0.038   0.114
    0.031465    0.846577   -2.648813  -0.406  -0.042   0.088
    0.031465    0.877932   -2.585902  -0.402  -0.046   0.058
    0.031465    0.909287   -2.527264  -0.392  -0.048   0.028
    0.031465    0.940642   -2.472755  -0.378  -0.052  -0.006
    0.031465    0.971996   -2.421905  -0.358  -0.056  -0.040
    0.031465    1.003351   -2.373949  -0.326  -0.058  -0.074
    0.031465    1.034706   -2.327914  -0.288  -0.060  -0.102
    0.031465    1.066060   -2.282825  -0.238  -0.064  -0.126
    0.031465    1.097415   -2.238011  -0.182  -0.064  -0.142
    0.031465    1.128770   -2.193451  -0.118  -0.052  -0.148
    0.031465    1.160125   -2.149096  -0.048   0.044  -0.146
    0.031465    1.191479   -2.099465   0.018   0.216  -0.082
    0.031465    1.222834   -2.049893   0.032   0.266  -0.044
    0.031465    1.254189   -2.013834   0.022   0.332   0.018
    0.031465    1.285544   -2.025033  -0.066   0.352   0.174
    0.062930    0.000000   -2.122303   0.000   0.286   0.000
    0.062930    0.031355   -2.083788   0.152   0.308  -0.094
    0.062930    0.062709   -2.049144   0.122   0.346  -0.072
    0.062930    0.094064   -2.059650   0.080   0.342  -0.018
    0.062930    0.125419   -2.097490   0.070   0.328   0.024
    0.062930    0.156774   -2.146270   0.088   0.222   0.106
    0.062930    0.188128   -2.190446   0.118  -0.060   0.146
    0.062930    0.219483   -2.234117   0.164  -0.118   0.134
    0.062930    0.250838   -2.279432   0.218  -0.124   0.120
    0.062930    0.282192   -2.325977   0.268  -0.120   0.098
    0.062930    0.313547   -2.373965   0.310  -0.114   0.070
    0.062930    0.344902   -2.424059   0.340  -0.110   0.038
    0.062930    0.376257   -2.477025   0.364  -0.102   0.006
    0.062930    0.407611   -2.533499   0.380  -0.096  -0.026
    0.062930    0.438966   -2.593866   0.392  -0.090  -0.056
    0.062930    0.470321   -2.658221   0.396  -0.084  -0.086
    0.062930    0.501676   -2.726387   0.398  -0.076  -0.112
    0.062930    0.533030   -2.797936   0.396  -0.068  -0.136
    0.062930    0.564385   -2.872245   0.392  -0.060  -0.158
    0.062930    0.595740   -2.948543   0.384  -0.050  -0.180
    0.062930    0.627094   -3.025929   0.376  -0.038  -0.202
    0.062930    0.658449   -3.103373   0.239  -0.024  -0.146
    0.062930    0.689804   -3.025929  -0.376  -0.038   0.202
    0.062930    0.721159   -2.948543  -0.384  -0.050   0.180
    0.062930    0.752513   -2.872245  -0.392  -0.060   0.158
    0.062930    0.783868   -2.797936  -0.396  -0.068   0.136
    0.062930    0.815223   -2.726387  -0.398  -0.076   0.112
    0.062930    0.846577   -2.658221  -0.396  -0.084   0.086
    0.062930    0.877932   -2.593866  -0.392  -0.090   0.056
    0.062930    0.909287   -2.533499  -0.380  -0.096   0.026
    0.062930    0.940642   -2.477025  -0.364  -0.102  -0.006
    0.062930    0.971996   -2.424059  -0.340  -0.110  -0.038
    0.062930    1.003351   -2.373965  -0.310  -0.114  -0.070
    0.062930    1.034706   -2.325977  -0.268  -0.120  -0.098
    0.062930    1.066060   -2.279432  -0.218  -0.124  -0.120
    0.062930    1.097415   -2.234117  -0.164  -0.118  -0.134
    0.062930    1.128770   -2.190446  -0.118  -0.060  -0.146
    0.062930    1.160125   -2.146270  -0.088   0.222  -0.106
    0.062930    1.191479   -2.097490  -0.070   0.328  -0.024
    0.062930    1.222834   -2.059650  -0.080   0.342   0.018
    0.062930    1.254189   -2.049144  -0.122   0.346   0.072
    0.062930    1.285544   -2.083788  -0.152   0.308   0.094
    0.094395    0.000000   -2.160623   0.000   0.242   0.000
    0.094395    0.031355   -2.132184   0.168   0.248  -0.094
    0.094395    0.062709   -2.092220   0.176   0.296  -0.102
    0.094395    0.094064   -2.080821   0.156   0.332  -0.072
    0.094395    0.125419   -2.100907   0.146   0.348  -0.036
    0.094395    0.156774   -2.141549   0.166   0.352   0.008
    0.094395    0.188128   -2.187963   0.184   0.094   0.110
    0.094395    0.219483   -2.230426   0.164  -0.126   0.120
    0.094395    0.250838   -2.275711   0.196  -0.166   0.108
    0.094395    0.282192   -2.323961   0.238  -0.170   0.090
    0.094395    0.313547   -2.374719   0.280  -0.166   0.066
    0.094395    0.344902   -2.428051   0.314  -0.158   0.038
    0.094395    0.376257   -2.484307   0.340  -0.150   0.008
    0.094395    0.407611   -2.543855   0.358  -0.140  -0.022
    0.094395    0.438966   -2.606915   0.372  -0.134  -0.052
    0.094395    0.470321   -2.673492   0.380  -0.124  -0.080
    0.094395    0.501676   -2.743351   0.382  -0.112  -0.108
    0.094395    0.533030   -2.816037   0.384  -0.102  -0.130
    0.094395    0.564385   -2.890901   0.380  -0.088  -0.154
    0.094395    0.595740   -2.967130   0.374  -0.072  -0.176
    0.094395    0.627094   -3.043745   0.366  -0.054  -0.200
    0.094395    0.658449   -3.119581   0.078  -0.034  -0.049
    0.094395    0.689804   -3.043745  -0.366  -0.054   0.200
    0.094395    0.721159   -2.967130  -0.374  -0.072   0.176
    0.094395    0.752513   -2.890901  -0.380  -0.088   0.154
    0.094395    0.783868   -2.816037  -0.384  -0.102   0.130
    0.094395    0.815223   -2.743351  -0.382  -0.112   0.108
    0.094395    0.846577   -2.673492  -0.380  -0.124   0.080
    0.094395    0.877932   -2.606915  -0.372  -0.134   0.052
    0.094395    0.909287   -2.543855  -0.358  -0.140   0.022
    0.094395    0.940642   -2.484307  -0.340  -0.150  -0.008
    0.094395    0.971996   -2.428051  -0.314  -0.158  -0.038
    0.094395    1.003351   -2.374719  -0.280  -0.166  -0.066
    0.094395    1.034706   -2.323961  -0.238  -0.170  -0.090
    0.094395    1.066060   -2.275711  -0.196  -0.166  -0.108
    0.094395    1.097415   -2.230426  -0.164  -0.126  -0.120
    0.094395    1.128770   -2.187963  -0.184   0.094  -0.110
    0.094395    1.160125   -2.141549  -0.166   0.352  -0.008
    0.094395    1.191479   -2.100907  -0.146   0.348   0.036
    0.094395    1.222834   -2.080821  -0.156   0.332   0.072
    0.094395    1.254189   -2.092220  -0.176   0.296   0.102
    0.094395    1.285544   -2.132184  -0.168   0.248   0.094
    0.125860    0.000000   -2.192293   0.000   0.228   0.000
    0.125860    0.031355   -2.169328   0.172   0.170  -0.146
    0.125860    0.062709   -2.133524   0.192   0.230  -0.142
    0.125860    0.094064   -2.111536   0.196   0.282  -0.122
    0.125860    0.125419   -2.114927   0.202   0.320  -0.096
    0.125860    0.156774   -2.141761   0.222   0.342  -0.066
    0.125860    0.188128   -2.184059   0.270   0.296  -0.018
    0.125860    0.219483   -2.229026   0.234  -0.008   0.070
    0.125860    0.250838   -2.274279   0.198  -0.160   0.086
    0.125860    0.282192   -2.323833   0.214  -0.198   0.078
    0.125860    0.313547   -2.377460   0.246  -0.204   0.062
    0.125860    0.344902   -2.434556   0.276  -0.200   0.038
    0.125860    0.376257   -2.494830   0.306  -0.192   0.012
    0.125860    0.407611   -2.558198   0.328  -0.182  -0.016
    0.125860    0.438966   -2.624600   0.342  -0.170  -0.044
    0.125860    0.470321   -2.693884   0.354  -0.160  -0.072
    0.125860    0.501676   -2.765736   0.360  -0.146  -0.098
    0.125860    0.533030   -2.839662   0.364  -0.128  -0.122
    0.125860    0.564385   -2.914982   0.364  -0.110  -0.148
    0.125860    0.595740   -2.990822   0.360  -0.090  -0.172
    0.125860    0.627094   -3.066095   0.352  -0.068  -0.196
    0.125860    0.658449   -3.139437   0.275  -0.040  -0.180
    0.125860    0.689804   -3.066095  -0.352  -0.068   0.196
    0.125860    0.721159   -2.990822  -0.360  -0.090   0.172
    0.125860    0.752513   -2.914982  -0.364  -0.110   0.148
    0.125860    0.783868   -2.839662  -0.364  -0.128   0.122
    0.125860    0.815223   -2.765736  -0.360  -0.146   0.098
    0.125860    0.846577   -2.693884  -0.354  -0.160   0.072
    0.125860    0.877932   -2.624600  -0.342  -0.170   0.044
    0.125860    0.909287   -2.558198  -0.328  -0.182   0.016
    0.125860    0.940642   -2.494830  -0.306  -0.192  -0.012
    0.125860    0.971996   -2.434556  -0.276  -0.200  -0.038
    0.125860    1.003351   -2.377460  -0.246  -0.204  -0.062
    0.125860    1.034706   -2.323833  -0.214  -0.198  -0.078
    0.125860    1.066060   -2.274279  -0.198  -0.160  -0.086
    0.125860    1.097415   -2.229026  -0.234  -0.008  -0.070
    0.125860    1.128770   -2.184059  -0.270   0.296   0.018
    0.125860    1.160125   -2.141761  -0.222   0.342   0.066
    0.125860    1.191479   -2.114927  -0.202   0.320   0.096
    0.125860    1.222834   -2.111536  -0.196   0.282   0.122
    0.125860    1.254189   -2.133524  -0.192   0.230   0.142
    0.125860    1.285544   -2.169328  -0.172   0.170   0.146
    0.157325    0.000000   -2.214008   0.000  -0.272   0.000
    0.157325    0.031355   -2.197705   0.140  -0.018  -0.206
    0.157325    0.062709   -2.169913   0.178   0.106  -0.198
    0.157325    0.094064   -2.146855   0.210   0.190  -0.178
    0.157325    0.125419   -2.139993   0.234   0.250  -0.152
    0.157325    0.156774   -2.153367   0.258   0.282  -0.124
    0.157325    0.188128   -2.184795   0.292   0.278  -0.088
    0.157325    0.219483   -2.228216   0.310   0.164  -0.030
    0.157325    0.250838   -2.276155   0.262  -0.052   0.038
    0.157325    0.282192   -2.327536   0.224  -0.172   0.060
    0.157325    0.313547   -2.383760   0.222  -0.216   0.058
    0.157325    0.344902   -2.444453   0.240  -0.226   0.042
    0.157325    0.376257   -2.508803   0.264  -0.224   0.020
    0.157325    0.407611   -2.576161   0.286  -0.216  -0.004
    0.157325    0.438966   -2.646068   0.306  -0.204  -0.028
    0.157325    0.470321   -2.718130   0.320  -0.190  -0.056
    0.157325    0.501676   -2.791918   0.330  -0.174  -0.082
    0.157325    0.533030   -2.866880   0.338  -0.154  -0.108
    0.157325    0.564385   -2.942287   0.340  -0.134  -0.134
    0.157325    0.595740   -3.017184   0.338  -0.106  -0.164
    0.157325    0.627094   -3.090337   0.330  -0.076  -0.192
    0.157325    0.658449   -3.160122  -0.230  -0.040   0.161
    0.157325    0.689804   -3.090337  -0.330  -0.076   0.192
    0.157325    0.721159   -3.017184  -0.338  -0.106   0.164
    0.157325    0.752513   -2.942287  -0.340  -0.134   0.134
    0.157325    0.783868   -2.866880  -0.338  -0.154   0.108
    0.157325    0.815223   -2.791918  -0.330  -0.174   0.082
    0.157325    0.846577   -2.718130  -0.320  -0.190   0.056
    0.157325    0.877932   -2.646068  -0.306  -0.204   0.028
    0.157325    0.909287   -2.576161  -0.286  -0.216   0.004
    0.157325    0.940642   -2.508803  -0.264  -0.224  -0.020
    0.157325    0.971996   -2.444453  -0.240  -0.226  -0.042
    0.157325    1.003351   -2.383760  -0.222  -0.216  -0.058
    0.157325    1.034706   -2.327536  -0.224  -0.172  -0.060
    0.157325    1.066060   -2.276155  -0.262  -0.052  -0.038
    0.157325    1.097415   -2.228216  -0.310   0.164   0.030
    0.157325    1.128770   -2.184795  -0.292   0.278   0.088
    0.157325    1.160125   -2.153367  -0.258   0.282   0.124
    0.157325    1.191479   -2.139993  -0.234   0.250   0.152
    0.157325    1.222834   -2.146855  -0.210   0.190   0.178
    0.157325    1.254189   -2.169913  -0.178   0.106   0.198
    0.157325    1.285544   -2.197705  -0.140  -0.018   0.206
    0.188790    0.000000   -2.224934   0.000  -0.294   0.000
    0.188790    0.031355   -2.217232   0.068  -0.206  -0.164
    0.188790    0.062709   -2.199507   0.136  -0.068  -0.218
    0.188790    0.094064   -2.181437   0.194   0.046  -0.218
    0.188790    0.125419   -2.171887   0.242   0.132  -0.198
    0.188790    0.156774   -2.176607   0.278   0.188  -0.168
    0.188790    0.188128   -2.197433   0.310   0.208  -0.130
    0.188790    0.219483   -2.233071   0.330   0.176  -0.084
    0.188790    0.250838   -2.280059   0.324   0.076  -0.026
    0.188790    0.282192   -2.334379   0.284  -0.066   0.026
    0.188790    0.313547   -2.393921   0.242  -0.170   0.050
    0.188790    0.344902   -2.458062   0.224  -0.220   0.052
    0.188790    0.376257   -2.526037   0.228  -0.238   0.038
    0.188790    0.407611   -2.596913   0.242  -0.240   0.018
    0.188790    0.438966   -2.669869   0.258  -0.232  -0.006
    0.188790    0.470321   -2.744253   0.274  -0.218  -0.030
    0.188790    0.501676   -2.819481   0.288  -0.200  -0.058
    0.188790    0.533030   -2.894913   0.298  -0.180  -0.084
    0.188790    0.564385   -2.969747   0.304  -0.152  -0.114
    0.188790    0.595740   -3.042920   0.306  -0.120  -0.146
    0.188790    0.627094   -3.113000   0.302  -0.082  -0.182
    0.188790    0.658449   -3.178067   0.214  -0.039  -0.165
    0.188790    0.689804   -3.113000  -0.302  -0.082   0.182
    0.188790    0.721159   -3.042920  -0.306  -0.120   0.146
    0.188790    0.752513   -2.969747  -0.304  -0.152   0.114
    0.188790    0.783868   -2.894913  -0.298  -0.180   0.084
    0.188790    0.815223   -2.819481  -0.288  -0.200   0.058
    0.188790    0.846577   -2.744253  -0.274  -0.218   0.030
    0.188790    0.877932   -2.669869  -0.258  -0.232   0.006
    0.188790    0.909287   -2.596913  -0.242  -0.240  -0.018
    0.188790    0.940642   -2.526037  -0.228  -0.238  -0.038
    0.188790    0.971996   -2.458062  -0.224  -0.220  -0.052
    0.188790    1.003351   -2.393921  -0.242  -0.170  -0.050
    0.188790    1.034706   -2.334379  -0.284  -0.066  -0.026
    0.188790    1.066060   -2.280059  -0.324   0.076   0.026
    0.188790    1.097415   -2.233071  -0.330   0.176   0.084
    0.188790    1.128770   -2.197433  -0.310   0.208   0.130
    0.188790    1.160125   -2.176607  -0.278   0.188   0.168
    0.188790    1.191479   -2.171887  -0.242   0.132   0.198
    0.188790    1.222834   -2.181437  -0.194   0.046   0.218
    0.188790    1.254189   -2.199507  -0.136  -0.068   0.218
    0.188790    1.285544   -2.217232  -0.068  -0.206   0.164
    0.220255    0.000000   -2.237417   0.000  -0.314   0.000
    0.220255    0.031355   -2.233356   0.032  -0.284  -0.108
    0.220255    0.062709   -2.223335   0.088  -0.208  -0.180
    0.220255    0.094064   -2.212187   0.160  -0.112  -0.212
    0.220255    0.125419   -2.205276   0.228  -0.018  -0.210
    0.220255    0.156774   -2.207309   0.282   0.060  -0.190
    0.220255    0.188128   -2.221507   0.318   0.106  -0.154
    0.220255    0.219483   -2.249339   0.342   0.118  -0.112
    0.220255    0.250838   -2.290605   0.348   0.090  -0.062
    0.220255    0.282192   -2.343589   0.332   0.026  -0.014
    0.220255    0.313547   -2.405492   0.296  -0.068   0.030
    0.220255    0.344902   -2.473345   0.254  -0.156   0.054
    0.220255    0.376257   -2.544887   0.222  -0.216   0.060
    0.220255    0.407611   -2.618696   0.208  -0.242   0.052
    0.220255    0.438966   -2.693817   0.208  -0.250   0.034
    0.220255    0.470321   -2.769531   0.216  -0.242   0.012
    0.220255    0.501676   -2.845188   0.228  -0.228  -0.014
    0.220255    0.533030   -2.920096   0.242  -0.206  -0.042
    0.220255    0.564385   -2.993381   0.252  -0.178  -0.078
    0.220255    0.595740   -3.063849   0.258  -0.140  -0.114
    0.220255    0.627094   -3.129851   0.260  -0.094  -0.160
    0.220255    0.658449   -3.189164  -0.029  -0.040   0.025
    0.220255    0.689804   -3.129851  -0.260  -0.094   0.160
    0.220255    0.721159   -3.063849  -0.258  -0.140   0.114
    0.220255    0.752513   -2.993381  -0.252  -0.178   0.078
    0.220255    0.783868   -2.920096  -0.242  -0.206   0.042
    0.220255    0.815223   -2.845188  -0.228  -0.228   0.014
    0.220255    0.846577   -2.769531  -0.216  -0.242  -0.012
    0.220255    0.877932   -2.693817  -0.208  -0.250  -0.034
    0.220255    0.909287   -2.618696  -0.208  -0.242  -0.052
    0.220255    0.940642   -2.544887  -0.222  -0.216  -0.060
    0.220255    0.971996   -2.473345  -0.254  -0.156  -0.054
    0.220255    1.003351   -2.405492  -0.296  -0.068  -0.030
    0.220255    1.034706   -2.343589  -0.332   0.026   0.014
    0.220255    1.066060   -2.290605  -0.348   0.090   0.062
    0.220255    1.097415   -2.249339  -0.342   0.118   0.112
    0.220255    1.128770   -2.221507  -0.318   0.106   0.154
    0.220255    1.160125   -2.207309  -0.282   0.060   0.190
    0.220255    1.191479   -2.205276  -0.228  -0.018   0.210
    0.220255    1.222834   -2.212187  -0.160  -0.112   0.212
    0.220255    1.254189   -2.223335  -0.088  -0.208   0.180
    0.220255    1.285544   -2.233356  -0.032  -0.284   0.108
    0.251720    0.000000   -2.252734   0.000  -0.336   0.000
    0.251720    0.031355   -2.250522   0.020  -0.322  -0.070
    0.251720    0.062709   -2.245234   0.060  -0.288  -0.132
    0.251720    0.094064   -2.239806   0.126  -0.228  -0.172
    0.251720    0.125419   -2.237347   0.200  -0.152  -0.188
    0.251720    0.156774   -2.240815   0.266  -0.074  -0.182
    0.251720    0.188128   -2.252964   0.314  -0.012  -0.154
    0.251720    0.219483   -2.276090   0.346   0.028  -0.118
    0.251720    0.250838   -2.311641   0.358   0.042  -0.076
    0.251720    0.282192   -2.359827   0.354   0.032  -0.034
    0.251720    0.313547   -2.419406   0.336  -0.004   0.006
    0.251720    0.344902   -2.487824   0.302  -0.062   0.042
    0.251720    0.376257   -2.561803   0.258  -0.132   0.068
    0.251720    0.407611   -2.638220   0.212  -0.196   0.084
    0.251720    0.438966   -2.714924   0.178  -0.240   0.086
    0.251720    0.470321   -2.790855   0.160  -0.256   0.076
    0.251720    0.501676   -2.865499   0.156  -0.256   0.056
    0.251720    0.533030   -2.938365   0.160  -0.242   0.030
    0.251720    0.564385   -3.008685   0.172  -0.218  -0.004
    0.251720    0.595740   -3.075258   0.182  -0.182  -0.050
    0.251720    0.627094   -3.136299   0.190  -0.130  -0.108
    0.251720    0.658449   -3.189346  -0.088  -0.068   0.086
    0.251720    0.689804   -3.136299  -0.190  -0.130   0.108
    0.251720    0.721159   -3.075258  -0.182  -0.182   0.050
    0.251720    0.752513   -3.008685  -0.172  -0.218   0.004
    0.251720    0.783868   -2.938365  -0.160  -0.242  -0.030
    0.251720    0.815223   -2.865499  -0.156  -0.256  -0.056
    0.251720    0.846577   -2.790855  -0.160  -0.256  -0.076
    0.251720    0.877932   -2.714924  -0.178  -0.240  -0.086
    0.251720    0.909287   -2.638220  -0.212  -0.196  -0.084
    0.251720    0.940642   -2.561803  -0.258  -0.132  -0.068
    0.251720    0.971996   -2.487824  -0.302  -0.062  -0.042
    0.251720    1.003351   -2.419406  -0.336  -0.004  -0.006
    0.251720    1.034706   -2.359827  -0.354   0.032   0.034
    0.251720    1.066060   -2.311641  -0.358   0.042   0.076
    0.251720    1.097415   -2.276090  -0.346   0.028   0.118
    0.251720    1.128770   -2.252964  -0.314  -0.012   0.154
    0.251720    1.160125   -2.240815  -0.266  -0.074   0.182
    0.251720    1.191479   -2.237347  -0.200  -0.152   0.188
    0.251720    1.222834   -2.239806  -0.126  -0.228   0.172
    0.251720    1.254189   -2.245234  -0.060  -0.288   0.132
    0.251720    1.285544   -2.250522  -0.020  -0.322   0.070
    0.283185    0.000000   -2.272737   0.000  -0.354   0.000
    0.283185    0.031355   -2.271463   0.014  -0.348  -0.044
    0.283185    0.062709   -2.268789   0.046  -0.334  -0.086
    0.283185    0.094064   -2.267079   0.102  -0.302  -0.122
    0.283185    0.125419   -2.268504   0.174  -0.252  -0.144
    0.283185    0.156774   -2.274856   0.242  -0.188  -0.146
    0.283185    0.188128   -2.287945   0.300  -0.122  -0.132
    0.283185    0.219483   -2.309719   0.338  -0.068  -0.104
    0.283185    0.250838   -2.341933   0.360  -0.028  -0.072
    0.283185    0.282192   -2.385620   0.364  -0.010  -0.038
    0.283185    0.313547   -2.440639   0.356  -0.008  -0.004
    0.283185    0.344902   -2.505499   0.334  -0.024   0.026
    0.283185    0.376257   -2.577587   0.304  -0.056   0.054
    0.283185    0.407611   -2.653687   0.258  -0.104   0.082
    0.283185    0.438966   -2.730618   0.202  -0.164   0.106
    0.283185    0.470321   -2.805902   0.148  -0.220   0.126
    0.283185    0.501676   -2.878221   0.102  -0.262   0.132
    0.283185    0.533030   -2.947173   0.078  -0.276   0.124
    0.283185    0.564385   -3.012486   0.066  -0.274   0.106
    0.283185    0.595740   -3.073424   0.070  -0.256   0.072
    0.283185    0.627094   -3.128522   0.076  -0.222   0.014
    0.283185    0.658449   -3.175415  -0.048  -0.163   0.046
    0.283185    0.689804   -3.128522  -0.076  -0.222  -0.014
    0.283185    0.721159   -3.073424  -0.070  -0.256  -0.072
    0.283185    0.752513   -3.012486  -0.066  -0.274  -0.106
    0.283185    0.783868   -2.947173  -0.078  -0.276  -0.124
    0.283185    0.815223   -2.878221  -0.102  -0.262  -0.132
    0.283185    0.846577   -2.805902  -0.148  -0.220  -0.126
    0.283185    0.877932   -2.730618  -0.202  -0.164  -0.106
    0.283185    0.909287   -2.653687  -0.258  -0.104  -0.082
    0.283185    0.940642   -2.577587  -0.304  -0.056  -0.054
    0.283185    0.971996   -2.505499  -0.334  -0.024  -0.026
    0.283185    1.003351   -2.440639  -0.356  -0.008   0.004
    0.283185    1.034706   -2.385620  -0.364  -0.010   0.038
    0.283185    1.066060   -2.341933  -0.360  -0.028   0.072
    0.283185    1.097415   -2.309719  -0.338  -0.068   0.104
    0.283185    1.128770   -2.287945  -0.300  -0.122   0.132
    0.283185    1.160125   -2.274856  -0.242  -0.188   0.146
    0.283185    1.191479   -2.268504  -0.174  -0.252   0.144
    0.283185    1.222834   -2.267079  -0.102  -0.302   0.122
    0.283185    1.254189   -2.268789  -0.046  -0.334   0.086
    0.283185    1.285544   -2.271463  -0.014  -0.348   0.044
    0.314650    0.000000   -2.299559   0.000  -0.370   0.000
    0.314650    0.031355   -2.298567   0.012  -0.368  -0.022
    0.314650    0.062709   -2.296845   0.040  -0.362  -0.048
    0.314650    0.094064   -2.296891   0.088  -0.344  -0.074
    0.314650    0.125419   -2.300727   0.152  -0.314  -0.092
    0.314650    0.156774   -2.309630   0.220  -0.268  -0.102
    0.314650    0.188128   -2.324693   0.280  -0.212  -0.094
    0.314650    0.219483   -2.347197   0.326  -0.156  -0.076
    0.314650    0.250838   -2.378502   0.352  -0.108  -0.052
    0.314650    0.282192   -2.419628   0.366  -0.068  -0.026
    0.314650    0.313547   -2.470784   0.364  -0.044   0.000
    0.314650    0.344902   -2.531104   0.354  -0.032   0.024
    0.314650    0.376257   -2.598657   0.332  -0.030   0.042
    0.314650    0.407611   -2.670770   0.300  -0.044   0.062
    0.314650    0.438966   -2.744451   0.256  -0.076   0.086
    0.314650    0.470321   -2.816838   0.200  -0.126   0.112
    0.314650    0.501676   -2.885597   0.132  -0.190   0.146
    0.314650    0.533030   -2.949334   0.064  -0.250   0.172
    0.314650    0.564385   -3.007693   0.012  -0.286   0.184
    0.314650    0.595740   -3.060659  -0.018  -0.302   0.180
    0.314650    0.627094   -3.107710  -0.036  -0.304   0.152
    0.314650    0.658449   -3.147360   0.018  -0.288  -0.035
    0.314650    0.689804   -3.107710   0.036  -0.304  -0.152
    0.314650    0.721159   -3.060659   0.018  -0.302  -0.180
    0.314650    0.752513   -3.007693  -0.012  -0.286  -0.184
    0.314650    0.783868   -2.949334  -0.064  -0.250  -0.172
    0.314650    0.815223   -2.885597  -0.132  -0.190  -0.146
    0.314650    0.846577   -2.816838  -0.200  -0.126  -0.112
    0.314650    0.877932   -2.744451  -0.256  -0.076  -0.086
    0.314650    0.909287   -2.670770  -0.300  -0.044  -0.062
    0.314650    0.940642   -2.598657  -0.332  -0.030  -0.042
    0.314650    0.971996   -2.531104  -0.354  -0.032  -0.024
    0.314650    1.003351   -2.470784  -0.364  -0.044   0.000
    0.314650    1.034706   -2.419628  -0.366  -0.068   0.026
    0.314650    1.066060   -2.378502  -0.352  -0.108   0.052
    0.314650    1.097415   -2.347197  -0.326  -0.156   0.076
    0.314650    1.128770   -2.324693  -0.280  -0.212   0.094
    0.314650    1.160125   -2.309630  -0.220  -0.268   0.102
    0.314650    1.191479   -2.300727  -0.152  -0.314   0.092
    0.314650    1.222834   -2.296891  -0.088  -0.344   0.074
    0.314650    1.254189   -2.296845  -0.040  -0.362   0.048
    0.314650    1.285544   -2.298567  -0.012  -0.368   0.022
    0.346115    0.000000   -2.335110   0.000  -0.382   0.000
    0.346115    0.031355   -2.333846   0.012  -0.382  -0.004
    0.346115    0.062709   -2.331648   0.038  -0.378  -0.012
    0.346115    0.094064   -2.331642   0.080  -0.372  -0.028
    0.346115    0.125419   -2.336205   0.134  -0.352  -0.042
    0.346115    0.156774   -2.346536   0.198  -0.320  -0.050
    0.346115    0.188128   -2.363312   0.258  -0.276  -0.048
    0.346115    0.219483   -2.387226   0.306  -0.226  -0.038
    0.346115    0.250838   -2.419071   0.340  -0.174  -0.022
    0.346115    0.282192   -2.459461   0.360  -0.130   0.000
    0.346115    0.313547   -2.508466   0.366  -0.090   0.018
    0.346115    0.344902   -2.565343   0.364  -0.062   0.034
    0.346115    0.376257   -2.628495   0.350  -0.042   0.046
    0.346115    0.407611   -2.695640   0.328  -0.032   0.056
    0.346115    0.438966   -2.764132   0.300  -0.030   0.064
    0.346115    0.470321   -2.831315   0.260  -0.046   0.076
    0.346115    0.501676   -2.894824   0.206  -0.084   0.100
    0.346115    0.533030   -2.952772   0.138  -0.146   0.134
    0.346115    0.564385   -3.003938   0.058  -0.224   0.178
    0.346115    0.595740   -3.048012  -0.016  -0.284   0.206
    0.346115    0.627094   -3.085202  -0.068  -0.316   0.206
    0.346115    0.658449   -3.115168   0.083  -0.323  -0.137
    0.346115    0.689804   -3.085202   0.068  -0.316  -0.206
    0.346115    0.721159   -3.048012   0.016  -0.284  -0.206
    0.346115    0.752513   -3.003938  -0.058  -0.224  -0.178
    0.346115    0.783868   -2.952772  -0.138  -0.146  -0.134
    0.346115    0.815223   -2.894824  -0.206  -0.084  -0.100
    0.346115    0.846577   -2.831315  -0.260  -0.046  -0.076
    0.346115    0.877932   -2.764132  -0.300  -0.030  -0.064
    0.346115    0.909287   -2.695640  -0.328  -0.032  -0.056
    0.346115    0.940642   -2.628495  -0.350  -0.042  -0.046
    0.346115    0.971996   -2.565343  -0.364  -0.062  -0.034
    0.346115    1.003351   -2.508466  -0.366  -0.090  -0.018
    0.346115    1.034706   -2.459461  -0.360  -0.130   0.000
    0.346115    1.066060   -2.419071  -0.340  -0.174   0.022
    0.346115    1.097415   -2.387226  -0.306  -0.226   0.038
    0.346115    1.128770   -2.363312  -0.258  -0.276   0.048
    0.346115    1.160125   -2.346536  -0.198  -0.320   0.050
    0.346115    1.191479   -2.336205  -0.134  -0.352   0.042
    0.346115    1.222834   -2.331642  -0.080  -0.372   0.028
    0.346115    1.254189   -2.331648  -0.038  -0.378   0.012
    0.346115    1.285544   -2.333846  -0.012  -0.382   0.004
    0.377580    0.000000   -2.380441   0.000  -0.392   0.000
    0.377580    0.031355   -2.378465   0.012  -0.392   0.012
    0.377580    0.062709   -2.374623   0.036  -0.390   0.016
    0.377580    0.094064   -2.373016   0.074  -0.386   0.012
    0.377580    0.125419   -2.376722   0.122  -0.374   0.002
    0.377580    0.156774   -2.387148   0.178  -0.352  -0.004
    0.377580    0.188128   -2.404772   0.234  -0.318  -0.002
    0.377580    0.219483   -2.429860   0.284  -0.274   0.006
    0.377580    0.250838   -2.462682   0.320  -0.228   0.016
    0.377580    0.282192   -2.503380   0.344  -0.182   0.030
    0.377580    0.313547   -2.551688   0.358  -0.140   0.044
    0.377580    0.344902   -2.606713   0.362  -0.104   0.054
    0.377580    0.376257   -2.666876   0.358  -0.070   0.060
    0.377580    0.407611   -2.730016   0.346  -0.042   0.064
    0.377580    0.438966   -2.793634   0.324  -0.022   0.062
    0.377580    0.470321   -2.855206   0.298  -0.008   0.058
    0.377580    0.501676   -2.912518   0.264  -0.010   0.058
    0.377580    0.533030   -2.963889   0.222  -0.030   0.068
    0.377580    0.564385   -3.008170   0.162  -0.090   0.100
    0.377580    0.595740   -3.044476   0.074  -0.192   0.162
    0.377580    0.627094   -3.072138  -0.038  -0.292   0.214
    0.377580    0.658449   -3.091224   0.116  -0.323  -0.188
    0.377580    0.689804   -3.072138   0.038  -0.292  -0.214
    0.377580    0.721159   -3.044476  -0.074  -0.192  -0.162
    0.377580    0.752513   -3.008170  -0.162  -0.090  -0.100
    0.377580    0.783868   -2.963889  -0.222  -0.030  -0.068
    0.377580    0.815223   -2.912518  -0.264  -0.010  -0.058
    0.377580    0.846577   -2.855206  -0.298  -0.008  -0.058
    0.377580    0.877932   -2.793634  -0.324  -0.022  -0.062
    0.377580    0.909287   -2.730016  -0.346  -0.042  -0.064
    0.377580    0.940642   -2.666876  -0.358  -0.070  -0.060
    0.377580    0.971996   -2.606713  -0.362  -0.104  -0.054
    0.377580    1.003351   -2.551688  -0.358  -0.140  -0.044
    0.377580    1.034706   -2.503380  -0.344  -0.182  -0.030
    0.377580    1.066060   -2.462682  -0.320  -0.228  -0.016
    0.377580    1.097415   -2.429860  -0.284  -0.274  -0.006
    0.377580    1.128770   -2.404772  -0.234  -0.318   0.002
    0.377580    1.160125   -2.387148  -0.178  -0.352   0.004
    0.377580    1.191479   -2.376722  -0.122  -0.374  -0.002
    0.377580    1.222834   -2.373016  -0.074  -0.386  -0.012
    0.377580    1.254189   -2.374623  -0.036  -0.390  -0.016
    0.377580    1.285544   -2.378465  -0.012  -0.392  -0.012
    0.409045    0.000000   -2.435268   0.000  -0.396   0.000
    0.409045    0.031355   -2.432316   0.016  -0.398   0.030
    0.409045    0.062709   -2.426091   0.038  -0.396   0.044
    0.409045    0.094064   -2.421792   0.072  -0.392   0.046
    0.409045    0.125419   -2.423388   0.114  -0.386   0.044
    0.409045    0.156774   -2.432691   0.164  -0.368   0.040
    0.409045    0.188128   -2.450153   0.214  -0.344   0.042
    0.409045    0.219483   -2.475742   0.260  -0.306   0.046
    0.409045    0.250838   -2.509319   0.298  -0.268   0.056
    0.409045    0.282192   -2.550605   0.328  -0.226   0.064
    0.409045    0.313547   -2.598990   0.346  -0.184   0.074
    0.409045    0.344902   -2.653353   0.354  -0.144   0.082
    0.409045    0.376257   -2.712003   0.354  -0.106   0.086
    0.409045    0.407611   -2.772727   0.348  -0.072   0.082
    0.409045    0.438966   -2.832975   0.336  -0.038   0.076
    0.409045    0.470321   -2.890127   0.318  -0.006   0.066
    0.409045    0.501676   -2.941844   0.294   0.022   0.046
    0.409045    0.533030   -2.986428   0.268   0.044   0.026
    0.409045    0.564385   -3.023052   0.240   0.054   0.014
    0.409045    0.595740   -3.051630   0.208   0.032   0.020
    0.409045    0.627094   -3.072165   0.132  -0.090   0.096
    0.409045    0.658449   -3.082097   0.039  -0.320  -0.064
    0.409045    0.689804   -3.072165  -0.132  -0.090  -0.096
    0.409045    0.721159   -3.051630  -0.208   0.032  -0.020
    0.409045    0.752513   -3.023052  -0.240   0.054  -0.014
    0.409045    0.783868   -2.986428  -0.268   0.044  -0.026
    0.409045    0.815223   -2.941844  -0.294   0.022  -0.046
    0.409045    0.846577   -2.890127  -0.318  -0.006  -0.066
    0.409045    0.877932   -2.832975  -0.336  -0.038  -0.076
    0.409045    0.909287   -2.772727  -0.348  -0.072  -0.082
    0.409045    0.940642   -2.712003  -0.354  -0.106  -0.086
    0.409045    0.971996   -2.653353  -0.354  -0.144  -0.082
    0.409045    1.003351   -2.598990  -0.346  -0.184  -0.074
    0.409045    1.034706   -2.550605  -0.328  -0.226  -0.064
    0.409045    1.066060   -2.509319  -0.298  -0.268  -0.056
    0.409045    1.097415   -2.475742  -0.260  -0.306  -0.046
    0.409045    1.128770   -2.450153  -0.214  -0.344  -0.042
    0.409045    1.160125   -2.432691  -0.164  -0.368  -0.040
    0.409045    1.191479   -2.423388  -0.114  -0.386  -0.044
    0.409045    1.222834   -2.421792  -0.072  -0.392  -0.046
    0.409045    1.254189   -2.426091  -0.038  -0.396  -0.044
    0.409045    1.285544   -2.432316  -0.016  -0.398  -0.030
    0.440510    0.000000   -2.435268   0.000   0.396   0.000
    0.440510    0.031355   -2.432317   0.016   0.398   0.030
    0.440510    0.062709   -2.426091   0.038   0.396   0.044
    0.440510    0.094064   -2.421792   0.072   0.392   0.046
    0.440510    0.125419   -2.423388   0.114   0.386   0.044
    0.440510    0.156774   -2.432691   0.164   0.368   0.040
    0.440510    0.188128   -2.450153   0.214   0.344   0.042
    0.440510    0.219483   -2.475742   0.260   0.306   0.046
    0.440510    0.250838   -2.509319   0.298   0.268   0.056
    0.440510    0.282192   -2.550605   0.328   0.226   0.064
    0.440510    0.313547   -2.598990   0.346   0.184   0.074
    0.440510    0.344902   -2.653353   0.354   0.144   0.082
    0.440510    0.376257   -2.712003   0.354   0.106   0.086
    0.440510    0.407611   -2.772727   0.348   0.072   0.082
    0.440510    0.438966   -2.832975   0.336   0.038   0.076
    0.440510    0.470321   -2.890127   0.318   0.006   0.066
    0.440510    0.501676   -2.941844   0.294  -0.022   0.046
    0.440510    0.533030   -2.986428   0.268  -0.044   0.026
    0.440510    0.564385   -3.023052   0.240  -0.054   0.014
    0.440510    0.595740   -3.051630   0.208  -0.032   0.020
    0.440510    0.627094   -3.072165   0.132   0.090   0.096
    0.440510    0.658449   -3.082097  -0.061   0.320   0.102
    0.440510    0.689804   -3.072165  -0.132   0.090  -0.096
    0.440510    0.721159   -3.051630  -0.208  -0.032  -0.020
    0.440510    0.752513   -3.023052  -0.240  -0.054  -0.014
    0.440510    0.783868   -2.986428  -0.268  -0.044  -0.026
    0.440510    0.815223   -2.941844  -0.294  -0.022  -0.046
    0.440510    0.846577   -2.890127  -0.318   0.006  -0.066
    0.440510    0.877932   -2.832975  -0.336   0.038  -0.076
    0.440510    0.909287   -2.772727  -0.348   0.072  -0.082
    0.440510    0.940642   -2.712003  -0.354   0.106  -0.086
    0.440510    0.971996   -2.653353  -0.354   0.144  -0.082
    0.440510    1.003351   -2.598990  -0.346   0.184  -0.074
    0.440510    1.034706   -2.550605  -0.328   0.226  -0.064
    0.440510    1.066060   -2.509319  -0.298   0.268  -0.056
    0.440510    1.097415   -2.475742  -0.260   0.306  -0.046
    0.440510    1.128770   -2.450153  -0.214   0.344  -0.042
    0.440510    1.160125   -2.432691  -0.164   0.368  -0.040
    0.440510    1.191479   -2.423388  -0.114   0.386  -0.044
    0.440510    1.222834   -2.421792  -0.072   0.392  -0.046
    0.440510    1.254189   -2.426091  -0.038   0.396  -0.044
    0.440510    1.285544   -2.432317  -0.016   0.398  -0.030
    0.471975    0.000000   -2.380441   0.000   0.392   0.000
    0.471975    0.031355   -2.378465   0.012   0.392   0.012
    0.471975    0.062709   -2.374623   0.036   0.390   0.016
    0.471975    0.094064   -2.373016   0.074   0.386   0.012
    0.471975    0.125419   -2.376723   0.122   0.374   0.002
    0.471975    0.156774   -2.387148   0.178   0.352  -0.004
    0.471975    0.188128   -2.404773   0.234   0.318  -0.002
    0.471975    0.219483   -2.429860   0.284   0.274   0.006
    0.471975    0.250838   -2.462682   0.320   0.228   0.016
    0.471975    0.282192   -2.503380   0.344   0.182   0.030
    0.471975    0.313547   -2.551689   0.358   0.140   0.044
    0.471975    0.344902   -2.606713   0.362   0.104   0.054
    0.471975    0.376257   -2.666876   0.358   0.070   0.060
    0.471975    0.407611   -2.730016   0.346   0.042   0.064
    0.471975    0.438966   -2.793634   0.324   0.022   0.062
    0.471975    0.470321   -2.855206   0.298   0.008   0.058
    0.471975    0.501676   -2.912518   0.264   0.010   0.058
    0.471975    0.533030   -2.963889   0.222   0.030   0.068
    0.471975    0.564385   -3.008170   0.162   0.090   0.100
    0.471975    0.595740   -3.044476   0.074   0.192   0.162
    0.471975    0.627094   -3.072138  -0.038   0.292   0.214
    0.471975    0.658449   -3.091224  -0.051   0.323   0.083
    0.471975    0.689804   -3.072138   0.038   0.292  -0.214
    0.471975    0.721159   -3.044476  -0.074   0.192  -0.162
    0.471975    0.752513   -3.008170  -0.162   0.090  -0.100
    0.471975    0.783868   -2.963889  -0.222   0.030  -0.068
    0.471975    0.815223   -2.912518  -0.264   0.010  -0.058
    0.471975    0.846577   -2.855206  -0.298   0.008  -0.058
    0.471975    0.877932   -2.793634  -0.324   0.022  -0.062
    0.471975    0.909287   -2.730016  -0.346   0.042  -0.064
    0.471975    0.940642   -2.666876  -0.358   0.070  -0.060
    0.471975    0.971996   -2.606713  -0.362   0.104  -0.054
    0.471975    1.003351   -2.551689  -0.358   0.140  -0.044
    0.471975    1.034706   -2.503380  -0.344   0.182  -0.030
    0.471975    1.066060   -2.462682  -0.320   0.228  -0.016
    0.471975    1.097415   -2.429860  -0.284   0.274  -0.006
    0.471975    1.128770   -2.404773  -0.234   0.318   0.002
    0.471975    1.160125   -2.387148  -0.178   0.352   0.004
    0.471975    1.191479   -2.376723  -0.122   0.374  -0.002
    0.471975    1.222834   -2.373016  -0.074   0.386  -0.012
    0.471975    1.254189   -2.374623  -0.036   0.390  -0.016
    0.471975    1.285544   -2.378465  -0.012   0.392  -0.012
    0.503440    0.000000   -2.335110   0.000   0.382   0.000
    0.503440    0.031355   -2.333846   0.012   0.382  -0.004
    0.503440    0.062709   -2.331648   0.038   0.378  -0.012
    0.503440    0.094064   -2.331642   0.080   0.372  -0.028
    0.503440    0.125419   -2.336205   0.134   0.352  -0.042
    0.503440    0.156774   -2.346536   0.198   0.320  -0.050
    0.503440    0.188128   -2.363312   0.258   0.276  -0.048
    0.503440    0.219483   -2.387226   0.306   0.226  -0.038
    0.503440    0.250838   -2.419071   0.340   0.174  -0.022
    0.503440    0.282192   -2.459461   0.360   0.130   0.000
    0.503440    0.313547   -2.508466   0.366   0.090   0.018
    0.503440    0.344902   -2.565343   0.364   0.062   0.034
    0.503440    0.376257   -2.628495   0.350   0.042   0.046
    0.503440    0.407611   -2.695640   0.328   0.032   0.056
    0.503440    0.438966   -2.764132   0.300   0.030   0.064
    0.503440    0.470321   -2.831315   0.260   0.046   0.076
    0.503440    0.501676   -2.894824   0.206   0.084   0.100
    0.503440    0.533030   -2.952771   0.138   0.146   0.134
    0.503440    0.564385   -3.003938   0.058   0.224   0.178
    0.503440    0.595740   -3.048012  -0.016   0.284   0.206
    0.503440    0.627094   -3.085202  -0.068   0.316   0.206
    0.503440    0.658449   -3.115168   0.058   0.323  -0.093
    0.503440    0.689804   -3.085202   0.068   0.316  -0.206
    0.503440    0.721159   -3.048012   0.016   0.284  -0.206
    0.503440    0.752513   -3.003938  -0.058   0.224  -0.178
    0.503440    0.783868   -2.952771  -0.138   0.146  -0.134
    0.503440    0.815223   -2.894824  -0.206   0.084  -0.100
    0.503440    0.846577   -2.831315  -0.260   0.046  -0.076
    0.503440    0.877932   -2.764132  -0.300   0.030  -0.064
    0.503440    0.909287   -2.695640  -0.328   0.032  -0.056
    0.503440    0.940642   -2.628495  -0.350   0.042  -0.046
    0.503440    0.971996   -2.565343  -0.364   0.062  -0.034
    0.503440    1.003351   -2.508466  -0.366   0.090  -0.018
    0.503440    1.034706   -2.459461  -0.360   0.130   0.000
    0.503440    1.066060   -2.419071  -0.340   0.174   0.022
    0.503440    1.097415   -2.387226  -0.306   0.226   0.038
    0.503440    1.128770   -2.363312  -0.258   0.276   0.048
    0.503440    1.160125   -2.346536  -0.198   0.320   0.050
    0.503440    1.191479   -2.336205  -0.134   0.352   0.042
    0.503440    1.222834   -2.331642  -0.080   0.372   0.028
    0.503440    1.254189   -2.331648  -0.038   0.378   0.012
    0.503440    1.285544   -2.333846  -0.012   0.382   0.004
    0.534905    0.000000   -2.299559   0.000   0.370   0.000
    0.534905    0.031355   -2.298567   0.012   0.368  -0.022
    0.534905    0.062709   -2.296845   0.040   0.362  -0.048
    0.534905    0.094064   -2.296892   0.088   0.344  -0.074
    0.534905    0.125419   -2.300727   0.152   0.314  -0.092
    0.534905    0.156774   -2.309630   0.220   0.268  -0.102
    0.534905    0.188128   -2.324694   0.280   0.212  -0.094
    0.534905    0.219483   -2.347197   0.326   0.156  -0.076
    0.534905    0.250838   -2.378502   0.352   0.108  -0.052
    0.534905    0.282192   -2.419628   0.366   0.068  -0.026
    0.534905    0.313547   -2.470784   0.364   0.044   0.000
    0.534905    0.344902   -2.531104   0.354   0.032   0.024
    0.534905    0.376257   -2.598657   0.332   0.030   0.042
    0.534905    0.407611   -2.670770   0.300   0.044   0.062
    0.534905    0.438966   -2.744451   0.256   0.076   0.086
    0.534905    0.470321   -2.816838   0.200   0.126   0.112
    0.534905    0.501676   -2.885597   0.132   0.190   0.146
    0.534905    0.533030   -2.949334   0.064   0.250   0.172
    0.534905    0.564385   -3.007693   0.012   0.286   0.184
    0.534905    0.595740   -3.060659  -0.018   0.302   0.180
    0.534905    0.627094   -3.107710  -0.036   0.304   0.152
    0.534905    0.658449   -3.147360   0.038   0.287  -0.071
    0.534905    0.689804   -3.107710   0.036   0.304  -0.152
    0.534905    0.721159   -3.060659   0.018   0.302  -0.180
    0.534905    0.752513   -3.007693  -0.012   0.286  -0.184
    0.534905    0.783868   -2.949334  -0.064   0.250  -0.172
    0.534905    0.815223   -2.885597  -0.132   0.190  -0.146
    0.534905    0.846577   -2.816838  -0.200   0.126  -0.112
    0.534905    0.877932   -2.744451  -0.256   0.076  -0.086
    0.534905    0.909287   -2.670770  -0.300   0.044  -0.062
    0.534905    0.940642   -2.598657  -0.332   0.030  -0.042
    0.534905    0.971996   -2.531104  -0.354   0.032  -0.024
    0.534905    1.003351   -2.470784  -0.364   0.044   0.000
    0.534905    1.034706   -2.419628  -0.366   0.068   0.026
    0.534905    1.066060   -2.378502  -0.352   0.108   0.052
    0.534905    1.097415   -2.347197  -0.326   0.156   0.076
    0.534905    1.128770   -2.324694  -0.280   0.212   0.094
    0.534905    1.160125   -2.309630  -0.220   0.268   0.102
    0.534905    1.191479   -2.300727  -0.152   0.314   0.092
    0.534905    1.222834   -2.296892  -0.088   0.344   0.074
    0.534905    1.254189   -2.296845  -0.040   0.362   0.048
    0.534905    1.285544   -2.298567  -0.012   0.368   0.022
    0.566370    0.000000   -2.272737   0.000   0.354   0.000
    0.566370    0.031355   -2.271463   0.014   0.348  -0.044
    0.566370    0.062709   -2.268789   0.046   0.334  -0.086
    0.566370    0.094064   -2.267079   0.102   0.302  -0.122
    0.566370    0.125419   -2.268504   0.174   0.252  -0.144
    0.566370    0.156774   -2.274856   0.242   0.188  -0.146
    0.566370    0.188128   -2.287945   0.300   0.122  -0.132
    0.566370    0.219483   -2.309719   0.338   0.068  -0.104
    0.566370    0.250838   -2.341933   0.360   0.028  -0.072
    0.566370    0.282192   -2.385620   0.364   0.010  -0.038
    0.566370    0.313547   -2.440639   0.356   0.008  -0.004
    0.566370    0.344902   -2.505499   0.334   0.024   0.026
    0.566370    0.376257   -2.577587   0.304   0.056   0.054
    0.566370    0.407611   -2.653687   0.258   0.104   0.082
    0.566370    0.438966   -2.730618   0.202   0.164   0.106
    0.566370    0.470321   -2.805902   0.148   0.220   0.126
    0.566370    0.501676   -2.878221   0.102   0.262   0.132
    0.566370    0.533030   -2.947173   0.078   0.276   0.124
    0.566370    0.564385   -3.012486   0.066   0.274   0.106
    0.566370    0.595740   -3.073424   0.070   0.256   0.072
    0.566370    0.627094   -3.128522   0.076   0.222   0.014
    0.566370    0.658449   -3.175415   0.022   0.163  -0.020
    0.566370    0.689804   -3.128522  -0.076   0.222  -0.014
    0.566370    0.721159   -3.073424  -0.070   0.256  -0.072
    0.566370    0.752513   -3.012486  -0.066   0.274  -0.106
    0.566370    0.783868   -2.947173  -0.078   0.276  -0.124
    0.566370    0.815223   -2.878221  -0.102   0.262  -0.132
    0.566370    0.846577   -2.805902  -0.148   0.220  -0.126
    0.566370    0.877932   -2.730618  -0.202   0.164  -0.106
    0.566370    0.909287   -2.653687  -0.258   0.104  -0.082
    0.566370    0.940642   -2.577587  -0.304   0.056  -0.054
    0.566370    0.971996   -2.505499  -0.334   0.024  -0.026
    0.566370    1.003351   -2.440639  -0.356   0.008   0.004
    0.566370    1.034706   -2.385620  -0.364   0.010   0.038
    0.566370    1.066060   -2.341933  -0.360   0.028   0.072
    0.566370    1.097415   -2.309719  -0.338   0.068   0.104
    0.566370    1.128770   -2.287945  -0.300   0.122   0.132
    0.566370    1.160125   -2.274856  -0.242   0.188   0.146
    0.566370    1.191479   -2.268504  -0.174   0.252   0.144
    0.566370    1.222834   -2.267079  -0.102   0.302   0.122
    0.566370    1.254189   -2.268789  -0.046   0.334   0.086
    0.566370    1.285544   -2.271463  -0.014   0.348   0.044
    0.597835    0.000000   -2.252734   0.000   0.336   0.000
    0.597835    0.031355   -2.250523   0.020   0.322  -0.070
    0.597835    0.062709   -2.245234   0.060   0.288  -0.132
    0.597835    0.094064   -2.239806   0.126   0.228  -0.172
    0.597835    0.125419   -2.237347   0.200   0.152  -0.188
    0.597835    0.156774   -2.240815   0.266   0.074  -0.182
    0.597835    0.188128   -2.252964   0.314   0.012  -0.154
    0.597835    0.219483   -2.276090   0.346  -0.028  -0.118
    0.597835    0.250838   -2.311641   0.358  -0.042  -0.076
    0.597835    0.282192   -2.359827   0.354  -0.032  -0.034
    0.597835    0.313547   -2.419406   0.336   0.004   0.006
    0.597835    0.344902   -2.487824   0.302   0.062   0.042
    0.597835    0.376257   -2.561803   0.258   0.132   0.068
    0.597835    0.407611   -2.638220   0.212   0.196   0.084
    0.597835    0.438966   -2.714924   0.178   0.240   0.086
    0.597835    0.470321   -2.790855   0.160   0.256   0.076
    0.597835    0.501676   -2.865499   0.156   0.256   0.056
    0.597835    0.533030   -2.938365   0.160   0.242   0.030
    0.597835    0.564385   -3.008685   0.172   0.218  -0.004
    0.597835    0.595740   -3.075258   0.182   0.182  -0.050
    0.597835    0.627094   -3.136299   0.190   0.130  -0.108
    0.597835    0.658449   -3.189346  -0.153   0.068   0.147
    0.597835    0.689804   -3.136299  -0.190   0.130   0.108
    0.597835    0.721159   -3.075258  -0.182   0.182   0.050
    0.597835    0.752513   -3.008685  -0.172   0.218   0.004
    0.597835    0.783868   -2.938365  -0.160   0.242  -0.030
    0.597835    0.815223   -2.865499  -0.156   0.256  -0.056
    0.597835    0.846577   -2.790855  -0.160   0.256  -0.076
    0.597835    0.877932   -2.714924  -0.178   0.240  -0.086
    0.597835    0.909287   -2.638220  -0.212   0.196  -0.084
    0.597835    0.940642   -2.561803  -0.258   0.132  -0.068
    0.597835    0.971996   -2.487824  -0.302   0.062  -0.042
    0.597835    1.003351   -2.419406  -0.336   0.004  -0.006
    0.597835    1.034706   -2.359827  -0.354  -0.032   0.034
    0.597835    1.066060   -2.311641  -0.358  -0.042   0.076
    0.597835    1.097415   -2.276090  -0.346  -0.028   0.118
    0.597835    1.128770   -2.252964  -0.314   0.012   0.154
    0.597835    1.160125   -2.240815  -0.266   0.074   0.182
    0.597835    1.191479   -2.237347  -0.200   0.152   0.188
    0.597835    1.222834   -2.239806  -0.126   0.228   0.172
    0.597835    1.254189   -2.245234  -0.060   0.288   0.132
    0.597835    1.285544   -2.250523  -0.020   0.322   0.070
    0.629300    0.000000   -2.237417   0.000   0.314   0.000
    0.629300    0.031355   -2.233356   0.032   0.284  -0.108
    0.629300    0.062709   -2.223335   0.088   0.208  -0.180
    0.629300    0.094064   -2.212187   0.160   0.112  -0.212
    0.629300    0.125419   -2.205276   0.228   0.018  -0.210
    0.629300    0.156774   -2.207309   0.282  -0.060  -0.190
    0.629300    0.188128   -2.221507   0.318  -0.106  -0.154
    0.629300    0.219483   -2.249339   0.342  -0.118  -0.112
    0.629300    0.250838   -2.290605   0.348  -0.090  -0.062
    0.629300    0.282192   -2.343589   0.332  -0.026  -0.014
    0.629300    0.313547   -2.405492   0.296   0.068   0.030
    0.629300    0.344902   -2.473345   0.254   0.156   0.054
    0.629300    0.376257   -2.544887   0.222   0.216   0.060
    0.629300    0.407611   -2.618696   0.208   0.242   0.052
    0.629300    0.438966   -2.693817   0.208   0.250   0.034
    0.629300    0.470321   -2.769531   0.216   0.242   0.012
    0.629300    0.501676   -2.845188   0.228   0.228  -0.014
    0.629300    0.533030   -2.920096   0.242   0.206  -0.042
    0.629300    0.564385   -2.993381   0.252   0.178  -0.078
    0.629300    0.595740   -3.063849   0.258   0.140  -0.114
    0.629300    0.627094   -3.129851   0.260   0.094  -0.160
    0.629300    0.658449   -3.189164  -0.205   0.041   0.175
    0.629300    0.689804   -3.129851  -0.260   0.094   0.160
    0.629300    0.721159   -3.063849  -0.258   0.140   0.114
    0.629300    0.752513   -2.993381  -0.252   0.178   0.078
    0.629300    0.783868   -2.920096  -0.242   0.206   0.042
    0.629300    0.815223   -2.845188  -0.228   0.228   0.014
    0.629300    0.846577   -2.769531  -0.216   0.242  -0.012
    0.629300    0.877932   -2.693817  -0.208   0.250  -0.034
    0.629300    0.909287   -2.618696  -0.208   0.242  -0.052
    0.629300    0.940642   -2.544887  -0.222   0.216  -0.060
    0.629300    0.971996   -2.473345  -0.254   0.156  -0.054
    0.629300    1.003351   -2.405492  -0.296   0.068  -0.030
    0.629300    1.034706   -2.343589  -0.332  -0.026   0.014
    0.629300    1.066060   -2.290605  -0.348  -0.090   0.062
    0.629300    1.097415   -2.249339  -0.342  -0.118   0.112
    0.629300    1.128770   -2.221507  -0.318  -0.106   0.154
    0.629300    1.160125   -2.207309  -0.282  -0.060   0.190
    0.629300    1.191479   -2.205276  -0.228   0.018   0.210
    0.629300    1.222834   -2.212187  -0.160   0.112   0.212
    0.629300    1.254189   -2.223335  -0.088   0.208   0.180
    0.629300    1.285544   -2.233356  -0.032   0.284   0.108
    0.660765    0.000000   -2.224934   0.000   0.294   0.000
    0.660765    0.031355   -2.217232   0.068   0.206  -0.164
    0.660765    0.062709   -2.199507   0.136   0.068  -0.218
    0.660765    0.094064   -2.181437   0.194  -0.046  -0.218
    0.660765    0.125419   -2.171887   0.242  -0.132  -0.198
    0.660765    0.156774   -2.176607   0.278  -0.188  -0.168
    0.660765    0.188128   -2.197433   0.310  -0.208  -0.130
    0.660765    0.219483   -2.233071   0.330  -0.176  -0.084
    0.660765    0.250838   -2.280059   0.324  -0.076  -0.026
    0.660765    0.282192   -2.334379   0.284   0.066   0.026
    0.660765    0.313547   -2.393921   0.242   0.170   0.050
    0.660765    0.344902   -2.458063   0.224   0.220   0.052
    0.660765    0.376257   -2.526038   0.228   0.238   0.038
    0.660765    0.407611   -2.596913   0.242   0.240   0.018
    0.660765    0.438966   -2.669869   0.258   0.232  -0.006
    0.660765    0.470321   -2.744253   0.274   0.218  -0.030
    0.660765    0.501676   -2.819481   0.288   0.200  -0.058
    0.660765    0.533030   -2.894913   0.298   0.180  -0.084
    0.660765    0.564385   -2.969747   0.304   0.152  -0.114
    0.660765    0.595740   -3.042920   0.306   0.120  -0.146
    0.660765    0.627094   -3.113000   0.302   0.082  -0.182
    0.660765    0.658449   -3.178067  -0.127   0.039   0.098
    0.660765    0.689804   -3.113000  -0.302   0.082   0.182
    0.660765    0.721159   -3.042920  -0.306   0.120   0.146
    0.660765    0.752513   -2.969747  -0.304   0.152   0.114
    0.660765    0.783868   -2.894913  -0.298   0.180   0.084
    0.660765    0.815223   -2.819481  -0.288   0.200   0.058
    0.660765    0.846577   -2.744253  -0.274   0.218   0.030
    0.660765    0.877932   -2.669869  -0.258   0.232   0.006
    0.660765    0.909287   -2.596913  -0.242   0.240  -0.018
    0.660765    0.940642   -2.526038  -0.228   0.238  -0.038
    0.660765    0.971996   -2.458063  -0.224   0.220  -0.052
    0.660765    1.003351   -2.393921  -0.242   0.170  -0.050
    0.660765    1.034706   -2.334379  -0.284   0.066  -0.026
    0.660765    1.066060   -2.280059  -0.324  -0.076   0.026
    0.660765    1.097415   -2.233071  -0.330  -0.176   0.084
    0.660765    1.128770   -2.197433  -0.310  -0.208   0.130
    0.660765    1.160125   -2.176607  -0.278  -0.188   0.168
    0.660765    1.191479   -2.171887  -0.242  -0.132   0.198
    0.660765    1.222834   -2.181437  -0.194  -0.046   0.218
    0.660765    1.254189   -2.199507  -0.136   0.068   0.218
    0.660765    1.285544   -2.217232  -0.068   0.206   0.164
    0.692230    0.000000   -2.214009   0.000   0.272   0.000
    0.692230    0.031355   -2.197705   0.140   0.018  -0.206
    0.692230    0.062709   -2.169913   0.178  -0.106  -0.198
    0.692230    0.094064   -2.146855   0.210  -0.190  -0.178
    0.692230    0.125419   -2.139993   0.234  -0.250  -0.152
    0.692230    0.156774   -2.153367   0.258  -0.282  -0.124
    0.692230    0.188128   -2.184795   0.292  -0.278  -0.088
    0.692230    0.219483   -2.228216   0.310  -0.164  -0.030
    0.692230    0.250838   -2.276155   0.262   0.052   0.038
    0.692230    0.282192   -2.327536   0.224   0.172   0.060
    0.692230    0.313547   -2.383760   0.222   0.216   0.058
    0.692230    0.344902   -2.444453   0.240   0.226   0.042
    0.692230    0.376257   -2.508803   0.264   0.224   0.020
    0.692230    0.407611   -2.576161   0.286   0.216  -0.004
    0.692230    0.438966   -2.646068   0.306   0.204  -0.028
    0.692230    0.470321   -2.718130   0.320   0.190  -0.056
    0.692230    0.501676   -2.791918   0.330   0.174  -0.082
    0.692230    0.533030   -2.866880   0.338   0.154  -0.108
    0.692230    0.564385   -2.942287   0.340   0.134  -0.134
    0.692230    0.595740   -3.017184   0.338   0.106  -0.164
    0.692230    0.627094   -3.090337   0.330   0.076  -0.192
    0.692230    0.658449   -3.160122   0.184   0.041  -0.128
    0.692230    0.689804   -3.090337  -0.330   0.076   0.192
    0.692230    0.721159   -3.017184  -0.338   0.106   0.164
    0.692230    0.752513   -2.942287  -0.340   0.134   0.134
    0.692230    0.783868   -2.866880  -0.338   0.154   0.108
    0.692230    0.815223   -2.791918  -0.330   0.174   0.082
    0.692230    0.846577   -2.718130  -0.320   0.190   0.056
    0.692230    0.877932   -2.646068  -0.306   0.204   0.028
    0.692230    0.909287   -2.576161  -0.286   0.216   0.004
    0.692230    0.940642   -2.508803  -0.264   0.224  -0.020
    0.692230    0.971996   -2.444453  -0.240   0.226  -0.042
    0.692230    1.003351   -2.383760  -0.222   0.216  -0.058
    0.692230    1.034706   -2.327536  -0.224   0.172  -0.060
    0.692230    1.066060   -2.276155  -0.262   0.052  -0.038
    0.692230    1.097415   -2.228216  -0.310  -0.164   0.030
    0.692230    1.128770   -2.184795  -0.292  -0.278   0.088
    0.692230    1.160125   -2.153367  -0.258  -0.282   0.124
    0.692230    1.191479   -2.139993  -0.234  -0.250   0.152
    0.692230    1.222834   -2.146855  -0.210  -0.190   0.178
    0.692230    1.254189   -2.169913  -0.178  -0.106   0.198
    0.692230    1.285544   -2.197705  -0.140   0.018   0.206
    0.723695    0.000000   -2.192293   0.000  -0.228   0.000
    0.723695    0.031355   -2.169328   0.172  -0.170  -0.146
    0.723695    0.062709   -2.133524   0.192  -0.230  -0.142
    0.723695    0.094064   -2.111536   0.196  -0.282  -0.122
    0.723695    0.125419   -2.114927   0.202  -0.320  -0.096
    0.723695    0.156774   -2.141761   0.222  -0.342  -0.066
    0.723695    0.188128   -2.184059   0.270  -0.296  -0.018
    0.723695    0.219483   -2.229026   0.234   0.008   0.070
    0.723695    0.250838   -2.274279   0.198   0.160   0.086
    0.723695    0.282192   -2.323834   0.214   0.198   0.078
    0.723695    0.313547   -2.377460   0.246   0.204   0.062
    0.723695    0.344902   -2.434556   0.276   0.200   0.038
    0.723695    0.376257   -2.494830   0.306   0.192   0.012
    0.723695    0.407611   -2.558198   0.328   0.182  -0.016
    0.723695    0.438966   -2.624600   0.342   0.170  -0.044
    0.723695    0.470321   -2.693884   0.354   0.160  -0.072
    0.723695    0.501676   -2.765736   0.360   0.146  -0.098
    0.723695    0.533030   -2.839662   0.364   0.128  -0.122
    0.723695    0.564385   -2.914982   0.364   0.110  -0.148
    0.723695    0.595740   -2.990822   0.360   0.090  -0.172
    0.723695    0.627094   -3.066095   0.352   0.068  -0.196
    0.723695    0.658449   -3.139437  -0.238   0.039   0.157
    0.723695    0.689804   -3.066095  -0.352   0.068   0.196
    0.723695    0.721159   -2.990822  -0.360   0.090   0.172
    0.723695    0.752513   -2.914982  -0.364   0.110   0.148
    0.723695    0.783868   -2.839662  -0.364   0.128   0.122
    0.723695    0.815223   -2.765736  -0.360   0.146   0.098
    0.723695    0.846577   -2.693884  -0.354   0.160   0.072
    0.723695    0.877932   -2.624600  -0.342   0.170   0.044
    0.723695    0.909287   -2.558198  -0.328   0.182   0.016
    0.723695    0.940642   -2.494830  -0.306   0.192  -0.012
    0.723695    0.971996   -2.434556  -0.276   0.200  -0.038
    0.723695    1.003351   -2.377460  -0.246   0.204  -0.062
    0.723695    1.034706   -2.323834  -0.214   0.198  -0.078
    0.723695    1.066060   -2.274279  -0.198   0.160  -0.086
    0.723695    1.097415   -2.229026  -0.234   0.008  -0.070
    0.723695    1.128770   -2.184059  -0.270  -0.296   0.018
    0.723695    1.160125   -2.141761  -0.222  -0.342   0.066
    0.723695    1.191479   -2.114927  -0.202  -0.320   0.096
    0.723695    1.222834   -2.111536  -0.196  -0.282   0.122
    0.723695    1.254189   -2.133524  -0.192  -0.230   0.142
    0.723695    1.285544   -2.169328  -0.172  -0.170   0.146
    0.755160    0.000000   -2.160622   0.000  -0.242   0.000
    0.755160    0.031355   -2.132184   0.168  -0.248  -0.094
    0.755160    0.062709   -2.092219   0.176  -0.296  -0.102
    0.755160    0.094064   -2.080821   0.156  -0.332  -0.072
    0.755160    0.125419   -2.100907   0.146  -0.348  -0.036
    0.755160    0.156774   -2.141549   0.166  -0.352   0.008
    0.755160    0.188128   -2.187963   0.184  -0.094   0.110
    0.755160    0.219483   -2.230426   0.164   0.126   0.120
    0.755160    0.250838   -2.275711   0.196   0.166   0.108
    0.755160    0.282192   -2.323961   0.238   0.170   0.090
    0.755160    0.313547   -2.374719   0.280   0.166   0.066
    0.755160    0.344902   -2.428051   0.314   0.158   0.038
    0.755160    0.376257   -2.484307   0.340   0.150   0.008
    0.755160    0.407611   -2.543855   0.358   0.140  -0.022
    0.755160    0.438966   -2.606915   0.372   0.134  -0.052
    0.755160    0.470321   -2.673492   0.380   0.124  -0.080
    0.755160    0.501676   -2.743351   0.382   0.112  -0.108
    0.755160    0.533030   -2.816037   0.384   0.102  -0.130
    0.755160    0.564385   -2.890901   0.380   0.088  -0.154
    0.755160    0.595740   -2.967130   0.374   0.072  -0.176
    0.755160    0.627094   -3.043745   0.366   0.054  -0.200
    0.755160    0.658449   -3.119581  -0.227   0.034   0.144
    0.755160    0.689804   -3.043745  -0.366   0.054   0.200
    0.755160    0.721159   -2.967130  -0.374   0.072   0.176
    0.755160    0.752513   -2.890901  -0.380   0.088   0.154
    0.755160    0.783868   -2.816037  -0.384   0.102   0.130
    0.755160    0.815223   -2.743351  -0.382   0.112   0.108
    0.755160    0.846577   -2.673492  -0.380   0.124   0.080
    0.755160    0.877932   -2.606915  -0.372   0.134   0.052
    0.755160    0.909287   -2.543855  -0.358   0.140   0.022
    0.755160    0.940642   -2.484307  -0.340   0.150  -0.008
    0.755160    0.971996   -2.428051  -0.314   0.158  -0.038
    0.755160    1.003351   -2.374719  -0.280   0.166  -0.066
    0.755160    1.034706   -2.323961  -0.238   0.170  -0.090
    0.755160    1.066060   -2.275711  -0.196   0.166  -0.108
    0.755160    1.097415   -2.230426  -0.164   0.126  -0.120
    0.755160    1.128770   -2.187963  -0.184  -0.094  -0.110
    0.755160    1.160125   -2.141549  -0.166  -0.352  -0.008
    0.755160    1.191479   -2.100907  -0.146  -0.348   0.036
    0.755160    1.222834   -2.080821  -0.156  -0.332   0.072
    0.755160    1.254189   -2.092219  -0.176  -0.296   0.102
    0.755160    1.285544   -2.132184  -0.168  -0.248   0.094
    0.786625    0.000000   -2.122303   0.000  -0.286   0.000
    0.786625    0.031355   -2.083788   0.152  -0.308  -0.094
    0.786625    0.062709   -2.049144   0.122  -0.346  -0.072
    0.786625    0.094064   -2.059649   0.080  -0.342  -0.018
    0.786625    0.125419   -2.097490   0.070  -0.328   0.024
    0.786625    0.156774   -2.146270   0.088  -0.222   0.106
    0.786625    0.188128   -2.190446   0.118   0.060   0.146
    0.786625    0.219483   -2.234117   0.164   0.118   0.134
    0.786625    0.250838   -2.279432   0.218   0.124   0.120
    0.786625    0.282192   -2.325977   0.268   0.120   0.098
    0.786625    0.313547   -2.373965   0.310   0.114   0.070
    0.786625    0.344902   -2.424059   0.340   0.110   0.038
    0.786625    0.376257   -2.477025   0.364   0.102   0.006
    0.786625    0.407611   -2.533499   0.380   0.096  -0.026
    0.786625    0.438966   -2.593866   0.392   0.090  -0.056
    0.786625    0.470321   -2.658221   0.396   0.084  -0.086
    0.786625    0.501676   -2.726387   0.398   0.076  -0.112
    0.786625    0.533030   -2.797936   0.396   0.068  -0.136
    0.786625    0.564385   -2.872245   0.392   0.060  -0.158
    0.786625    0.595740   -2.948543   0.384   0.050  -0.180
    0.786625    0.627094   -3.025929   0.376   0.038  -0.202
    0.786625    0.658449   -3.103373   0.108   0.025  -0.066
    0.786625    0.689804   -3.025929  -0.376   0.038   0.202
    0.786625    0.721159   -2.948543  -0.384   0.050   0.180
    0.786625    0.752513   -2.872245  -0.392   0.060   0.158
    0.786625    0.783868   -2.797936  -0.396   0.068   0.136
    0.786625    0.815223   -2.726387  -0.398   0.076   0.112
    0.786625    0.846577   -2.658221  -0.396   0.084   0.086
    0.786625    0.877932   -2.593866  -0.392   0.090   0.056
    0.786625    0.909287   -2.533499  -0.380   0.096   0.026
    0.786625    0.940642   -2.477025  -0.364   0.102  -0.006
    0.786625    0.971996   -2.424059  -0.340   0.110  -0.038
    0.786625    1.003351   -2.373965  -0.310   0.114  -0.070
    0.786625    1.034706   -2.325977  -0.268   0.120  -0.098
    0.786625    1.066060   -2.279432  -0.218   0.124  -0.120
    0.786625    1.097415   -2.234117  -0.164   0.118  -0.134
    0.786625    1.128770   -2.190446  -0.118   0.060  -0.146
    0.786625    1.160125   -2.146270  -0.088  -0.222  -0.106
    0.786625    1.191479   -2.097490  -0.070  -0.328  -0.024
    0.786625    1.222834   -2.059649  -0.080  -0.342   0.018
    0.786625    1.254189   -2.049144  -0.122  -0.346   0.072
    0.786625    1.285544   -2.083788  -0.152  -0.308   0.094
    0.818090    0.000000   -2.080459   0.000  -0.344   0.000
    0.818090    0.031355   -2.025033   0.066  -0.352  -0.174
    0.818090    0.062709   -2.013834  -0.022  -0.332  -0.018
    0.818090    0.094064   -2.049893  -0.032  -0.266   0.044
    0.818090    0.125419   -2.099465  -0.018  -0.216   0.082
    0.818090    0.156774   -2.149096   0.048  -0.044   0.146
    0.818090    0.188128   -2.193451   0.118   0.052   0.148
    0.818090    0.219483   -2.238011   0.182   0.064   0.142
    0.818090    0.250838   -2.282825   0.238   0.064   0.126
    0.818090    0.282192   -2.327914   0.288   0.060   0.102
    0.818090    0.313547   -2.373949   0.326   0.058   0.074
    0.818090    0.344902   -2.421905   0.358   0.056   0.040
    0.818090    0.376257   -2.472755   0.378   0.052   0.006
    0.818090    0.407611   -2.527264   0.392   0.048  -0.028
    0.818090    0.438966   -2.585902   0.402   0.046  -0.058
    0.818090    0.470321   -2.648813   0.406   0.042  -0.088
    0.818090    0.501676   -2.715850   0.408   0.038  -0.114
    0.818090    0.533030   -2.786608   0.402   0.034  -0.140
    0.818090    0.564385   -2.860487   0.398   0.030  -0.162
    0.818090    0.595740   -2.936737   0.390   0.026  -0.182
    0.818090    0.627094   -3.014501   0.380   0.020  -0.202
    0.818090    0.658449   -3.092833   0.017   0.013  -0.010
    0.818090    0.689804   -3.014501  -0.380   0.020   0.202
    0.818090    0.721159   -2.936737  -0.390   0.026   0.182
    0.818090    0.752513   -2.860487  -0.398   0.030   0.162
    0.818090    0.783868   -2.786608  -0.402   0.034   0.140
    0.818090    0.815223   -2.715850  -0.408   0.038   0.114
    0.818090    0.846577   -2.648813  -0.406   0.042   0.088
    0.818090    0.877932   -2.585902  -0.402   0.046   0.058
    0.818090    0.909287   -2.527264  -0.392   0.048   0.028
    0.818090    0.940642   -2.472755  -0.378   0.052  -0.006
    0.818090    0.971996   -2.421905  -0.358   0.056  -0.040
    0.818090    1.003351   -2.373949  -0.326   0.058  -0.074
    0.818090    1.034706   -2.327914  -0.288   0.060  -0.102
    0.818090    1.066060   -2.282825  -0.238   0.064  -0.126
    0.818090    1.097415   -2.238011  -0.182   0.064  -0.142
    0.818090    1.128770   -2.193451  -0.118   0.052  -0.148
    0.818090    1.160125   -2.149096  -0.048  -0.044  -0.146
    0.818090    1.191479   -2.099465   0.018  -0.216  -0.082
    0.818090    1.222834   -2.049893   0.032  -0.266  -0.044
    0.818090    1.254189   -2.013834   0.022  -0.332   0.018
    0.818090    1.285544   -2.025033  -0.066  -0.352   0.174
