    #kx         ky         Energy       Sx      Sy      Sz
    #Grid-Size:    27   40
    #Band-Index:   40
    0.000000    0.000000   -2.352982   0.000  -0.356   0.000
    0.000000    0.031787   -2.251185   0.022   0.000  -0.340
    0.000000    0.063574   -2.121891  -0.028   0.000  -0.242
    0.000000    0.095362   -2.106887  -0.076   0.000   0.002
    0.000000    0.127149   -2.160053  -0.084   0.000   0.078
    0.000000    0.158936   -2.202405   0.154   0.000   0.162
    0.000000    0.190723   -2.240583   0.228   0.000   0.130
    0.000000    0.222510   -2.282554   0.276   0.000   0.108
    0.000000    0.254298   -2.327285   0.312   0.000   0.082
    0.000000    0.286085   -2.374506   0.344   0.000   0.056
    0.000000    0.317872   -2.424538   0.368   0.000   0.028
    0.000000    0.349659   -2.477905   0.386   0.000   0.000
    0.000000    0.381446   -2.535071   0.396   0.000  -0.030
    0.000000    0.413234   -2.596313   0.404   0.000  -0.058
    0.000000    0.445021   -2.661670   0.408   0.000  -0.084
    0.000000    0.476808   -2.730944   0.408   0.000  -0.108
    0.000000    0.508595   -2.803727   0.406   0.000  -0.130
    0.000000    0.540382   -2.879441   0.402   0.000  -0.152
    0.000000    0.572170   -2.957385   0.394   0.000  -0.172
    0.000000    0.603957   -3.036768   0.384   0.000  -0.192
    0.000000    0.635744   -3.116729   0.292   0.000  -0.166
    0.000000    0.667531   -3.036768  -0.384   0.000   0.192
    0.000000    0.699318   -2.957385  -0.394   0.000   0.172
    0.000000    0.731106   -2.879441  -0.402   0.000   0.152
    0.000000    0.762893   -2.803727  -0.406   0.000   0.130
    0.000000    0.794680   -2.730944  -0.408   0.000   0.108
    0.000000    0.826467   -2.661670  -0.408   0.000   0.084
    0.000000    0.858254   -2.596313  -0.404   0.000   0.058
    0.000000    0.890042   -2.535071  -0.396   0.000   0.030
    0.000000    0.921829   -2.477905  -0.386   0.000   0.000
    0.000000    0.953616   -2.424538  -0.368   0.000  -0.028
    0.000000    0.985403   -2.374506  -0.344   0.000  -0.056
    0.000000    1.017190   -2.327285  -0.312   0.000  -0.082
    0.000000    1.048978   -2.282554  -0.276   0.000  -0.108
    0.000000    1.080765   -2.240583  -0.228   0.000  -0.130
    0.000000    1.112552   -2.202405  -0.154   0.000  -0.162
    0.000000    1.144339   -2.160053   0.084   0.000  -0.078
    0.000000    1.176126   -2.106887   0.076   0.000  -0.002
    0.000000    1.207914   -2.121891   0.028   0.000   0.242
    0.000000    1.239701   -2.251185  -0.022   0.000   0.340
    0.031465    0.000000   -2.304644   0.000  -0.316   0.000
    0.031465    0.031787   -2.242818   0.016   0.006  -0.284
    0.031465    0.063574   -2.129307  -0.002   0.134  -0.212
    0.031465    0.095362   -2.109672  -0.044   0.146  -0.030
    0.031465    0.127149   -2.157961  -0.062   0.154   0.046
    0.031465    0.158936   -2.201690   0.156   0.006   0.160
    0.031465    0.190723   -2.239413   0.226  -0.044   0.128
    0.031465    0.222510   -2.281476   0.272  -0.052   0.104
    0.031465    0.254298   -2.326669   0.308  -0.054   0.082
    0.031465    0.286085   -2.374533   0.340  -0.052   0.056
    0.031465    0.317872   -2.425276   0.362  -0.050   0.028
    0.031465    0.349659   -2.479346   0.380  -0.048   0.000
    0.031465    0.381446   -2.537165   0.392  -0.044  -0.030
    0.031465    0.413234   -2.598981   0.400  -0.044  -0.058
    0.031465    0.445021   -2.664817   0.404  -0.040  -0.082
    0.031465    0.476808   -2.734462   0.406  -0.036  -0.108
    0.031465    0.508595   -2.807500   0.404  -0.034  -0.130
    0.031465    0.540382   -2.883343   0.400  -0.028  -0.152
    0.031465    0.572170   -2.961283   0.394  -0.024  -0.172
    0.031465    0.603957   -3.040512   0.384  -0.016  -0.192
    0.031465    0.635744   -3.120137   0.291  -0.011  -0.165
    0.031465    0.667531   -3.040512  -0.384  -0.016   0.192
    0.031465    0.699318   -2.961283  -0.394  -0.024   0.172
    0.031465    0.731106   -2.883343  -0.400  -0.028   0.152
    0.031465    0.762893   -2.807500  -0.404  -0.034   0.130
    0.031465    0.794680   -2.734462  -0.406  -0.036   0.108
    0.031465    0.826467   -2.664817  -0.404  -0.040   0.082
    0.031465    0.858254   -2.598981  -0.400  -0.044   0.058
    0.031465    0.890042   -2.537165  -0.392  -0.044   0.030
    0.031465    0.921829   -2.479346  -0.380  -0.048   0.000
    0.031465    0.953616   -2.425276  -0.362  -0.050  -0.028
    0.031465    0.985403   -2.374533  -0.340  -0.052  -0.056
    0.031465    1.017190   -2.326669  -0.308  -0.054  -0.082
    0.031465    1.048978   -2.281476  -0.272  -0.052  -0.104
    0.031465    1.080765   -2.239413  -0.226  -0.044  -0.128
    0.031465    1.112552   -2.201690  -0.156   0.006  -0.160
    0.031465    1.144339   -2.157961   0.062   0.154  -0.046
    0.031465    1.176126   -2.109672   0.044   0.146   0.030
    0.031465    1.207914   -2.129307   0.002   0.134   0.212
    0.031465    1.239701   -2.242818  -0.016   0.006   0.284
    0.062930    0.000000   -2.270020   0.000  -0.294   0.000
    0.062930    0.031787   -2.231333   0.022  -0.010  -0.216
    0.062930    0.063574   -2.147850   0.042   0.172  -0.194
    0.062930    0.095362   -2.118886   0.024   0.224  -0.098
    0.062930    0.127149   -2.152915   0.014   0.262  -0.028
    0.062930    0.158936   -2.199816   0.192   0.132   0.130
    0.062930    0.190723   -2.236634   0.226  -0.070   0.116
    0.062930    0.222510   -2.278720   0.258  -0.098   0.098
    0.062930    0.254298   -2.325094   0.294  -0.102   0.076
    0.062930    0.286085   -2.374760   0.324  -0.100   0.052
    0.062930    0.317872   -2.427549   0.350  -0.098   0.028
    0.062930    0.349659   -2.483673   0.368  -0.094   0.000
    0.062930    0.381446   -2.543401   0.382  -0.088  -0.028
    0.062930    0.413234   -2.606894   0.390  -0.084  -0.054
    0.062930    0.445021   -2.674118   0.396  -0.078  -0.080
    0.062930    0.476808   -2.744828   0.398  -0.072  -0.104
    0.062930    0.508595   -2.818579   0.396  -0.064  -0.126
    0.062930    0.540382   -2.894767   0.392  -0.056  -0.148
    0.062930    0.572170   -2.972650   0.386  -0.046  -0.170
    0.062930    0.603957   -3.051372   0.378  -0.036  -0.192
    0.062930    0.635744   -3.129950   0.275  -0.020  -0.159
    0.062930    0.667531   -3.051372  -0.378  -0.036   0.192
    0.062930    0.699318   -2.972650  -0.386  -0.046   0.170
    0.062930    0.731106   -2.894767  -0.392  -0.056   0.148
    0.062930    0.762893   -2.818579  -0.396  -0.064   0.126
    0.062930    0.794680   -2.744828  -0.398  -0.072   0.104
    0.062930    0.826467   -2.674118  -0.396  -0.078   0.080
    0.062930    0.858254   -2.606894  -0.390  -0.084   0.054
    0.062930    0.890042   -2.543401  -0.382  -0.088   0.028
    0.062930    0.921829   -2.483673  -0.368  -0.094   0.000
    0.062930    0.953616   -2.427549  -0.350  -0.098  -0.028
    0.062930    0.985403   -2.374760  -0.324  -0.100  -0.052
    0.062930    1.017190   -2.325094  -0.294  -0.102  -0.076
    0.062930    1.048978   -2.278720  -0.258  -0.098  -0.098
    0.062930    1.080765   -2.236634  -0.226  -0.070  -0.116
    0.062930    1.112552   -2.199816  -0.192   0.132  -0.130
    0.062930    1.144339   -2.152915  -0.014   0.262   0.028
    0.062930    1.176126   -2.118886  -0.024   0.224   0.098
    0.062930    1.207914   -2.147850  -0.042   0.172   0.194
    0.062930    1.239701   -2.231333  -0.022  -0.010   0.216
    0.094395    0.000000   -2.253824   0.000  -0.294   0.000
    0.094395    0.031787   -2.229439   0.034  -0.092  -0.192
    0.094395    0.063574   -2.171267   0.078   0.134  -0.210
    0.094395    0.095362   -2.135990   0.092   0.226  -0.160
    0.094395    0.127149   -2.150683   0.102   0.282  -0.102
    0.094395    0.158936   -2.193601   0.228   0.314  -0.032
    0.094395    0.190723   -2.233808   0.256  -0.030   0.080
    0.094395    0.222510   -2.275701   0.250  -0.120   0.082
    0.094395    0.254298   -2.323447   0.274  -0.142   0.068
    0.094395    0.286085   -2.375661   0.302  -0.146   0.050
    0.094395    0.317872   -2.431555   0.326  -0.142   0.026
    0.094395    0.349659   -2.490881   0.346  -0.138   0.000
    0.094395    0.381446   -2.553617   0.362  -0.130  -0.024
    0.094395    0.413234   -2.619740   0.374  -0.124  -0.050
    0.094395    0.445021   -2.689115   0.380  -0.114  -0.076
    0.094395    0.476808   -2.761433   0.384  -0.104  -0.098
    0.094395    0.508595   -2.836219   0.384  -0.094  -0.122
    0.094395    0.540382   -2.912833   0.382  -0.080  -0.144
    0.094395    0.572170   -2.990486   0.376  -0.066  -0.166
    0.094395    0.603957   -3.068235   0.370  -0.048  -0.188
    0.094395    0.635744   -3.144946   0.029  -0.029  -0.016
    0.094395    0.667531   -3.068235  -0.370  -0.048   0.188
    0.094395    0.699318   -2.990486  -0.376  -0.066   0.166
    0.094395    0.731106   -2.912833  -0.382  -0.080   0.144
    0.094395    0.762893   -2.836219  -0.384  -0.094   0.122
    0.094395    0.794680   -2.761433  -0.384  -0.104   0.098
    0.094395    0.826467   -2.689115  -0.380  -0.114   0.076
    0.094395    0.858254   -2.619740  -0.374  -0.124   0.050
    0.094395    0.890042   -2.553617  -0.362  -0.130   0.024
    0.094395    0.921829   -2.490881  -0.346  -0.138   0.000
    0.094395    0.953616   -2.431555  -0.326  -0.142  -0.026
    0.094395    0.985403   -2.375661  -0.302  -0.146  -0.050
    0.094395    1.017190   -2.323447  -0.274  -0.142  -0.068
    0.094395    1.048978   -2.275701  -0.250  -0.120  -0.082
    0.094395    1.080765   -2.233808  -0.256  -0.030  -0.080
    0.094395    1.112552   -2.193601  -0.228   0.314   0.032
    0.094395    1.144339   -2.150683  -0.102   0.282   0.102
    0.094395    1.176126   -2.135990  -0.092   0.226   0.160
    0.094395    1.207914   -2.171267  -0.078   0.134   0.210
    0.094395    1.239701   -2.229439  -0.034  -0.092   0.192
    0.125860    0.000000   -2.249011   0.000  -0.304   0.000
    0.125860    0.031787   -2.234044   0.036  -0.198  -0.162
    0.125860    0.063574   -2.194987   0.094   0.022  -0.230
    0.125860    0.095362   -2.160190   0.140   0.162  -0.210
    0.125860    0.127149   -2.157967   0.170   0.240  -0.164
    0.125860    0.158936   -2.187515   0.236   0.274  -0.118
    0.125860    0.190723   -2.230448   0.312   0.112  -0.022
    0.125860    0.222510   -2.274128   0.272  -0.090   0.048
    0.125860    0.254298   -2.323207   0.262  -0.158   0.056
    0.125860    0.286085   -2.378117   0.278  -0.174   0.046
    0.125860    0.317872   -2.437648   0.296  -0.180   0.028
    0.125860    0.349659   -2.500926   0.318  -0.176   0.006
    0.125860    0.381446   -2.567442   0.336  -0.168  -0.018
    0.125860    0.413234   -2.636876   0.348  -0.160  -0.042
    0.125860    0.445021   -2.708911   0.358  -0.148  -0.066
    0.125860    0.476808   -2.783155   0.364  -0.134  -0.090
    0.125860    0.508595   -2.859081   0.368  -0.120  -0.112
    0.125860    0.540382   -2.936007   0.368  -0.104  -0.138
    0.125860    0.572170   -3.013075   0.362  -0.082  -0.160
    0.125860    0.603957   -3.089223   0.356  -0.060  -0.186
    0.125860    0.635744   -3.163096  -0.127  -0.032   0.079
    0.125860    0.667531   -3.089223  -0.356  -0.060   0.186
    0.125860    0.699318   -3.013075  -0.362  -0.082   0.160
    0.125860    0.731106   -2.936007  -0.368  -0.104   0.138
    0.125860    0.762893   -2.859081  -0.368  -0.120   0.112
    0.125860    0.794680   -2.783155  -0.364  -0.134   0.090
    0.125860    0.826467   -2.708911  -0.358  -0.148   0.066
    0.125860    0.858254   -2.636876  -0.348  -0.160   0.042
    0.125860    0.890042   -2.567442  -0.336  -0.168   0.018
    0.125860    0.921829   -2.500926  -0.318  -0.176  -0.006
    0.125860    0.953616   -2.437648  -0.296  -0.180  -0.028
    0.125860    0.985403   -2.378117  -0.278  -0.174  -0.046
    0.125860    1.017190   -2.323207  -0.262  -0.158  -0.056
    0.125860    1.048978   -2.274128  -0.272  -0.090  -0.048
    0.125860    1.080765   -2.230448  -0.312   0.112   0.022
    0.125860    1.112552   -2.187515  -0.236   0.274   0.118
    0.125860    1.144339   -2.157967  -0.170   0.240   0.164
    0.125860    1.176126   -2.160190  -0.140   0.162   0.210
    0.125860    1.207914   -2.194987  -0.094   0.022   0.230
    0.125860    1.239701   -2.234044  -0.036  -0.198   0.162
    0.157325    0.000000   -2.251128   0.000  -0.318   0.000
    0.157325    0.031787   -2.241730   0.030  -0.268  -0.124
    0.157325    0.063574   -2.216393   0.092  -0.122  -0.216
    0.157325    0.095362   -2.187962   0.160   0.040  -0.238
    0.157325    0.127149   -2.176580   0.212   0.150  -0.210
    0.157325    0.158936   -2.191813   0.262   0.204  -0.164
    0.157325    0.190723   -2.228078   0.316   0.166  -0.100
    0.157325    0.222510   -2.274200   0.318   0.010  -0.012
    0.157325    0.254298   -2.325599   0.280  -0.120   0.034
    0.157325    0.286085   -2.383135   0.266  -0.178   0.042
    0.157325    0.317872   -2.446224   0.270  -0.200   0.034
    0.157325    0.349659   -2.513585   0.284  -0.204   0.018
    0.157325    0.381446   -2.584146   0.302  -0.200  -0.004
    0.157325    0.413234   -2.657144   0.316  -0.190  -0.028
    0.157325    0.445021   -2.732002   0.328  -0.178  -0.050
    0.157325    0.476808   -2.808188   0.336  -0.162  -0.074
    0.157325    0.508595   -2.885098   0.344  -0.144  -0.100
    0.157325    0.540382   -2.961991   0.344  -0.122  -0.124
    0.157325    0.572170   -3.037920   0.342  -0.098  -0.152
    0.157325    0.603957   -3.111654   0.336  -0.068  -0.180
    0.157325    0.635744   -3.181573   0.320  -0.032  -0.213
    0.157325    0.667531   -3.111654  -0.336  -0.068   0.180
    0.157325    0.699318   -3.037920  -0.342  -0.098   0.152
    0.157325    0.731106   -2.961991  -0.344  -0.122   0.124
    0.157325    0.762893   -2.885098  -0.344  -0.144   0.100
    0.157325    0.794680   -2.808188  -0.336  -0.162   0.074
    0.157325    0.826467   -2.732002  -0.328  -0.178   0.050
    0.157325    0.858254   -2.657144  -0.316  -0.190   0.028
    0.157325    0.890042   -2.584146  -0.302  -0.200   0.004
    0.157325    0.921829   -2.513585  -0.284  -0.204  -0.018
    0.157325    0.953616   -2.446224  -0.270  -0.200  -0.034
    0.157325    0.985403   -2.383135  -0.266  -0.178  -0.042
    0.157325    1.017190   -2.325599  -0.280  -0.120  -0.034
    0.157325    1.048978   -2.274200  -0.318   0.010   0.012
    0.157325    1.080765   -2.228078  -0.316   0.166   0.100
    0.157325    1.112552   -2.191813  -0.262   0.204   0.164
    0.157325    1.144339   -2.176580  -0.212   0.150   0.210
    0.157325    1.176126   -2.187962  -0.160   0.040   0.238
    0.157325    1.207914   -2.216393  -0.092  -0.122   0.216
    0.157325    1.239701   -2.241730  -0.030  -0.268   0.124
    0.188790    0.000000   -2.258316   0.000  -0.334   0.000
    0.188790    0.031787   -2.252231   0.024  -0.308  -0.088
    0.188790    0.063574   -2.235891   0.076  -0.230  -0.174
    0.188790    0.095362   -2.215772   0.152  -0.104  -0.224
    0.188790    0.127149   -2.203293   0.226   0.022  -0.226
    0.188790    0.158936   -2.208862   0.280   0.104  -0.190
    0.188790    0.190723   -2.234976   0.324   0.126  -0.134
    0.188790    0.222510   -2.277397   0.342   0.072  -0.066
    0.188790    0.254298   -2.330399   0.322  -0.038  -0.002
    0.188790    0.286085   -2.390763   0.284  -0.132   0.034
    0.188790    0.317872   -2.457143   0.264  -0.190   0.044
    0.188790    0.349659   -2.528177   0.258  -0.214   0.036
    0.188790    0.381446   -2.602426   0.264  -0.222   0.020
    0.188790    0.413234   -2.678695   0.276  -0.216   0.000
    0.188790    0.445021   -2.756082   0.288  -0.204  -0.024
    0.188790    0.476808   -2.833857   0.300  -0.190  -0.050
    0.188790    0.508595   -2.911302   0.308  -0.168  -0.076
    0.188790    0.540382   -2.987582   0.314  -0.142  -0.104
    0.188790    0.572170   -3.061628   0.314  -0.114  -0.136
    0.188790    0.603957   -3.132016   0.308  -0.076  -0.172
    0.188790    0.635744   -3.196819  -0.258  -0.032   0.187
    0.188790    0.667531   -3.132016  -0.308  -0.076   0.172
    0.188790    0.699318   -3.061628  -0.314  -0.114   0.136
    0.188790    0.731106   -2.987582  -0.314  -0.142   0.104
    0.188790    0.762893   -2.911302  -0.308  -0.168   0.076
    0.188790    0.794680   -2.833857  -0.300  -0.190   0.050
    0.188790    0.826467   -2.756082  -0.288  -0.204   0.024
    0.188790    0.858254   -2.678695  -0.276  -0.216   0.000
    0.188790    0.890042   -2.602426  -0.264  -0.222  -0.020
    0.188790    0.921829   -2.528177  -0.258  -0.214  -0.036
    0.188790    0.953616   -2.457143  -0.264  -0.190  -0.044
    0.188790    0.985403   -2.390763  -0.284  -0.132  -0.034
    0.188790    1.017190   -2.330399  -0.322  -0.038   0.002
    0.188790    1.048978   -2.277397  -0.342   0.072   0.066
    0.188790    1.080765   -2.234976  -0.324   0.126   0.134
    0.188790    1.112552   -2.208862  -0.280   0.104   0.190
    0.188790    1.144339   -2.203293  -0.226   0.022   0.226
    0.188790    1.176126   -2.215772  -0.152  -0.104   0.224
    0.188790    1.207914   -2.235891  -0.076  -0.230   0.174
    0.188790    1.239701   -2.252231  -0.024  -0.308   0.088
    0.220255    0.000000   -2.270400   0.000  -0.350   0.000
    0.220255    0.031787   -2.266356   0.020  -0.338  -0.062
    0.220255    0.063574   -2.255745   0.062  -0.298  -0.126
    0.220255    0.095362   -2.242738   0.134  -0.218  -0.182
    0.220255    0.127149   -2.233692   0.214  -0.112  -0.206
    0.220255    0.158936   -2.235855   0.282  -0.014  -0.190
    0.220255    0.190723   -2.254163   0.328   0.044  -0.148
    0.220255    0.222510   -2.289390   0.350   0.054  -0.092
    0.220255    0.254298   -2.339225   0.348   0.014  -0.032
    0.220255    0.286085   -2.400195   0.324  -0.060   0.018
    0.220255    0.317872   -2.469021   0.288  -0.134   0.048
    0.220255    0.349659   -2.543056   0.258  -0.188   0.058
    0.220255    0.381446   -2.620232   0.242  -0.218   0.052
    0.220255    0.413234   -2.698965   0.236  -0.230   0.038
    0.220255    0.445021   -2.778073   0.240  -0.228   0.018
    0.220255    0.476808   -2.856635   0.248  -0.216  -0.008
    0.220255    0.508595   -2.933810   0.258  -0.196  -0.034
    0.220255    0.540382   -3.008652   0.264  -0.168  -0.066
    0.220255    0.572170   -3.079954   0.270  -0.132  -0.106
    0.220255    0.603957   -3.146084   0.268  -0.090  -0.154
    0.220255    0.635744   -3.204842   0.231  -0.039  -0.187
    0.220255    0.667531   -3.146084  -0.268  -0.090   0.154
    0.220255    0.699318   -3.079954  -0.270  -0.132   0.106
    0.220255    0.731106   -3.008652  -0.264  -0.168   0.066
    0.220255    0.762893   -2.933810  -0.258  -0.196   0.034
    0.220255    0.794680   -2.856635  -0.248  -0.216   0.008
    0.220255    0.826467   -2.778073  -0.240  -0.228  -0.018
    0.220255    0.858254   -2.698965  -0.236  -0.230  -0.038
    0.220255    0.890042   -2.620232  -0.242  -0.218  -0.052
    0.220255    0.921829   -2.543056  -0.258  -0.188  -0.058
    0.220255    0.953616   -2.469021  -0.288  -0.134  -0.048
    0.220255    0.985403   -2.400195  -0.324  -0.060  -0.018
    0.220255    1.017190   -2.339225  -0.348   0.014   0.032
    0.220255    1.048978   -2.289390  -0.350   0.054   0.092
    0.220255    1.080765   -2.254163  -0.328   0.044   0.148
    0.220255    1.112552   -2.235855  -0.282  -0.014   0.190
    0.220255    1.144339   -2.233692  -0.214  -0.112   0.206
    0.220255    1.176126   -2.242738  -0.134  -0.218   0.182
    0.220255    1.207914   -2.255745  -0.062  -0.298   0.126
    0.220255    1.239701   -2.266356  -0.020  -0.338   0.062
    0.251720    0.000000   -2.288302   0.000  -0.364   0.000
    0.251720    0.031787   -2.285462   0.018  -0.358  -0.040
    0.251720    0.063574   -2.278336   0.054  -0.338  -0.084
    0.251720    0.095362   -2.270317   0.114  -0.294  -0.132
    0.251720    0.127149   -2.265576   0.192  -0.218  -0.162
    0.251720    0.158936   -2.268557   0.268  -0.130  -0.164
    0.251720    0.190723   -2.283356   0.322  -0.056  -0.140
    0.251720    0.222510   -2.312561   0.354  -0.010  -0.098
    0.251720    0.254298   -2.356594   0.360   0.000  -0.050
    0.251720    0.286085   -2.413923   0.348  -0.022  -0.002
    0.251720    0.317872   -2.481706   0.322  -0.066   0.040
    0.251720    0.349659   -2.556553   0.286  -0.122   0.066
    0.251720    0.381446   -2.635243   0.248  -0.176   0.080
    0.251720    0.413234   -2.715241   0.218  -0.214   0.082
    0.251720    0.445021   -2.794823   0.198  -0.234   0.074
    0.251720    0.476808   -2.872860   0.190  -0.238   0.056
    0.251720    0.508595   -2.948466   0.190  -0.230   0.032
    0.251720    0.540382   -3.020687   0.198  -0.210  -0.002
    0.251720    0.572170   -3.088268   0.204  -0.176  -0.046
    0.251720    0.603957   -3.149460   0.206  -0.130  -0.106
    0.251720    0.635744   -3.201885  -0.191  -0.071   0.172
    0.251720    0.667531   -3.149460  -0.206  -0.130   0.106
    0.251720    0.699318   -3.088268  -0.204  -0.176   0.046
    0.251720    0.731106   -3.020687  -0.198  -0.210   0.002
    0.251720    0.762893   -2.948466  -0.190  -0.230  -0.032
    0.251720    0.794680   -2.872860  -0.190  -0.238  -0.056
    0.251720    0.826467   -2.794823  -0.198  -0.234  -0.074
    0.251720    0.858254   -2.715241  -0.218  -0.214  -0.082
    0.251720    0.890042   -2.635243  -0.248  -0.176  -0.080
    0.251720    0.921829   -2.556553  -0.286  -0.122  -0.066
    0.251720    0.953616   -2.481706  -0.322  -0.066  -0.040
    0.251720    0.985403   -2.413923  -0.348  -0.022   0.002
    0.251720    1.017190   -2.356594  -0.360   0.000   0.050
    0.251720    1.048978   -2.312561  -0.354  -0.010   0.098
    0.251720    1.080765   -2.283356  -0.322  -0.056   0.140
    0.251720    1.112552   -2.268557  -0.268  -0.130   0.164
    0.251720    1.144339   -2.265576  -0.192  -0.218   0.162
    0.251720    1.176126   -2.270317  -0.114  -0.294   0.132
    0.251720    1.207914   -2.278336  -0.054  -0.338   0.084
    0.251720    1.239701   -2.285462  -0.018  -0.358   0.040
    0.283185    0.000000   -2.313570   0.000  -0.378   0.000
    0.283185    0.031787   -2.311272   0.018  -0.374  -0.020
    0.283185    0.063574   -2.305853   0.050  -0.364  -0.048
    0.283185    0.095362   -2.300671   0.100  -0.340  -0.082
    0.283185    0.127149   -2.299203   0.170  -0.292  -0.108
    0.283185    0.158936   -2.304396   0.246  -0.224  -0.122
    0.283185    0.190723   -2.318898   0.306  -0.150  -0.112
    0.283185    0.222510   -2.345013   0.346  -0.088  -0.086
    0.283185    0.254298   -2.384110   0.362  -0.048  -0.046
    0.283185    0.286085   -2.436100   0.362  -0.034  -0.008
    0.283185    0.317872   -2.499373   0.346  -0.040   0.026
    0.283185    0.349659   -2.571160   0.320  -0.066   0.058
    0.283185    0.381446   -2.648147   0.282  -0.108   0.084
    0.283185    0.413234   -2.727090   0.238  -0.154   0.104
    0.283185    0.445021   -2.805342   0.192  -0.198   0.114
    0.283185    0.476808   -2.881097   0.156  -0.234   0.120
    0.283185    0.508595   -2.953270   0.128  -0.252   0.110
    0.283185    0.540382   -3.021049   0.116  -0.256   0.090
    0.283185    0.572170   -3.083449   0.110  -0.244   0.056
    0.283185    0.603957   -3.138979   0.110  -0.218  -0.002
    0.283185    0.635744   -3.185374  -0.047  -0.168   0.042
    0.283185    0.667531   -3.138979  -0.110  -0.218   0.002
    0.283185    0.699318   -3.083449  -0.110  -0.244  -0.056
    0.283185    0.731106   -3.021049  -0.116  -0.256  -0.090
    0.283185    0.762893   -2.953270  -0.128  -0.252  -0.110
    0.283185    0.794680   -2.881097  -0.156  -0.234  -0.120
    0.283185    0.826467   -2.805342  -0.192  -0.198  -0.114
    0.283185    0.858254   -2.727090  -0.238  -0.154  -0.104
    0.283185    0.890042   -2.648147  -0.282  -0.108  -0.084
    0.283185    0.921829   -2.571160  -0.320  -0.066  -0.058
    0.283185    0.953616   -2.499373  -0.346  -0.040  -0.026
    0.283185    0.985403   -2.436100  -0.362  -0.034   0.008
    0.283185    1.017190   -2.384110  -0.362  -0.048   0.046
    0.283185    1.048978   -2.345013  -0.346  -0.088   0.086
    0.283185    1.080765   -2.318898  -0.306  -0.150   0.112
    0.283185    1.112552   -2.304396  -0.246  -0.224   0.122
    0.283185    1.144339   -2.299203  -0.170  -0.292   0.108
    0.283185    1.176126   -2.300671  -0.100  -0.340   0.082
    0.283185    1.207914   -2.305853  -0.050  -0.364   0.048
    0.283185    1.239701   -2.311272  -0.018  -0.374   0.020
    0.314650    0.000000   -2.347800   0.000  -0.388   0.000
    0.314650    0.031787   -2.345457   0.018  -0.388  -0.002
    0.314650    0.063574   -2.340180   0.046  -0.382  -0.014
    0.314650    0.095362   -2.335813   0.092  -0.366  -0.034
    0.314650    0.127149   -2.335929   0.154  -0.338  -0.058
    0.314650    0.158936   -2.342913   0.222  -0.288  -0.072
    0.314650    0.190723   -2.358385   0.284  -0.226  -0.070
    0.314650    0.222510   -2.383746   0.330  -0.164  -0.056
    0.314650    0.254298   -2.420091   0.356  -0.110  -0.032
    0.314650    0.286085   -2.467721   0.364  -0.072  -0.004
    0.314650    0.317872   -2.525788   0.358  -0.054   0.024
    0.314650    0.349659   -2.592317   0.342  -0.050   0.050
    0.314650    0.381446   -2.664539   0.314  -0.062   0.072
    0.314650    0.413234   -2.739353   0.278  -0.086   0.094
    0.314650    0.445021   -2.813776   0.232  -0.126   0.116
    0.314650    0.476808   -2.885323   0.180  -0.176   0.136
    0.314650    0.508595   -2.952259   0.124  -0.224   0.150
    0.314650    0.540382   -3.013594   0.076  -0.262   0.156
    0.314650    0.572170   -3.068703   0.042  -0.284   0.148
    0.314650    0.603957   -3.116753   0.014  -0.296   0.120
    0.314650    0.635744   -3.156181  -0.004  -0.288   0.013
    0.314650    0.667531   -3.116753  -0.014  -0.296  -0.120
    0.314650    0.699318   -3.068703  -0.042  -0.284  -0.148
    0.314650    0.731106   -3.013594  -0.076  -0.262  -0.156
    0.314650    0.762893   -2.952259  -0.124  -0.224  -0.150
    0.314650    0.794680   -2.885323  -0.180  -0.176  -0.136
    0.314650    0.826467   -2.813776  -0.232  -0.126  -0.116
    0.314650    0.858254   -2.739353  -0.278  -0.086  -0.094
    0.314650    0.890042   -2.664539  -0.314  -0.062  -0.072
    0.314650    0.921829   -2.592317  -0.342  -0.050  -0.050
    0.314650    0.953616   -2.525788  -0.358  -0.054  -0.024
    0.314650    0.985403   -2.467721  -0.364  -0.072   0.004
    0.314650    1.017190   -2.420091  -0.356  -0.110   0.032
    0.314650    1.048978   -2.383746  -0.330  -0.164   0.056
    0.314650    1.080765   -2.358385  -0.284  -0.226   0.070
    0.314650    1.112552   -2.342913  -0.222  -0.288   0.072
    0.314650    1.144339   -2.335929  -0.154  -0.338   0.058
    0.314650    1.176126   -2.335813  -0.092  -0.366   0.034
    0.314650    1.207914   -2.340180  -0.046  -0.382   0.014
    0.314650    1.239701   -2.345457  -0.018  -0.388   0.002
    0.346115    0.000000   -2.391928   0.000  -0.396   0.000
    0.346115    0.031787   -2.389042   0.018  -0.396   0.014
    0.346115    0.063574   -2.382570   0.046  -0.392   0.016
    0.346115    0.095362   -2.377220   0.088  -0.382   0.004
    0.346115    0.127149   -2.377155   0.140  -0.364  -0.010
    0.346115    0.158936   -2.384749   0.202  -0.330  -0.022
    0.346115    0.190723   -2.401071   0.262  -0.280  -0.026
    0.346115    0.222510   -2.426712   0.312  -0.224  -0.018
    0.346115    0.254298   -2.462085   0.344  -0.168  -0.004
    0.346115    0.286085   -2.507191   0.360  -0.122   0.014
    0.346115    0.317872   -2.561300   0.362  -0.084   0.032
    0.346115    0.349659   -2.622828   0.354  -0.062   0.050
    0.346115    0.381446   -2.689477   0.336  -0.048   0.064
    0.346115    0.413234   -2.758536   0.312  -0.048   0.076
    0.346115    0.445021   -2.827222   0.276  -0.062   0.092
    0.346115    0.476808   -2.892979   0.234  -0.094   0.110
    0.346115    0.508595   -2.953690   0.178  -0.144   0.132
    0.346115    0.540382   -3.007839   0.114  -0.208   0.160
    0.346115    0.572170   -3.054563   0.044  -0.268   0.180
    0.346115    0.603957   -3.093409  -0.020  -0.312   0.178
    0.346115    0.635744   -3.123621   0.071  -0.328  -0.123
    0.346115    0.667531   -3.093409   0.020  -0.312  -0.178
    0.346115    0.699318   -3.054563  -0.044  -0.268  -0.180
    0.346115    0.731106   -3.007839  -0.114  -0.208  -0.160
    0.346115    0.762893   -2.953690  -0.178  -0.144  -0.132
    0.346115    0.794680   -2.892979  -0.234  -0.094  -0.110
    0.346115    0.826467   -2.827222  -0.276  -0.062  -0.092
    0.346115    0.858254   -2.758536  -0.312  -0.048  -0.076
    0.346115    0.890042   -2.689477  -0.336  -0.048  -0.064
    0.346115    0.921829   -2.622828  -0.354  -0.062  -0.050
    0.346115    0.953616   -2.561300  -0.362  -0.084  -0.032
    0.346115    0.985403   -2.507191  -0.360  -0.122  -0.014
    0.346115    1.017190   -2.462085  -0.344  -0.168   0.004
    0.346115    1.048978   -2.426712  -0.312  -0.224   0.018
    0.346115    1.080765   -2.401071  -0.262  -0.280   0.026
    0.346115    1.112552   -2.384749  -0.202  -0.330   0.022
    0.346115    1.144339   -2.377155  -0.140  -0.364   0.010
    0.346115    1.176126   -2.377220  -0.088  -0.382  -0.004
    0.346115    1.207914   -2.382570  -0.046  -0.392  -0.016
    0.346115    1.239701   -2.389042  -0.018  -0.396  -0.014
    0.377580    0.000000   -2.445643   0.000  -0.402   0.000
    0.377580    0.031787   -2.441874   0.022  -0.400   0.028
    0.377580    0.063574   -2.433258   0.048  -0.396   0.042
    0.377580    0.095362   -2.425560   0.084  -0.390   0.042
    0.377580    0.127149   -2.423815   0.130  -0.376   0.032
    0.377580    0.158936   -2.430720   0.186  -0.352   0.024
    0.377580    0.190723   -2.447137   0.240  -0.314   0.020
    0.377580    0.222510   -2.473096   0.290  -0.268   0.022
    0.377580    0.254298   -2.508355   0.324  -0.218   0.030
    0.377580    0.286085   -2.552394   0.346  -0.168   0.040
    0.377580    0.317872   -2.604228   0.358  -0.124   0.052
    0.377580    0.349659   -2.662262   0.358  -0.088   0.062
    0.377580    0.381446   -2.724351   0.348  -0.060   0.068
    0.377580    0.413234   -2.787998   0.332  -0.040   0.072
    0.377580    0.445021   -2.850623   0.310  -0.028   0.074
    0.377580    0.476808   -2.909848   0.280  -0.032   0.080
    0.377580    0.508595   -2.963698   0.242  -0.050   0.088
    0.377580    0.540382   -3.010669   0.192  -0.100   0.114
    0.377580    0.572170   -3.049597   0.118  -0.182   0.152
    0.377580    0.603957   -3.079449   0.010  -0.286   0.192
    0.377580    0.635744   -3.099358   0.052  -0.331  -0.087
    0.377580    0.667531   -3.079449  -0.010  -0.286  -0.192
    0.377580    0.699318   -3.049597  -0.118  -0.182  -0.152
    0.377580    0.731106   -3.010669  -0.192  -0.100  -0.114
    0.377580    0.762893   -2.963698  -0.242  -0.050  -0.088
    0.377580    0.794680   -2.909848  -0.280  -0.032  -0.080
    0.377580    0.826467   -2.850623  -0.310  -0.028  -0.074
    0.377580    0.858254   -2.787998  -0.332  -0.040  -0.072
    0.377580    0.890042   -2.724351  -0.348  -0.060  -0.068
    0.377580    0.921829   -2.662262  -0.358  -0.088  -0.062
    0.377580    0.953616   -2.604228  -0.358  -0.124  -0.052
    0.377580    0.985403   -2.552394  -0.346  -0.168  -0.040
    0.377580    1.017190   -2.508355  -0.324  -0.218  -0.030
    0.377580    1.048978   -2.473096  -0.290  -0.268  -0.022
    0.377580    1.080765   -2.447137  -0.240  -0.314  -0.020
    0.377580    1.112552   -2.430720  -0.186  -0.352  -0.024
    0.377580    1.144339   -2.423815  -0.130  -0.376  -0.032
    0.377580    1.176126   -2.425560  -0.084  -0.390  -0.042
    0.377580    1.207914   -2.433258  -0.048  -0.396  -0.042
    0.377580    1.239701   -2.441874  -0.022  -0.400  -0.028
    0.409045    0.000000   -2.507264   0.000  -0.404   0.000
    0.409045    0.031787   -2.502489   0.024  -0.402   0.042
    0.409045    0.063574   -2.491326   0.050  -0.396   0.066
    0.409045    0.095362   -2.480557   0.082  -0.390   0.074
    0.409045    0.127149   -2.476154   0.124  -0.380   0.072
    0.409045    0.158936   -2.481330   0.172  -0.364   0.064
    0.409045    0.190723   -2.496981   0.222  -0.334   0.060
    0.409045    0.222510   -2.522809   0.268  -0.298   0.060
    0.409045    0.254298   -2.558072   0.304  -0.254   0.066
    0.409045    0.286085   -2.601775   0.330  -0.208   0.074
    0.409045    0.317872   -2.652573   0.346  -0.164   0.078
    0.409045    0.349659   -2.708679   0.352  -0.124   0.082
    0.409045    0.381446   -2.767875   0.350  -0.088   0.086
    0.409045    0.413234   -2.827635   0.340  -0.054   0.084
    0.409045    0.445021   -2.885362   0.326  -0.026   0.076
    0.409045    0.476808   -2.938653   0.306  -0.002   0.066
    0.409045    0.508595   -2.985586   0.282   0.018   0.056
    0.409045    0.540382   -3.024915   0.256   0.022   0.048
    0.409045    0.572170   -3.056047   0.224   0.000   0.054
    0.409045    0.603957   -3.078620   0.164  -0.100   0.106
    0.409045    0.635744   -3.090026  -0.052  -0.328   0.088
    0.409045    0.667531   -3.078620  -0.164  -0.100  -0.106
    0.409045    0.699318   -3.056047  -0.224   0.000  -0.054
    0.409045    0.731106   -3.024915  -0.256   0.022  -0.048
    0.409045    0.762893   -2.985586  -0.282   0.018  -0.056
    0.409045    0.794680   -2.938653  -0.306  -0.002  -0.066
    0.409045    0.826467   -2.885362  -0.326  -0.026  -0.076
    0.409045    0.858254   -2.827635  -0.340  -0.054  -0.084
    0.409045    0.890042   -2.767875  -0.350  -0.088  -0.086
    0.409045    0.921829   -2.708679  -0.352  -0.124  -0.082
    0.409045    0.953616   -2.652573  -0.346  -0.164  -0.078
    0.409045    0.985403   -2.601775  -0.330  -0.208  -0.074
    0.409045    1.017190   -2.558072  -0.304  -0.254  -0.066
    0.409045    1.048978   -2.522809  -0.268  -0.298  -0.060
    0.409045    1.080765   -2.496981  -0.222  -0.334  -0.060
    0.409045    1.112552   -2.481330  -0.172  -0.364  -0.064
    0.409045    1.144339   -2.476154  -0.124  -0.380  -0.072
    0.409045    1.176126   -2.480557  -0.082  -0.390  -0.074
    0.409045    1.207914   -2.491326  -0.050  -0.396  -0.066
    0.409045    1.239701   -2.502489  -0.024  -0.402  -0.042
    0.440510    0.000000   -2.507264   0.000   0.404   0.000
    0.440510    0.031787   -2.502489   0.024   0.402   0.042
    0.440510    0.063574   -2.491326   0.050   0.396   0.066
    0.440510    0.095362   -2.480557   0.082   0.390   0.074
    0.440510    0.127149   -2.476154   0.124   0.380   0.072
    0.440510    0.158936   -2.481330   0.172   0.364   0.064
    0.440510    0.190723   -2.496981   0.222   0.334   0.060
    0.440510    0.222510   -2.522809   0.268   0.298   0.060
    0.440510    0.254298   -2.558072   0.304   0.254   0.066
    0.440510    0.286085   -2.601775   0.330   0.208   0.074
    0.440510    0.317872   -2.652573   0.346   0.164   0.078
    0.440510    0.349659   -2.708679   0.352   0.124   0.082
    0.440510    0.381446   -2.767875   0.350   0.088   0.086
    0.440510    0.413234   -2.827636   0.340   0.054   0.084
    0.440510    0.445021   -2.885362   0.326   0.026   0.076
    0.440510    0.476808   -2.938653   0.306   0.002   0.066
    0.440510    0.508595   -2.985586   0.282  -0.018   0.056
    0.440510    0.540382   -3.024915   0.256  -0.022   0.048
    0.440510    0.572170   -3.056047   0.224   0.000   0.054
    0.440510    0.603957   -3.078620   0.164   0.100   0.106
    0.440510    0.635744   -3.090026   0.062   0.328  -0.105
    0.440510    0.667531   -3.078620  -0.164   0.100  -0.106
    0.440510    0.699318   -3.056047  -0.224   0.000  -0.054
    0.440510    0.731106   -3.024915  -0.256  -0.022  -0.048
    0.440510    0.762893   -2.985586  -0.282  -0.018  -0.056
    0.440510    0.794680   -2.938653  -0.306   0.002  -0.066
    0.440510    0.826467   -2.885362  -0.326   0.026  -0.076
    0.440510    0.858254   -2.827636  -0.340   0.054  -0.084
    0.440510    0.890042   -2.767875  -0.350   0.088  -0.086
    0.440510    0.921829   -2.708679  -0.352   0.124  -0.082
    0.440510    0.953616   -2.652573  -0.346   0.164  -0.078
    0.440510    0.985403   -2.601775  -0.330   0.208  -0.074
    0.440510    1.017190   -2.558072  -0.304   0.254  -0.066
    0.440510    1.048978   -2.522809  -0.268   0.298  -0.060
    0.440510    1.080765   -2.496981  -0.222   0.334  -0.060
    0.440510    1.112552   -2.481330  -0.172   0.364  -0.064
    0.440510    1.144339   -2.476154  -0.124   0.380  -0.072
    0.440510    1.176126   -2.480557  -0.082   0.390  -0.074
    0.440510    1.207914   -2.491326  -0.050   0.396  -0.066
    0.440510    1.239701   -2.502489  -0.024   0.402  -0.042
    0.471975    0.000000   -2.445643   0.000   0.402   0.000
    0.471975    0.031787   -2.441874   0.022   0.400   0.028
    0.471975    0.063574   -2.433258   0.048   0.396   0.042
    0.471975    0.095362   -2.425560   0.084   0.390   0.042
    0.471975    0.127149   -2.423815   0.130   0.376   0.032
    0.471975    0.158936   -2.430720   0.186   0.352   0.024
    0.471975    0.190723   -2.447137   0.240   0.314   0.020
    0.471975    0.222510   -2.473096   0.290   0.268   0.022
    0.471975    0.254298   -2.508355   0.324   0.218   0.030
    0.471975    0.286085   -2.552394   0.346   0.168   0.040
    0.471975    0.317872   -2.604228   0.358   0.124   0.052
    0.471975    0.349659   -2.662262   0.358   0.088   0.062
    0.471975    0.381446   -2.724351   0.348   0.060   0.068
    0.471975    0.413234   -2.787998   0.332   0.040   0.072
    0.471975    0.445021   -2.850623   0.310   0.028   0.074
    0.471975    0.476808   -2.909848   0.280   0.032   0.080
    0.471975    0.508595   -2.963698   0.242   0.050   0.088
    0.471975    0.540382   -3.010669   0.192   0.100   0.114
    0.471975    0.572170   -3.049598   0.118   0.182   0.152
    0.471975    0.603957   -3.079449   0.010   0.286   0.192
    0.471975    0.635744   -3.099358  -0.075   0.331   0.126
    0.471975    0.667531   -3.079449  -0.010   0.286  -0.192
    0.471975    0.699318   -3.049598  -0.118   0.182  -0.152
    0.471975    0.731106   -3.010669  -0.192   0.100  -0.114
    0.471975    0.762893   -2.963698  -0.242   0.050  -0.088
    0.471975    0.794680   -2.909848  -0.280   0.032  -0.080
    0.471975    0.826467   -2.850623  -0.310   0.028  -0.074
    0.471975    0.858254   -2.787998  -0.332   0.040  -0.072
    0.471975    0.890042   -2.724351  -0.348   0.060  -0.068
    0.471975    0.921829   -2.662262  -0.358   0.088  -0.062
    0.471975    0.953616   -2.604228  -0.358   0.124  -0.052
    0.471975    0.985403   -2.552394  -0.346   0.168  -0.040
    0.471975    1.017190   -2.508355  -0.324   0.218  -0.030
    0.471975    1.048978   -2.473096  -0.290   0.268  -0.022
    0.471975    1.080765   -2.447137  -0.240   0.314  -0.020
    0.471975    1.112552   -2.430720  -0.186   0.352  -0.024
    0.471975    1.144339   -2.423815  -0.130   0.376  -0.032
    0.471975    1.176126   -2.425560  -0.084   0.390  -0.042
    0.471975    1.207914   -2.433258  -0.048   0.396  -0.042
    0.471975    1.239701   -2.441874  -0.022   0.400  -0.028
    0.503440    0.000000   -2.391928   0.000   0.396   0.000
    0.503440    0.031787   -2.389042   0.018   0.396   0.014
    0.503440    0.063574   -2.382570   0.046   0.392   0.016
    0.503440    0.095362   -2.377220   0.088   0.382   0.004
    0.503440    0.127149   -2.377155   0.140   0.364  -0.010
    0.503440    0.158936   -2.384749   0.202   0.330  -0.022
    0.503440    0.190723   -2.401071   0.262   0.280  -0.026
    0.503440    0.222510   -2.426712   0.312   0.224  -0.018
    0.503440    0.254298   -2.462085   0.344   0.168  -0.004
    0.503440    0.286085   -2.507191   0.360   0.122   0.014
    0.503440    0.317872   -2.561300   0.362   0.084   0.032
    0.503440    0.349659   -2.622828   0.354   0.062   0.050
    0.503440    0.381446   -2.689477   0.336   0.048   0.064
    0.503440    0.413234   -2.758536   0.312   0.048   0.076
    0.503440    0.445021   -2.827222   0.276   0.062   0.092
    0.503440    0.476808   -2.892979   0.234   0.094   0.110
    0.503440    0.508595   -2.953691   0.178   0.144   0.132
    0.503440    0.540382   -3.007839   0.114   0.208   0.160
    0.503440    0.572170   -3.054563   0.044   0.268   0.180
    0.503440    0.603957   -3.093409  -0.020   0.312   0.178
    0.503440    0.635744   -3.123621  -0.003   0.328   0.005
    0.503440    0.667531   -3.093409   0.020   0.312  -0.178
    0.503440    0.699318   -3.054563  -0.044   0.268  -0.180
    0.503440    0.731106   -3.007839  -0.114   0.208  -0.160
    0.503440    0.762893   -2.953691  -0.178   0.144  -0.132
    0.503440    0.794680   -2.892979  -0.234   0.094  -0.110
    0.503440    0.826467   -2.827222  -0.276   0.062  -0.092
    0.503440    0.858254   -2.758536  -0.312   0.048  -0.076
    0.503440    0.890042   -2.689477  -0.336   0.048  -0.064
    0.503440    0.921829   -2.622828  -0.354   0.062  -0.050
    0.503440    0.953616   -2.561300  -0.362   0.084  -0.032
    0.503440    0.985403   -2.507191  -0.360   0.122  -0.014
    0.503440    1.017190   -2.462085  -0.344   0.168   0.004
    0.503440    1.048978   -2.426712  -0.312   0.224   0.018
    0.503440    1.080765   -2.401071  -0.262   0.280   0.026
    0.503440    1.112552   -2.384749  -0.202   0.330   0.022
    0.503440    1.144339   -2.377155  -0.140   0.364   0.010
    0.503440    1.176126   -2.377220  -0.088   0.382  -0.004
    0.503440    1.207914   -2.382570  -0.046   0.392  -0.016
    0.503440    1.239701   -2.389042  -0.018   0.396  -0.014
    0.534905    0.000000   -2.347800   0.000   0.388   0.000
    0.534905    0.031787   -2.345457   0.018   0.388  -0.002
    0.534905    0.063574   -2.340180   0.046   0.382  -0.014
    0.534905    0.095362   -2.335813   0.092   0.366  -0.034
    0.534905    0.127149   -2.335929   0.154   0.338  -0.058
    0.534905    0.158936   -2.342913   0.222   0.288  -0.072
    0.534905    0.190723   -2.358385   0.284   0.226  -0.070
    0.534905    0.222510   -2.383746   0.330   0.164  -0.056
    0.534905    0.254298   -2.420091   0.356   0.110  -0.032
    0.534905    0.286085   -2.467721   0.364   0.072  -0.004
    0.534905    0.317872   -2.525788   0.358   0.054   0.024
    0.534905    0.349659   -2.592317   0.342   0.050   0.050
    0.534905    0.381446   -2.664540   0.314   0.062   0.072
    0.534905    0.413234   -2.739353   0.278   0.086   0.094
    0.534905    0.445021   -2.813776   0.232   0.126   0.116
    0.534905    0.476808   -2.885323   0.180   0.176   0.136
    0.534905    0.508595   -2.952259   0.124   0.224   0.150
    0.534905    0.540382   -3.013594   0.076   0.262   0.156
    0.534905    0.572170   -3.068703   0.042   0.284   0.148
    0.534905    0.603957   -3.116753   0.014   0.296   0.120
    0.534905    0.635744   -3.156181   0.011   0.288  -0.037
    0.534905    0.667531   -3.116753  -0.014   0.296  -0.120
    0.534905    0.699318   -3.068703  -0.042   0.284  -0.148
    0.534905    0.731106   -3.013594  -0.076   0.262  -0.156
    0.534905    0.762893   -2.952259  -0.124   0.224  -0.150
    0.534905    0.794680   -2.885323  -0.180   0.176  -0.136
    0.534905    0.826467   -2.813776  -0.232   0.126  -0.116
    0.534905    0.858254   -2.739353  -0.278   0.086  -0.094
    0.534905    0.890042   -2.664540  -0.314   0.062  -0.072
    0.534905    0.921829   -2.592317  -0.342   0.050  -0.050
    0.534905    0.953616   -2.525788  -0.358   0.054  -0.024
    0.534905    0.985403   -2.467721  -0.364   0.072   0.004
    0.534905    1.017190   -2.420091  -0.356   0.110   0.032
    0.534905    1.048978   -2.383746  -0.330   0.164   0.056
    0.534905    1.080765   -2.358385  -0.284   0.226   0.070
    0.534905    1.112552   -2.342913  -0.222   0.288   0.072
    0.534905    1.144339   -2.335929  -0.154   0.338   0.058
    0.534905    1.176126   -2.335813  -0.092   0.366   0.034
    0.534905    1.207914   -2.340180  -0.046   0.382   0.014
    0.534905    1.239701   -2.345457  -0.018   0.388   0.002
    0.566370    0.000000   -2.313570   0.000   0.378   0.000
    0.566370    0.031787   -2.311272   0.018   0.374  -0.020
    0.566370    0.063574   -2.305853   0.050   0.364  -0.048
    0.566370    0.095362   -2.300671   0.100   0.340  -0.082
    0.566370    0.127149   -2.299203   0.170   0.292  -0.108
    0.566370    0.158936   -2.304396   0.246   0.224  -0.122
    0.566370    0.190723   -2.318898   0.306   0.150  -0.112
    0.566370    0.222510   -2.345013   0.346   0.088  -0.086
    0.566370    0.254298   -2.384110   0.362   0.048  -0.046
    0.566370    0.286085   -2.436100   0.362   0.034  -0.008
    0.566370    0.317872   -2.499373   0.346   0.040   0.026
    0.566370    0.349659   -2.571160   0.320   0.066   0.058
    0.566370    0.381446   -2.648147   0.282   0.108   0.084
    0.566370    0.413234   -2.727090   0.238   0.154   0.104
    0.566370    0.445021   -2.805342   0.192   0.198   0.114
    0.566370    0.476808   -2.881097   0.156   0.234   0.120
    0.566370    0.508595   -2.953270   0.128   0.252   0.110
    0.566370    0.540382   -3.021049   0.116   0.256   0.090
    0.566370    0.572170   -3.083449   0.110   0.244   0.056
    0.566370    0.603957   -3.138979   0.110   0.218  -0.002
    0.566370    0.635744   -3.185374   0.050   0.168  -0.045
    0.566370    0.667531   -3.138979  -0.110   0.218   0.002
    0.566370    0.699318   -3.083449  -0.110   0.244  -0.056
    0.566370    0.731106   -3.021049  -0.116   0.256  -0.090
    0.566370    0.762893   -2.953270  -0.128   0.252  -0.110
    0.566370    0.794680   -2.881097  -0.156   0.234  -0.120
    0.566370    0.826467   -2.805342  -0.192   0.198  -0.114
    0.566370    0.858254   -2.727090  -0.238   0.154  -0.104
    0.566370    0.890042   -2.648147  -0.282   0.108  -0.084
    0.566370    0.921829   -2.571160  -0.320   0.066  -0.058
    0.566370    0.953616   -2.499373  -0.346   0.040  -0.026
    0.566370    0.985403   -2.436100  -0.362   0.034   0.008
    0.566370    1.017190   -2.384110  -0.362   0.048   0.046
    0.566370    1.048978   -2.345013  -0.346   0.088   0.086
    0.566370    1.080765   -2.318898  -0.306   0.150   0.112
    0.566370    1.112552   -2.304396  -0.246   0.224   0.122
    0.566370    1.144339   -2.299203  -0.170   0.292   0.108
    0.566370    1.176126   -2.300671  -0.100   0.340   0.082
    0.566370    1.207914   -2.305853  -0.050   0.364   0.048
    0.566370    1.239701   -2.311272  -0.018   0.374   0.020
    0.597835    0.000000   -2.288302   0.000   0.364   0.000
    0.597835    0.031787   -2.285462   0.018   0.358  -0.040
    0.597835    0.063574   -2.278336   0.054   0.338  -0.084
    0.597835    0.095362   -2.270317   0.114   0.294  -0.132
    0.597835    0.127149   -2.265576   0.192   0.218  -0.162
    0.597835    0.158936   -2.268557   0.268   0.130  -0.164
    0.597835    0.190723   -2.283356   0.322   0.056  -0.140
    0.597835    0.222510   -2.312562   0.354   0.010  -0.098
    0.597835    0.254298   -2.356594   0.360   0.000  -0.050
    0.597835    0.286085   -2.413923   0.348   0.022  -0.002
    0.597835    0.317872   -2.481706   0.322   0.066   0.040
    0.597835    0.349659   -2.556553   0.286   0.122   0.066
    0.597835    0.381446   -2.635243   0.248   0.176   0.080
    0.597835    0.413234   -2.715241   0.218   0.214   0.082
    0.597835    0.445021   -2.794823   0.198   0.234   0.074
    0.597835    0.476808   -2.872860   0.190   0.238   0.056
    0.597835    0.508595   -2.948466   0.190   0.230   0.032
    0.597835    0.540382   -3.020687   0.198   0.210  -0.002
    0.597835    0.572170   -3.088268   0.204   0.176  -0.046
    0.597835    0.603957   -3.149460   0.206   0.130  -0.106
    0.597835    0.635744   -3.201885   0.145   0.072  -0.130
    0.597835    0.667531   -3.149460  -0.206   0.130   0.106
    0.597835    0.699318   -3.088268  -0.204   0.176   0.046
    0.597835    0.731106   -3.020687  -0.198   0.210   0.002
    0.597835    0.762893   -2.948466  -0.190   0.230  -0.032
    0.597835    0.794680   -2.872860  -0.190   0.238  -0.056
    0.597835    0.826467   -2.794823  -0.198   0.234  -0.074
    0.597835    0.858254   -2.715241  -0.218   0.214  -0.082
    0.597835    0.890042   -2.635243  -0.248   0.176  -0.080
    0.597835    0.921829   -2.556553  -0.286   0.122  -0.066
    0.597835    0.953616   -2.481706  -0.322   0.066  -0.040
    0.597835    0.985403   -2.413923  -0.348   0.022   0.002
    0.597835    1.017190   -2.356594  -0.360   0.000   0.050
    0.597835    1.048978   -2.312562  -0.354   0.010   0.098
    0.597835    1.080765   -2.283356  -0.322   0.056   0.140
    0.597835    1.112552   -2.268557  -0.268   0.130   0.164
    0.597835    1.144339   -2.265576  -0.192   0.218   0.162
    0.597835    1.176126   -2.270317  -0.114   0.294   0.132
    0.597835    1.207914   -2.278336  -0.054   0.338   0.084
    0.597835    1.239701   -2.285462  -0.018   0.358   0.040
    0.629300    0.000000   -2.270400   0.000   0.350   0.000
    0.629300    0.031787   -2.266356   0.020   0.338  -0.062
    0.629300    0.063574   -2.255745   0.062   0.298  -0.126
    0.629300    0.095362   -2.242738   0.134   0.218  -0.182
    0.629300    0.127149   -2.233692   0.214   0.112  -0.206
    0.629300    0.158936   -2.235855   0.282   0.014  -0.190
    0.629300    0.190723   -2.254163   0.328  -0.044  -0.148
    0.629300    0.222510   -2.289390   0.350  -0.054  -0.092
    0.629300    0.254298   -2.339225   0.348  -0.014  -0.032
    0.629300    0.286085   -2.400195   0.324   0.060   0.018
    0.629300    0.317872   -2.469021   0.288   0.134   0.048
    0.629300    0.349659   -2.543056   0.258   0.188   0.058
    0.629300    0.381446   -2.620232   0.242   0.218   0.052
    0.629300    0.413234   -2.698965   0.236   0.230   0.038
    0.629300    0.445021   -2.778073   0.240   0.228   0.018
    0.629300    0.476808   -2.856635   0.248   0.216  -0.008
    0.629300    0.508595   -2.933809   0.258   0.196  -0.034
    0.629300    0.540382   -3.008652   0.264   0.168  -0.066
    0.629300    0.572170   -3.079954   0.270   0.132  -0.106
    0.629300    0.603957   -3.146084   0.268   0.090  -0.154
    0.629300    0.635744   -3.204842   0.226   0.038  -0.183
    0.629300    0.667531   -3.146084  -0.268   0.090   0.154
    0.629300    0.699318   -3.079954  -0.270   0.132   0.106
    0.629300    0.731106   -3.008652  -0.264   0.168   0.066
    0.629300    0.762893   -2.933809  -0.258   0.196   0.034
    0.629300    0.794680   -2.856635  -0.248   0.216   0.008
    0.629300    0.826467   -2.778073  -0.240   0.228  -0.018
    0.629300    0.858254   -2.698965  -0.236   0.230  -0.038
    0.629300    0.890042   -2.620232  -0.242   0.218  -0.052
    0.629300    0.921829   -2.543056  -0.258   0.188  -0.058
    0.629300    0.953616   -2.469021  -0.288   0.134  -0.048
    0.629300    0.985403   -2.400195  -0.324   0.060  -0.018
    0.629300    1.017190   -2.339225  -0.348  -0.014   0.032
    0.629300    1.048978   -2.289390  -0.350  -0.054   0.092
    0.629300    1.080765   -2.254163  -0.328  -0.044   0.148
    0.629300    1.112552   -2.235855  -0.282   0.014   0.190
    0.629300    1.144339   -2.233692  -0.214   0.112   0.206
    0.629300    1.176126   -2.242738  -0.134   0.218   0.182
    0.629300    1.207914   -2.255745  -0.062   0.298   0.126
    0.629300    1.239701   -2.266356  -0.020   0.338   0.062
    0.660765    0.000000   -2.258316   0.000   0.334   0.000
    0.660765    0.031787   -2.252231   0.024   0.308  -0.088
    0.660765    0.063574   -2.235891   0.076   0.230  -0.174
    0.660765    0.095362   -2.215772   0.152   0.104  -0.224
    0.660765    0.127149   -2.203293   0.226  -0.022  -0.226
    0.660765    0.158936   -2.208862   0.280  -0.104  -0.190
    0.660765    0.190723   -2.234976   0.324  -0.126  -0.134
    0.660765    0.222510   -2.277397   0.342  -0.072  -0.066
    0.660765    0.254298   -2.330399   0.322   0.038  -0.002
    0.660765    0.286085   -2.390763   0.284   0.132   0.034
    0.660765    0.317872   -2.457143   0.264   0.190   0.044
    0.660765    0.349659   -2.528177   0.258   0.214   0.036
    0.660765    0.381446   -2.602426   0.264   0.222   0.020
    0.660765    0.413234   -2.678695   0.276   0.216   0.000
    0.660765    0.445021   -2.756082   0.288   0.204  -0.024
    0.660765    0.476808   -2.833857   0.300   0.190  -0.050
    0.660765    0.508595   -2.911302   0.308   0.168  -0.076
    0.660765    0.540382   -2.987582   0.314   0.142  -0.104
    0.660765    0.572170   -3.061628   0.314   0.114  -0.136
    0.660765    0.603957   -3.132016   0.308   0.076  -0.172
    0.660765    0.635744   -3.196819   0.276   0.032  -0.199
    0.660765    0.667531   -3.132016  -0.308   0.076   0.172
    0.660765    0.699318   -3.061628  -0.314   0.114   0.136
    0.660765    0.731106   -2.987582  -0.314   0.142   0.104
    0.660765    0.762893   -2.911302  -0.308   0.168   0.076
    0.660765    0.794680   -2.833857  -0.300   0.190   0.050
    0.660765    0.826467   -2.756082  -0.288   0.204   0.024
    0.660765    0.858254   -2.678695  -0.276   0.216   0.000
    0.660765    0.890042   -2.602426  -0.264   0.222  -0.020
    0.660765    0.921829   -2.528177  -0.258   0.214  -0.036
    0.660765    0.953616   -2.457143  -0.264   0.190  -0.044
    0.660765    0.985403   -2.390763  -0.284   0.132  -0.034
    0.660765    1.017190   -2.330399  -0.322   0.038   0.002
    0.660765    1.048978   -2.277397  -0.342  -0.072   0.066
    0.660765    1.080765   -2.234976  -0.324  -0.126   0.134
    0.660765    1.112552   -2.208862  -0.280  -0.104   0.190
    0.660765    1.144339   -2.203293  -0.226  -0.022   0.226
    0.660765    1.176126   -2.215772  -0.152   0.104   0.224
    0.660765    1.207914   -2.235891  -0.076   0.230   0.174
    0.660765    1.239701   -2.252231  -0.024   0.308   0.088
    0.692230    0.000000   -2.251128   0.000   0.318   0.000
    0.692230    0.031787   -2.241731   0.030   0.268  -0.124
    0.692230    0.063574   -2.216393   0.092   0.122  -0.216
    0.692230    0.095362   -2.187962   0.160  -0.040  -0.238
    0.692230    0.127149   -2.176580   0.212  -0.150  -0.210
    0.692230    0.158936   -2.191813   0.262  -0.204  -0.164
    0.692230    0.190723   -2.228078   0.316  -0.166  -0.100
    0.692230    0.222510   -2.274200   0.318  -0.010  -0.012
    0.692230    0.254298   -2.325599   0.280   0.120   0.034
    0.692230    0.286085   -2.383135   0.266   0.178   0.042
    0.692230    0.317872   -2.446224   0.270   0.200   0.034
    0.692230    0.349659   -2.513585   0.284   0.204   0.018
    0.692230    0.381446   -2.584146   0.302   0.200  -0.004
    0.692230    0.413234   -2.657144   0.316   0.190  -0.028
    0.692230    0.445021   -2.732002   0.328   0.178  -0.050
    0.692230    0.476808   -2.808188   0.336   0.162  -0.074
    0.692230    0.508595   -2.885098   0.344   0.144  -0.100
    0.692230    0.540382   -2.961991   0.344   0.122  -0.124
    0.692230    0.572170   -3.037920   0.342   0.098  -0.152
    0.692230    0.603957   -3.111654   0.336   0.068  -0.180
    0.692230    0.635744   -3.181573   0.308   0.032  -0.204
    0.692230    0.667531   -3.111654  -0.336   0.068   0.180
    0.692230    0.699318   -3.037920  -0.342   0.098   0.152
    0.692230    0.731106   -2.961991  -0.344   0.122   0.124
    0.692230    0.762893   -2.885098  -0.344   0.144   0.100
    0.692230    0.794680   -2.808188  -0.336   0.162   0.074
    0.692230    0.826467   -2.732002  -0.328   0.178   0.050
    0.692230    0.858254   -2.657144  -0.316   0.190   0.028
    0.692230    0.890042   -2.584146  -0.302   0.200   0.004
    0.692230    0.921829   -2.513585  -0.284   0.204  -0.018
    0.692230    0.953616   -2.446224  -0.270   0.200  -0.034
    0.692230    0.985403   -2.383135  -0.266   0.178  -0.042
    0.692230    1.017190   -2.325599  -0.280   0.120  -0.034
    0.692230    1.048978   -2.274200  -0.318  -0.010   0.012
    0.692230    1.080765   -2.228078  -0.316  -0.166   0.100
    0.692230    1.112552   -2.191813  -0.262  -0.204   0.164
    0.692230    1.144339   -2.176580  -0.212  -0.150   0.210
    0.692230    1.176126   -2.187962  -0.160  -0.040   0.238
    0.692230    1.207914   -2.216393  -0.092   0.122   0.216
    0.692230    1.239701   -2.241731  -0.030   0.268   0.124
    0.723695    0.000000   -2.249011   0.000   0.304   0.000
    0.723695    0.031787   -2.234044   0.036   0.198  -0.162
    0.723695    0.063574   -2.194987   0.094  -0.022  -0.230
    0.723695    0.095362   -2.160190   0.140  -0.162  -0.210
    0.723695    0.127149   -2.157967   0.170  -0.240  -0.164
    0.723695    0.158936   -2.187515   0.236  -0.274  -0.118
    0.723695    0.190723   -2.230448   0.312  -0.112  -0.022
    0.723695    0.222510   -2.274128   0.272   0.090   0.048
    0.723695    0.254298   -2.323207   0.262   0.158   0.056
    0.723695    0.286085   -2.378117   0.278   0.174   0.046
    0.723695    0.317872   -2.437648   0.296   0.180   0.028
    0.723695    0.349659   -2.500925   0.318   0.176   0.006
    0.723695    0.381446   -2.567442   0.336   0.168  -0.018
    0.723695    0.413234   -2.636876   0.348   0.160  -0.042
    0.723695    0.445021   -2.708911   0.358   0.148  -0.066
    0.723695    0.476808   -2.783155   0.364   0.134  -0.090
    0.723695    0.508595   -2.859081   0.368   0.120  -0.112
    0.723695    0.540382   -2.936007   0.368   0.104  -0.138
    0.723695    0.572170   -3.013075   0.362   0.082  -0.160
    0.723695    0.603957   -3.089223   0.356   0.060  -0.186
    0.723695    0.635744   -3.163096   0.326   0.032  -0.203
    0.723695    0.667531   -3.089223  -0.356   0.060   0.186
    0.723695    0.699318   -3.013075  -0.362   0.082   0.160
    0.723695    0.731106   -2.936007  -0.368   0.104   0.138
    0.723695    0.762893   -2.859081  -0.368   0.120   0.112
    0.723695    0.794680   -2.783155  -0.364   0.134   0.090
    0.723695    0.826467   -2.708911  -0.358   0.148   0.066
    0.723695    0.858254   -2.636876  -0.348   0.160   0.042
    0.723695    0.890042   -2.567442  -0.336   0.168   0.018
    0.723695    0.921829   -2.500925  -0.318   0.176  -0.006
    0.723695    0.953616   -2.437648  -0.296   0.180  -0.028
    0.723695    0.985403   -2.378117  -0.278   0.174  -0.046
    0.723695    1.017190   -2.323207  -0.262   0.158  -0.056
    0.723695    1.048978   -2.274128  -0.272   0.090  -0.048
    0.723695    1.080765   -2.230448  -0.312  -0.112   0.022
    0.723695    1.112552   -2.187515  -0.236  -0.274   0.118
    0.723695    1.144339   -2.157967  -0.170  -0.240   0.164
    0.723695    1.176126   -2.160190  -0.140  -0.162   0.210
    0.723695    1.207914   -2.194987  -0.094  -0.022   0.230
    0.723695    1.239701   -2.234044  -0.036   0.198   0.162
    0.755160    0.000000   -2.253824   0.000   0.294   0.000
    0.755160    0.031787   -2.229439   0.034   0.092  -0.192
    0.755160    0.063574   -2.171267   0.078  -0.134  -0.210
    0.755160    0.095362   -2.135990   0.092  -0.226  -0.160
    0.755160    0.127149   -2.150683   0.102  -0.282  -0.102
    0.755160    0.158936   -2.193601   0.228  -0.314  -0.032
    0.755160    0.190723   -2.233808   0.256   0.030   0.080
    0.755160    0.222510   -2.275701   0.250   0.120   0.082
    0.755160    0.254298   -2.323447   0.274   0.142   0.068
    0.755160    0.286085   -2.375661   0.302   0.146   0.050
    0.755160    0.317872   -2.431555   0.326   0.142   0.026
    0.755160    0.349659   -2.490881   0.346   0.138   0.000
    0.755160    0.381446   -2.553617   0.362   0.130  -0.024
    0.755160    0.413234   -2.619740   0.374   0.124  -0.050
    0.755160    0.445021   -2.689115   0.380   0.114  -0.076
    0.755160    0.476808   -2.761433   0.384   0.104  -0.098
    0.755160    0.508595   -2.836219   0.384   0.094  -0.122
    0.755160    0.540382   -2.912833   0.382   0.080  -0.144
    0.755160    0.572170   -2.990486   0.376   0.066  -0.166
    0.755160    0.603957   -3.068235   0.370   0.048  -0.188
    0.755160    0.635744   -3.144946  -0.352   0.028   0.210
    0.755160    0.667531   -3.068235  -0.370   0.048   0.188
    0.755160    0.699318   -2.990486  -0.376   0.066   0.166
    0.755160    0.731106   -2.912833  -0.382   0.080   0.144
    0.755160    0.762893   -2.836219  -0.384   0.094   0.122
    0.755160    0.794680   -2.761433  -0.384   0.104   0.098
    0.755160    0.826467   -2.689115  -0.380   0.114   0.076
    0.755160    0.858254   -2.619740  -0.374   0.124   0.050
    0.755160    0.890042   -2.553617  -0.362   0.130   0.024
    0.755160    0.921829   -2.490881  -0.346   0.138   0.000
    0.755160    0.953616   -2.431555  -0.326   0.142  -0.026
    0.755160    0.985403   -2.375661  -0.302   0.146  -0.050
    0.755160    1.017190   -2.323447  -0.274   0.142  -0.068
    0.755160    1.048978   -2.275701  -0.250   0.120  -0.082
    0.755160    1.080765   -2.233808  -0.256   0.030  -0.080
    0.755160    1.112552   -2.193601  -0.228  -0.314   0.032
    0.755160    1.144339   -2.150683  -0.102  -0.282   0.102
    0.755160    1.176126   -2.135990  -0.092  -0.226   0.160
    0.755160    1.207914   -2.171267  -0.078  -0.134   0.210
    0.755160    1.239701   -2.229439  -0.034   0.092   0.192
    0.786625    0.000000   -2.270021   0.000   0.294   0.000
    0.786625    0.031787   -2.231333   0.022   0.010  -0.216
    0.786625    0.063574   -2.147850   0.042  -0.172  -0.194
    0.786625    0.095362   -2.118886   0.024  -0.224  -0.098
    0.786625    0.127149   -2.152915   0.014  -0.262  -0.028
    0.786625    0.158936   -2.199816   0.192  -0.132   0.130
    0.786625    0.190723   -2.236634   0.226   0.070   0.116
    0.786625    0.222510   -2.278720   0.258   0.098   0.098
    0.786625    0.254298   -2.325094   0.294   0.102   0.076
    0.786625    0.286085   -2.374760   0.324   0.100   0.052
    0.786625    0.317872   -2.427549   0.350   0.098   0.028
    0.786625    0.349659   -2.483673   0.368   0.094   0.000
    0.786625    0.381446   -2.543401   0.382   0.088  -0.028
    0.786625    0.413234   -2.606894   0.390   0.084  -0.054
    0.786625    0.445021   -2.674118   0.396   0.078  -0.080
    0.786625    0.476808   -2.744827   0.398   0.072  -0.104
    0.786625    0.508595   -2.818579   0.396   0.064  -0.126
    0.786625    0.540382   -2.894767   0.392   0.056  -0.148
    0.786625    0.572170   -2.972650   0.386   0.046  -0.170
    0.786625    0.603957   -3.051372   0.378   0.036  -0.192
    0.786625    0.635744   -3.129950  -0.298   0.022   0.173
    0.786625    0.667531   -3.051372  -0.378   0.036   0.192
    0.786625    0.699318   -2.972650  -0.386   0.046   0.170
    0.786625    0.731106   -2.894767  -0.392   0.056   0.148
    0.786625    0.762893   -2.818579  -0.396   0.064   0.126
    0.786625    0.794680   -2.744827  -0.398   0.072   0.104
    0.786625    0.826467   -2.674118  -0.396   0.078   0.080
    0.786625    0.858254   -2.606894  -0.390   0.084   0.054
    0.786625    0.890042   -2.543401  -0.382   0.088   0.028
    0.786625    0.921829   -2.483673  -0.368   0.094   0.000
    0.786625    0.953616   -2.427549  -0.350   0.098  -0.028
    0.786625    0.985403   -2.374760  -0.324   0.100  -0.052
    0.786625    1.017190   -2.325094  -0.294   0.102  -0.076
    0.786625    1.048978   -2.278720  -0.258   0.098  -0.098
    0.786625    1.080765   -2.236634  -0.226   0.070  -0.116
    0.786625    1.112552   -2.199816  -0.192  -0.132  -0.130
    0.786625    1.144339   -2.152915  -0.014  -0.262   0.028
    0.786625    1.176126   -2.118886  -0.024  -0.224   0.098
    0.786625    1.207914   -2.147850  -0.042  -0.172   0.194
    0.786625    1.239701   -2.231333  -0.022   0.010   0.216
    0.818090    0.000000   -2.304644   0.000   0.316   0.000
    0.818090    0.031787   -2.242818   0.016  -0.006  -0.284
    0.818090    0.063574   -2.129307  -0.002  -0.134  -0.212
    0.818090    0.095362   -2.109672  -0.044  -0.146  -0.030
    0.818090    0.127149   -2.157961  -0.062  -0.154   0.046
    0.818090    0.158936   -2.201690   0.156  -0.006   0.160
    0.818090    0.190723   -2.239413   0.226   0.044   0.128
    0.818090    0.222510   -2.281476   0.272   0.052   0.104
    0.818090    0.254298   -2.326669   0.308   0.054   0.082
    0.818090    0.286085   -2.374533   0.340   0.052   0.056
    0.818090    0.317872   -2.425276   0.362   0.050   0.028
    0.818090    0.349659   -2.479346   0.380   0.048   0.000
    0.818090    0.381446   -2.537165   0.392   0.044  -0.030
    0.818090    0.413234   -2.598981   0.400   0.044  -0.058
    0.818090    0.445021   -2.664817   0.404   0.040  -0.082
    0.818090    0.476808   -2.734462   0.406   0.036  -0.108
    0.818090    0.508595   -2.807500   0.404   0.034  -0.130
    0.818090    0.540382   -2.883343   0.400   0.028  -0.152
    0.818090    0.572170   -2.961283   0.394   0.024  -0.172
    0.818090    0.603957   -3.040512   0.384   0.016  -0.192
    0.818090    0.635744   -3.120137  -0.358   0.011   0.204
    0.818090    0.667531   -3.040512  -0.384   0.016   0.192
    0.818090    0.699318   -2.961283  -0.394   0.024   0.172
    0.818090    0.731106   -2.883343  -0.400   0.028   0.152
    0.818090    0.762893   -2.807500  -0.404   0.034   0.130
    0.818090    0.794680   -2.734462  -0.406   0.036   0.108
    0.818090    0.826467   -2.664817  -0.404   0.040   0.082
    0.818090    0.858254   -2.598981  -0.400   0.044   0.058
    0.818090    0.890042   -2.537165  -0.392   0.044   0.030
    0.818090    0.921829   -2.479346  -0.380   0.048   0.000
    0.818090    0.953616   -2.425276  -0.362   0.050  -0.028
    0.818090    0.985403   -2.374533  -0.340   0.052  -0.056
    0.818090    1.017190   -2.326669  -0.308   0.054  -0.082
    0.818090    1.048978   -2.281476  -0.272   0.052  -0.104
    0.818090    1.080765   -2.239413  -0.226   0.044  -0.128
    0.818090    1.112552   -2.201690  -0.156  -0.006  -0.160
    0.818090    1.144339   -2.157961   0.062  -0.154  -0.046
    0.818090    1.176126   -2.109672   0.044  -0.146   0.030
    0.818090    1.207914   -2.129307   0.002  -0.134   0.212
    0.818090    1.239701   -2.242818  -0.016  -0.006   0.284
