    #kx         ky         Energy       Sx      Sy      Sz
    #Grid-Size:    27   44
    #Band-Index:   40
    0.000000    0.000000   -1.712829  -0.008  -0.120   0.016
    0.000000    0.031624   -1.725021  -0.236   0.000   0.034
    0.000000    0.063247   -1.786306  -0.260   0.000   0.178
    0.000000    0.094871   -1.852472  -0.240   0.000   0.242
    0.000000    0.126495   -1.921490  -0.192   0.000   0.268
    0.000000    0.158118   -1.994999  -0.132   0.000   0.264
    0.000000    0.189742   -2.073070  -0.078   0.000   0.228
    0.000000    0.221365   -2.151181  -0.084   0.000   0.118
    0.000000    0.252989   -2.209497  -0.010   0.000   0.092
    0.000000    0.284613   -2.261849   0.048   0.000   0.134
    0.000000    0.316236   -2.310034   0.120   0.000   0.158
    0.000000    0.347860   -2.354177   0.198   0.000   0.154
    0.000000    0.379484   -2.395332   0.268   0.000   0.130
    0.000000    0.411107   -2.435189   0.322   0.000   0.088
    0.000000    0.442731   -2.475588   0.362   0.000   0.042
    0.000000    0.474354   -2.518134   0.386   0.000  -0.004
    0.000000    0.505978   -2.564011   0.400   0.000  -0.046
    0.000000    0.537602   -2.613940   0.406   0.000  -0.084
    0.000000    0.569225   -2.668210   0.406   0.000  -0.118
    0.000000    0.600849   -2.726744   0.400   0.000  -0.148
    0.000000    0.632473   -2.789178   0.396   0.000  -0.176
    0.000000    0.664096   -2.854931   0.386   0.000  -0.198
    0.000000    0.695720   -2.923268   0.376   0.000  -0.220
    0.000000    0.727343   -2.993336   0.364   0.000  -0.238
    0.000000    0.758967   -2.993336  -0.364   0.000   0.238
    0.000000    0.790591   -2.923268  -0.376   0.000   0.220
    0.000000    0.822214   -2.854931  -0.386   0.000   0.198
    0.000000    0.853838   -2.789178  -0.396   0.000   0.176
    0.000000    0.885462   -2.726744  -0.400   0.000   0.148
    0.000000    0.917085   -2.668210  -0.406   0.000   0.118
    0.000000    0.948709   -2.613940  -0.406   0.000   0.084
    0.000000    0.980332   -2.564011  -0.400   0.000   0.046
    0.000000    1.011956   -2.518134  -0.386   0.000   0.004
    0.000000    1.043580   -2.475588  -0.362   0.000  -0.042
    0.000000    1.075203   -2.435189  -0.322   0.000  -0.088
    0.000000    1.106827   -2.395332  -0.268   0.000  -0.130
    0.000000    1.138451   -2.354177  -0.198   0.000  -0.154
    0.000000    1.170074   -2.310034  -0.120   0.000  -0.158
    0.000000    1.201698   -2.261849  -0.048   0.000  -0.134
    0.000000    1.233322   -2.209497   0.010   0.000  -0.092
    0.000000    1.264945   -2.151181   0.084   0.000  -0.118
    0.000000    1.296569   -2.073070   0.078   0.000  -0.228
    0.000000    1.328192   -1.994999   0.132   0.000  -0.264
    0.000000    1.359816   -1.921490   0.192   0.000  -0.268
    0.031465    0.000000   -1.761640   0.000   0.300   0.000
    0.031465    0.031624   -1.766943  -0.120   0.260  -0.122
    0.031465    0.063247   -1.807951  -0.206   0.210   0.060
    0.031465    0.094871   -1.863215  -0.220   0.154   0.170
    0.031465    0.126495   -1.925722  -0.188   0.092   0.230
    0.031465    0.158118   -1.994309  -0.138   0.012   0.248
    0.031465    0.189742   -2.067864  -0.096  -0.124   0.220
    0.031465    0.221365   -2.141045  -0.098  -0.380   0.132
    0.031465    0.252989   -2.202242  -0.046  -0.260   0.096
    0.031465    0.284613   -2.256380   0.022  -0.162   0.132
    0.031465    0.316236   -2.305929   0.100  -0.118   0.156
    0.031465    0.347860   -2.351303   0.182  -0.094   0.154
    0.031465    0.379484   -2.393595   0.256  -0.080   0.128
    0.031465    0.411107   -2.434494   0.314  -0.070   0.088
    0.031465    0.442731   -2.475836   0.354  -0.064   0.042
    0.031465    0.474354   -2.519226   0.380  -0.058  -0.004
    0.031465    0.505978   -2.565844   0.394  -0.054  -0.046
    0.031465    0.537602   -2.616408   0.402  -0.050  -0.084
    0.031465    0.569225   -2.671207   0.402  -0.046  -0.118
    0.031465    0.600849   -2.730161   0.400  -0.042  -0.148
    0.031465    0.632473   -2.792902   0.394  -0.038  -0.174
    0.031465    0.664096   -2.858846   0.384  -0.030  -0.198
    0.031465    0.695720   -2.927244   0.376  -0.026  -0.220
    0.031465    0.727343   -2.997234   0.362  -0.020  -0.238
    0.031465    0.758967   -2.997234  -0.362  -0.020   0.238
    0.031465    0.790591   -2.927244  -0.376  -0.026   0.220
    0.031465    0.822214   -2.858846  -0.384  -0.030   0.198
    0.031465    0.853838   -2.792902  -0.394  -0.038   0.174
    0.031465    0.885462   -2.730161  -0.400  -0.042   0.148
    0.031465    0.917085   -2.671207  -0.402  -0.046   0.118
    0.031465    0.948709   -2.616408  -0.402  -0.050   0.084
    0.031465    0.980332   -2.565844  -0.394  -0.054   0.046
    0.031465    1.011956   -2.519226  -0.380  -0.058   0.004
    0.031465    1.043580   -2.475836  -0.354  -0.064  -0.042
    0.031465    1.075203   -2.434494  -0.314  -0.070  -0.088
    0.031465    1.106827   -2.393595  -0.256  -0.080  -0.128
    0.031465    1.138451   -2.351303  -0.182  -0.094  -0.154
    0.031465    1.170074   -2.305929  -0.100  -0.118  -0.156
    0.031465    1.201698   -2.256380  -0.022  -0.162  -0.132
    0.031465    1.233322   -2.202242   0.046  -0.260  -0.096
    0.031465    1.264945   -2.141045   0.098  -0.380  -0.132
    0.031465    1.296569   -2.067864   0.096  -0.124  -0.220
    0.031465    1.328192   -1.994309   0.138   0.012  -0.248
    0.031465    1.359816   -1.925722   0.188   0.092  -0.230
    0.062930    0.000000   -1.873226   0.000   0.154   0.000
    0.062930    0.031624   -1.851792  -0.008   0.288  -0.210
    0.062930    0.063247   -1.857934  -0.096   0.310  -0.108
    0.062930    0.094871   -1.890834  -0.144   0.282   0.012
    0.062930    0.126495   -1.939012  -0.152   0.220   0.118
    0.062930    0.158118   -1.996339  -0.132   0.096   0.192
    0.062930    0.189742   -2.059191  -0.116  -0.128   0.206
    0.062930    0.221365   -2.123393  -0.128  -0.374   0.144
    0.062930    0.252989   -2.184505  -0.108  -0.382   0.108
    0.062930    0.284613   -2.241547  -0.044  -0.298   0.126
    0.062930    0.316236   -2.294345   0.044  -0.232   0.146
    0.062930    0.347860   -2.343024   0.134  -0.188   0.148
    0.062930    0.379484   -2.388535   0.218  -0.160   0.126
    0.062930    0.411107   -2.432466   0.282  -0.140   0.088
    0.062930    0.442731   -2.476586   0.330  -0.126   0.044
    0.062930    0.474354   -2.522465   0.358  -0.114  -0.002
    0.062930    0.505978   -2.571264   0.378  -0.106  -0.044
    0.062930    0.537602   -2.623690   0.386  -0.096  -0.080
    0.062930    0.569225   -2.680023   0.388  -0.088  -0.114
    0.062930    0.600849   -2.740181   0.388  -0.080  -0.144
    0.062930    0.632473   -2.803790   0.384  -0.072  -0.170
    0.062930    0.664096   -2.870249   0.376  -0.062  -0.196
    0.062930    0.695720   -2.938788   0.368  -0.050  -0.216
    0.062930    0.727343   -3.008499   0.356  -0.038  -0.238
    0.062930    0.758967   -3.008499  -0.356  -0.038   0.238
    0.062930    0.790591   -2.938788  -0.368  -0.050   0.216
    0.062930    0.822214   -2.870249  -0.376  -0.062   0.196
    0.062930    0.853838   -2.803790  -0.384  -0.072   0.170
    0.062930    0.885462   -2.740181  -0.388  -0.080   0.144
    0.062930    0.917085   -2.680023  -0.388  -0.088   0.114
    0.062930    0.948709   -2.623690  -0.386  -0.096   0.080
    0.062930    0.980332   -2.571264  -0.378  -0.106   0.044
    0.062930    1.011956   -2.522465  -0.358  -0.114   0.002
    0.062930    1.043580   -2.476586  -0.330  -0.126  -0.044
    0.062930    1.075203   -2.432466  -0.282  -0.140  -0.088
    0.062930    1.106827   -2.388535  -0.218  -0.160  -0.126
    0.062930    1.138451   -2.343024  -0.134  -0.188  -0.148
    0.062930    1.170074   -2.294345  -0.044  -0.232  -0.146
    0.062930    1.201698   -2.241547   0.044  -0.298  -0.126
    0.062930    1.233322   -2.184505   0.108  -0.382  -0.108
    0.062930    1.264945   -2.123393   0.128  -0.374  -0.144
    0.062930    1.296569   -2.059191   0.116  -0.128  -0.206
    0.062930    1.328192   -1.996339   0.132   0.096  -0.192
    0.062930    1.359816   -1.939012   0.152   0.220  -0.118
    0.094395    0.000000   -1.948864   0.000   0.204   0.000
    0.094395    0.031624   -1.931584   0.048   0.270  -0.168
    0.094395    0.063247   -1.918646   0.014   0.320  -0.170
    0.094395    0.094871   -1.929748  -0.018   0.338  -0.110
    0.094395    0.126495   -1.960914  -0.024   0.342  -0.028
    0.094395    0.158118   -2.005565  -0.012   0.306   0.066
    0.094395    0.189742   -2.057574  -0.026   0.084   0.166
    0.094395    0.221365   -2.111050  -0.104  -0.284   0.152
    0.094395    0.252989   -2.166359  -0.138  -0.390   0.118
    0.094395    0.284613   -2.222940  -0.112  -0.376   0.122
    0.094395    0.316236   -2.278237  -0.036  -0.326   0.138
    0.094395    0.347860   -2.330849   0.060  -0.278   0.140
    0.094395    0.379484   -2.380877   0.152  -0.238   0.124
    0.094395    0.411107   -2.429404   0.228  -0.210   0.090
    0.094395    0.442731   -2.477894   0.284  -0.188   0.048
    0.094395    0.474354   -2.527739   0.324  -0.170   0.006
    0.094395    0.505978   -2.580011   0.348  -0.156  -0.036
    0.094395    0.537602   -2.635374   0.362  -0.144  -0.074
    0.094395    0.569225   -2.694091   0.370  -0.130  -0.108
    0.094395    0.600849   -2.756080   0.370  -0.118  -0.138
    0.094395    0.632473   -2.820958   0.368  -0.104  -0.166
    0.094395    0.664096   -2.888113   0.362  -0.088  -0.192
    0.094395    0.695720   -2.956739   0.354  -0.072  -0.214
    0.094395    0.727343   -3.025847   0.344  -0.054  -0.236
    0.094395    0.758967   -3.025847  -0.344  -0.054   0.236
    0.094395    0.790591   -2.956739  -0.354  -0.072   0.214
    0.094395    0.822214   -2.888113  -0.362  -0.088   0.192
    0.094395    0.853838   -2.820958  -0.368  -0.104   0.166
    0.094395    0.885462   -2.756080  -0.370  -0.118   0.138
    0.094395    0.917085   -2.694091  -0.370  -0.130   0.108
    0.094395    0.948709   -2.635374  -0.362  -0.144   0.074
    0.094395    0.980332   -2.580011  -0.348  -0.156   0.036
    0.094395    1.011956   -2.527739  -0.324  -0.170  -0.006
    0.094395    1.043580   -2.477894  -0.284  -0.188  -0.048
    0.094395    1.075203   -2.429404  -0.228  -0.210  -0.090
    0.094395    1.106827   -2.380877  -0.152  -0.238  -0.124
    0.094395    1.138451   -2.330849  -0.060  -0.278  -0.140
    0.094395    1.170074   -2.278237   0.036  -0.326  -0.138
    0.094395    1.201698   -2.222940   0.112  -0.376  -0.122
    0.094395    1.233322   -2.166359   0.138  -0.390  -0.118
    0.094395    1.264945   -2.111050   0.104  -0.284  -0.152
    0.094395    1.296569   -2.057574   0.026   0.084  -0.166
    0.094395    1.328192   -2.005565   0.012   0.306  -0.066
    0.094395    1.359816   -1.960914   0.024   0.342   0.028
    0.125860    0.000000   -2.014571   0.000   0.190   0.000
    0.125860    0.031624   -2.001615   0.090   0.238  -0.116
    0.125860    0.063247   -1.983365   0.100   0.292  -0.160
    0.125860    0.094871   -1.979399   0.098   0.332  -0.150
    0.125860    0.126495   -1.993053   0.114   0.364  -0.112
    0.125860    0.158118   -2.021668   0.148   0.388  -0.060
    0.125860    0.189742   -2.061563   0.190   0.374  -0.002
    0.125860    0.221365   -2.108477   0.138   0.156   0.074
    0.125860    0.252989   -2.157808  -0.060  -0.232   0.114
    0.125860    0.284613   -2.209772  -0.138  -0.372   0.126
    0.125860    0.316236   -2.263976  -0.106  -0.380   0.136
    0.125860    0.347860   -2.318629  -0.024  -0.348   0.138
    0.125860    0.379484   -2.372725   0.068  -0.308   0.122
    0.125860    0.411107   -2.426310   0.154  -0.274   0.096
    0.125860    0.442731   -2.480069   0.220  -0.246   0.058
    0.125860    0.474354   -2.534895   0.268  -0.224   0.018
    0.125860    0.505978   -2.591581   0.302  -0.204  -0.022
    0.125860    0.537602   -2.650655   0.324  -0.186  -0.060
    0.125860    0.569225   -2.712336   0.336  -0.170  -0.094
    0.125860    0.600849   -2.776523   0.344  -0.152  -0.126
    0.125860    0.632473   -2.842839   0.346  -0.134  -0.156
    0.125860    0.664096   -2.910658   0.342  -0.114  -0.182
    0.125860    0.695720   -2.979122   0.336  -0.092  -0.208
    0.125860    0.727343   -3.047128   0.326  -0.066  -0.234
    0.125860    0.758967   -3.047128  -0.326  -0.066   0.234
    0.125860    0.790591   -2.979122  -0.336  -0.092   0.208
    0.125860    0.822214   -2.910658  -0.342  -0.114   0.182
    0.125860    0.853838   -2.842839  -0.346  -0.134   0.156
    0.125860    0.885462   -2.776523  -0.344  -0.152   0.126
    0.125860    0.917085   -2.712336  -0.336  -0.170   0.094
    0.125860    0.948709   -2.650655  -0.324  -0.186   0.060
    0.125860    0.980332   -2.591581  -0.302  -0.204   0.022
    0.125860    1.011956   -2.534895  -0.268  -0.224  -0.018
    0.125860    1.043580   -2.480069  -0.220  -0.246  -0.058
    0.125860    1.075203   -2.426310  -0.154  -0.274  -0.096
    0.125860    1.106827   -2.372725  -0.068  -0.308  -0.122
    0.125860    1.138451   -2.318629   0.024  -0.348  -0.138
    0.125860    1.170074   -2.263976   0.106  -0.380  -0.136
    0.125860    1.201698   -2.209772   0.138  -0.372  -0.126
    0.125860    1.233322   -2.157808   0.060  -0.232  -0.114
    0.125860    1.264945   -2.108477  -0.138   0.156  -0.074
    0.125860    1.296569   -2.061563  -0.190   0.374   0.002
    0.125860    1.328192   -2.021668  -0.148   0.388   0.060
    0.125860    1.359816   -1.993053  -0.114   0.364   0.112
    0.157325    0.000000   -2.072886   0.000   0.140   0.000
    0.157325    0.031624   -2.063877   0.112   0.186  -0.072
    0.157325    0.063247   -2.047766   0.144   0.246  -0.126
    0.157325    0.094871   -2.037559   0.164   0.294  -0.142
    0.157325    0.126495   -2.038751   0.184   0.330  -0.132
    0.157325    0.158118   -2.052169   0.210   0.356  -0.108
    0.157325    0.189742   -2.077104   0.236   0.366  -0.078
    0.157325    0.221365   -2.112566   0.250   0.346  -0.046
    0.157325    0.252989   -2.157175   0.212   0.246   0.000
    0.157325    0.284613   -2.207835   0.036  -0.062   0.086
    0.157325    0.316236   -2.259615  -0.118  -0.348   0.146
    0.157325    0.347860   -2.312873  -0.090  -0.384   0.146
    0.157325    0.379484   -2.368369  -0.016  -0.360   0.132
    0.157325    0.411107   -2.425557   0.064  -0.328   0.108
    0.157325    0.442731   -2.484060   0.134  -0.298   0.074
    0.157325    0.474354   -2.543871   0.192  -0.272   0.038
    0.157325    0.505978   -2.605186   0.236  -0.250   0.002
    0.157325    0.537602   -2.668205   0.268  -0.228  -0.036
    0.157325    0.569225   -2.732991   0.288  -0.208  -0.070
    0.157325    0.600849   -2.799396   0.304  -0.186  -0.104
    0.157325    0.632473   -2.867026   0.310  -0.164  -0.138
    0.157325    0.664096   -2.935226   0.314  -0.138  -0.168
    0.157325    0.695720   -3.003064   0.310  -0.108  -0.198
    0.157325    0.727343   -3.069286   0.302  -0.072  -0.228
    0.157325    0.758967   -3.069286  -0.302  -0.072   0.228
    0.157325    0.790591   -3.003064  -0.310  -0.108   0.198
    0.157325    0.822214   -2.935226  -0.314  -0.138   0.168
    0.157325    0.853838   -2.867026  -0.310  -0.164   0.138
    0.157325    0.885462   -2.799396  -0.304  -0.186   0.104
    0.157325    0.917085   -2.732991  -0.288  -0.208   0.070
    0.157325    0.948709   -2.668205  -0.268  -0.228   0.036
    0.157325    0.980332   -2.605186  -0.236  -0.250  -0.002
    0.157325    1.011956   -2.543871  -0.192  -0.272  -0.038
    0.157325    1.043580   -2.484060  -0.134  -0.298  -0.074
    0.157325    1.075203   -2.425557  -0.064  -0.328  -0.108
    0.157325    1.106827   -2.368369   0.016  -0.360  -0.132
    0.157325    1.138451   -2.312873   0.090  -0.384  -0.146
    0.157325    1.170074   -2.259615   0.118  -0.348  -0.146
    0.157325    1.201698   -2.207835  -0.036  -0.062  -0.086
    0.157325    1.233322   -2.157175  -0.212   0.246   0.000
    0.157325    1.264945   -2.112566  -0.250   0.346   0.046
    0.157325    1.296569   -2.077104  -0.236   0.366   0.078
    0.157325    1.328192   -2.052169  -0.210   0.356   0.108
    0.157325    1.359816   -2.038751  -0.184   0.330   0.132
    0.188790    0.000000   -2.124427   0.000   0.068   0.000
    0.188790    0.031624   -2.117831   0.036   0.116  -0.046
    0.188790    0.063247   -2.107061   0.102   0.178  -0.102
    0.188790    0.094871   -2.097788   0.154   0.232  -0.132
    0.188790    0.126495   -2.094101   0.192   0.276  -0.138
    0.188790    0.158118   -2.098114   0.224   0.310  -0.130
    0.188790    0.189742   -2.110987   0.246   0.332  -0.116
    0.188790    0.221365   -2.133602   0.266   0.340  -0.100
    0.188790    0.252989   -2.166587   0.274   0.330  -0.078
    0.188790    0.284613   -2.209943   0.264   0.286  -0.046
    0.188790    0.316236   -2.262255   0.190   0.140   0.024
    0.188790    0.347860   -2.318032  -0.020  -0.242   0.152
    0.188790    0.379484   -2.373099  -0.066  -0.372   0.158
    0.188790    0.411107   -2.430959  -0.020  -0.364   0.136
    0.188790    0.442731   -2.491844   0.040  -0.340   0.108
    0.188790    0.474354   -2.555006   0.096  -0.316   0.076
    0.188790    0.505978   -2.619877   0.146  -0.292   0.042
    0.188790    0.537602   -2.686106   0.186  -0.270   0.008
    0.188790    0.569225   -2.753441   0.216  -0.246  -0.030
    0.188790    0.600849   -2.821571   0.240  -0.222  -0.066
    0.188790    0.632473   -2.890022   0.254  -0.194  -0.100
    0.188790    0.664096   -2.958066   0.266  -0.162  -0.138
    0.188790    0.695720   -3.024640   0.270  -0.124  -0.176
    0.188790    0.727343   -3.088276   0.264  -0.078  -0.214
    0.188790    0.758967   -3.088276  -0.264  -0.078   0.214
    0.188790    0.790591   -3.024640  -0.270  -0.124   0.176
    0.188790    0.822214   -2.958066  -0.266  -0.162   0.138
    0.188790    0.853838   -2.890022  -0.254  -0.194   0.100
    0.188790    0.885462   -2.821571  -0.240  -0.222   0.066
    0.188790    0.917085   -2.753441  -0.216  -0.246   0.030
    0.188790    0.948709   -2.686106  -0.186  -0.270  -0.008
    0.188790    0.980332   -2.619877  -0.146  -0.292  -0.042
    0.188790    1.011956   -2.555006  -0.096  -0.316  -0.076
    0.188790    1.043580   -2.491844  -0.040  -0.340  -0.108
    0.188790    1.075203   -2.430959   0.020  -0.364  -0.136
    0.188790    1.106827   -2.373099   0.066  -0.372  -0.158
    0.188790    1.138451   -2.318032   0.020  -0.242  -0.152
    0.188790    1.170074   -2.262255  -0.190   0.140  -0.024
    0.188790    1.201698   -2.209943  -0.264   0.286   0.046
    0.188790    1.233322   -2.166587  -0.274   0.330   0.078
    0.188790    1.264945   -2.133602  -0.266   0.340   0.100
    0.188790    1.296569   -2.110987  -0.246   0.332   0.116
    0.188790    1.328192   -2.098114  -0.224   0.310   0.130
    0.188790    1.359816   -2.094101  -0.192   0.276   0.138
    0.220255    0.000000   -2.165582   0.000   0.024   0.000
    0.220255    0.031624   -2.162316  -0.184   0.032  -0.076
    0.220255    0.063247   -2.157562  -0.048   0.076  -0.122
    0.220255    0.094871   -2.153143   0.070   0.134  -0.150
    0.220255    0.126495   -2.150705   0.150   0.190  -0.160
    0.220255    0.158118   -2.151859   0.202   0.236  -0.160
    0.220255    0.189742   -2.158215   0.240   0.270  -0.154
    0.220255    0.221365   -2.171507   0.268   0.290  -0.140
    0.220255    0.252989   -2.193500   0.290   0.298  -0.122
    0.220255    0.284613   -2.225664   0.300   0.292  -0.100
    0.220255    0.316236   -2.268672   0.296   0.258  -0.070
    0.220255    0.347860   -2.321860   0.264   0.180  -0.020
    0.220255    0.379484   -2.382345   0.158  -0.026   0.078
    0.220255    0.411107   -2.444064  -0.006  -0.306   0.174
    0.220255    0.442731   -2.505607  -0.038  -0.366   0.164
    0.220255    0.474354   -2.569275  -0.008  -0.354   0.136
    0.220255    0.505978   -2.635037   0.032  -0.334   0.106
    0.220255    0.537602   -2.702275   0.072  -0.312   0.078
    0.220255    0.569225   -2.770410   0.108  -0.290   0.044
    0.220255    0.600849   -2.838896   0.138  -0.266   0.010
    0.220255    0.632473   -2.907092   0.164  -0.238  -0.026
    0.220255    0.664096   -2.974115   0.184  -0.200  -0.070
    0.220255    0.695720   -3.038697   0.200  -0.152  -0.120
    0.220255    0.727343   -3.099057   0.204  -0.094  -0.174
    0.220255    0.758967   -3.099057  -0.204  -0.094   0.174
    0.220255    0.790591   -3.038697  -0.200  -0.152   0.120
    0.220255    0.822214   -2.974115  -0.184  -0.200   0.070
    0.220255    0.853838   -2.907092  -0.164  -0.238   0.026
    0.220255    0.885462   -2.838896  -0.138  -0.266  -0.010
    0.220255    0.917085   -2.770410  -0.108  -0.290  -0.044
    0.220255    0.948709   -2.702275  -0.072  -0.312  -0.078
    0.220255    0.980332   -2.635037  -0.032  -0.334  -0.106
    0.220255    1.011956   -2.569275   0.008  -0.354  -0.136
    0.220255    1.043580   -2.505607   0.038  -0.366  -0.164
    0.220255    1.075203   -2.444064   0.006  -0.306  -0.174
    0.220255    1.106827   -2.382345  -0.158  -0.026  -0.078
    0.220255    1.138451   -2.321860  -0.264   0.180   0.020
    0.220255    1.170074   -2.268672  -0.296   0.258   0.070
    0.220255    1.201698   -2.225664  -0.300   0.292   0.100
    0.220255    1.233322   -2.193500  -0.290   0.298   0.122
    0.220255    1.264945   -2.171507  -0.268   0.290   0.140
    0.220255    1.296569   -2.158215  -0.240   0.270   0.154
    0.220255    1.328192   -2.151859  -0.202   0.236   0.160
    0.220255    1.359816   -2.150705  -0.150   0.190   0.160
    0.251720    0.000000   -2.205759   0.000   0.050   0.000
    0.251720    0.031624   -2.201728  -0.286  -0.030  -0.122
    0.251720    0.063247   -2.200244  -0.164  -0.024  -0.158
    0.251720    0.094871   -2.200617  -0.030   0.014  -0.184
    0.251720    0.126495   -2.202065   0.082   0.066  -0.200
    0.251720    0.158118   -2.204789   0.164   0.120  -0.200
    0.251720    0.189742   -2.209843   0.224   0.168  -0.190
    0.251720    0.221365   -2.218907   0.266   0.200  -0.174
    0.251720    0.252989   -2.234057   0.296   0.222  -0.154
    0.251720    0.284613   -2.257446   0.316   0.230  -0.130
    0.251720    0.316236   -2.290857   0.320   0.222  -0.102
    0.251720    0.347860   -2.335143   0.316   0.198  -0.072
    0.251720    0.379484   -2.389774   0.292   0.150  -0.034
    0.251720    0.411107   -2.452625   0.232   0.056   0.026
    0.251720    0.442731   -2.519773   0.104  -0.130   0.130
    0.251720    0.474354   -2.586025  -0.042  -0.328   0.210
    0.251720    0.505978   -2.650666  -0.074  -0.366   0.202
    0.251720    0.537602   -2.715662  -0.060  -0.356   0.178
    0.251720    0.569225   -2.781330  -0.034  -0.340   0.156
    0.251720    0.600849   -2.847266  -0.010  -0.324   0.134
    0.251720    0.632473   -2.912822   0.014  -0.302   0.108
    0.251720    0.664096   -2.977074   0.038  -0.276   0.076
    0.251720    0.695720   -3.038646   0.062  -0.236   0.028
    0.251720    0.727343   -3.095467   0.088  -0.170  -0.048
    0.251720    0.758967   -3.095467  -0.088  -0.170   0.048
    0.251720    0.790591   -3.038646  -0.062  -0.236  -0.028
    0.251720    0.822214   -2.977074  -0.038  -0.276  -0.076
    0.251720    0.853838   -2.912822  -0.014  -0.302  -0.108
    0.251720    0.885462   -2.847266   0.010  -0.324  -0.134
    0.251720    0.917085   -2.781330   0.034  -0.340  -0.156
    0.251720    0.948709   -2.715662   0.060  -0.356  -0.178
    0.251720    0.980332   -2.650666   0.074  -0.366  -0.202
    0.251720    1.011956   -2.586025   0.042  -0.328  -0.210
    0.251720    1.043580   -2.519773  -0.104  -0.130  -0.130
    0.251720    1.075203   -2.452625  -0.232   0.056  -0.026
    0.251720    1.106827   -2.389774  -0.292   0.150   0.034
    0.251720    1.138451   -2.335143  -0.316   0.198   0.072
    0.251720    1.170074   -2.290857  -0.320   0.222   0.102
    0.251720    1.201698   -2.257446  -0.316   0.230   0.130
    0.251720    1.233322   -2.234057  -0.296   0.222   0.154
    0.251720    1.264945   -2.218907  -0.266   0.200   0.174
    0.251720    1.296569   -2.209843  -0.224   0.168   0.190
    0.251720    1.328192   -2.204789  -0.164   0.120   0.200
    0.251720    1.359816   -2.202065  -0.082   0.066   0.200
    0.283185    0.000000   -2.241278   0.000  -0.154   0.000
    0.283185    0.031624   -2.237963  -0.270  -0.116  -0.130
    0.283185    0.063247   -2.237845  -0.194  -0.118  -0.166
    0.283185    0.094871   -2.241232  -0.082  -0.102  -0.196
    0.283185    0.126495   -2.246289   0.032  -0.066  -0.214
    0.283185    0.158118   -2.252098   0.128  -0.020  -0.220
    0.283185    0.189742   -2.258879   0.204   0.028  -0.212
    0.283185    0.221365   -2.267786   0.262   0.074  -0.194
    0.283185    0.252989   -2.280624   0.302   0.110  -0.170
    0.283185    0.284613   -2.299538   0.326   0.134  -0.140
    0.283185    0.316236   -2.326608   0.338   0.146  -0.114
    0.283185    0.347860   -2.363354   0.338   0.150  -0.086
    0.283185    0.379484   -2.410228   0.326   0.142  -0.060
    0.283185    0.411107   -2.466320   0.302   0.118  -0.032
    0.283185    0.442731   -2.529436   0.258   0.072   0.004
    0.283185    0.474354   -2.596388   0.176  -0.018   0.068
    0.283185    0.505978   -2.663185   0.038  -0.182   0.172
    0.283185    0.537602   -2.726514  -0.086  -0.316   0.244
    0.283185    0.569225   -2.787181  -0.120  -0.348   0.248
    0.283185    0.600849   -2.846854  -0.120  -0.346   0.240
    0.283185    0.632473   -2.905778  -0.114  -0.340   0.234
    0.283185    0.664096   -2.963431  -0.110  -0.332   0.228
    0.283185    0.695720   -3.018803  -0.106  -0.320   0.216
    0.283185    0.727343   -3.070309  -0.098  -0.300   0.190
    0.283185    0.758967   -3.070309   0.098  -0.300  -0.190
    0.283185    0.790591   -3.018803   0.106  -0.320  -0.216
    0.283185    0.822214   -2.963431   0.110  -0.332  -0.228
    0.283185    0.853838   -2.905778   0.114  -0.340  -0.234
    0.283185    0.885462   -2.846854   0.120  -0.346  -0.240
    0.283185    0.917085   -2.787181   0.120  -0.348  -0.248
    0.283185    0.948709   -2.726514   0.086  -0.316  -0.244
    0.283185    0.980332   -2.663185  -0.038  -0.182  -0.172
    0.283185    1.011956   -2.596388  -0.176  -0.018  -0.068
    0.283185    1.043580   -2.529436  -0.258   0.072  -0.004
    0.283185    1.075203   -2.466320  -0.302   0.118   0.032
    0.283185    1.106827   -2.410228  -0.326   0.142   0.060
    0.283185    1.138451   -2.363354  -0.338   0.150   0.086
    0.283185    1.170074   -2.326608  -0.338   0.146   0.114
    0.283185    1.201698   -2.299538  -0.326   0.134   0.140
    0.283185    1.233322   -2.280624  -0.302   0.110   0.170
    0.283185    1.264945   -2.267786  -0.262   0.074   0.194
    0.283185    1.296569   -2.258879  -0.204   0.028   0.212
    0.283185    1.328192   -2.252098  -0.128  -0.020   0.220
    0.283185    1.359816   -2.246289  -0.032  -0.066   0.214
    0.314650    0.000000   -2.273250   0.000  -0.208   0.000
    0.314650    0.031624   -2.271630  -0.194  -0.194  -0.102
    0.314650    0.063247   -2.272403  -0.170  -0.198  -0.144
    0.314650    0.094871   -2.277308  -0.088  -0.198  -0.174
    0.314650    0.126495   -2.284703   0.008  -0.182  -0.196
    0.314650    0.158118   -2.293251   0.104  -0.152  -0.206
    0.314650    0.189742   -2.302635   0.188  -0.110  -0.198
    0.314650    0.221365   -2.313484   0.252  -0.066  -0.180
    0.314650    0.252989   -2.327140   0.302  -0.022  -0.158
    0.314650    0.284613   -2.345370   0.334   0.016  -0.130
    0.314650    0.316236   -2.370020   0.350   0.050  -0.102
    0.314650    0.347860   -2.402588   0.356   0.072  -0.078
    0.314650    0.379484   -2.443808   0.350   0.088  -0.056
    0.314650    0.411107   -2.493342   0.336   0.098  -0.040
    0.314650    0.442731   -2.549733   0.310   0.094  -0.024
    0.314650    0.474354   -2.610665   0.272   0.076  -0.006
    0.314650    0.505978   -2.673361   0.214   0.028   0.028
    0.314650    0.537602   -2.734867   0.122  -0.068   0.094
    0.314650    0.569225   -2.792462  -0.002  -0.202   0.188
    0.314650    0.600849   -2.845499  -0.086  -0.290   0.240
    0.314650    0.632473   -2.895497  -0.120  -0.316   0.256
    0.314650    0.664096   -2.943360  -0.136  -0.322   0.260
    0.314650    0.695720   -2.988903  -0.142  -0.320   0.258
    0.314650    0.727343   -3.031212  -0.148  -0.316   0.252
    0.314650    0.758967   -3.031212   0.148  -0.316  -0.252
    0.314650    0.790591   -2.988903   0.142  -0.320  -0.258
    0.314650    0.822214   -2.943360   0.136  -0.322  -0.260
    0.314650    0.853838   -2.895497   0.120  -0.316  -0.256
    0.314650    0.885462   -2.845499   0.086  -0.290  -0.240
    0.314650    0.917085   -2.792462   0.002  -0.202  -0.188
    0.314650    0.948709   -2.734867  -0.122  -0.068  -0.094
    0.314650    0.980332   -2.673361  -0.214   0.028  -0.028
    0.314650    1.011956   -2.610665  -0.272   0.076   0.006
    0.314650    1.043580   -2.549733  -0.310   0.094   0.024
    0.314650    1.075203   -2.493342  -0.336   0.098   0.040
    0.314650    1.106827   -2.443808  -0.350   0.088   0.056
    0.314650    1.138451   -2.402588  -0.356   0.072   0.078
    0.314650    1.170074   -2.370020  -0.350   0.050   0.102
    0.314650    1.201698   -2.345370  -0.334   0.016   0.130
    0.314650    1.233322   -2.327140  -0.302  -0.022   0.158
    0.314650    1.264945   -2.313484  -0.252  -0.066   0.180
    0.314650    1.296569   -2.302635  -0.188  -0.110   0.198
    0.314650    1.328192   -2.293251  -0.104  -0.152   0.206
    0.314650    1.359816   -2.284703  -0.008  -0.182   0.196
    0.346115    0.000000   -2.306662   0.000  -0.252   0.000
    0.346115    0.031624   -2.305681  -0.132  -0.250  -0.066
    0.346115    0.063247   -2.306624  -0.136  -0.258  -0.106
    0.346115    0.094871   -2.311793  -0.076  -0.268  -0.132
    0.346115    0.126495   -2.320151   0.002  -0.268  -0.152
    0.346115    0.158118   -2.330405   0.088  -0.254  -0.160
    0.346115    0.189742   -2.342025   0.168  -0.224  -0.154
    0.346115    0.221365   -2.355309   0.238  -0.186  -0.140
    0.346115    0.252989   -2.371195   0.292  -0.142  -0.120
    0.346115    0.284613   -2.391010   0.330  -0.096  -0.094
    0.346115    0.316236   -2.416162   0.352  -0.052  -0.072
    0.346115    0.347860   -2.447796   0.364  -0.014  -0.050
    0.346115    0.379484   -2.486468   0.364   0.020  -0.036
    0.346115    0.411107   -2.531899   0.354   0.048  -0.024
    0.346115    0.442731   -2.582918   0.336   0.070  -0.020
    0.346115    0.474354   -2.637633   0.314   0.084  -0.018
    0.346115    0.505978   -2.693789   0.282   0.086  -0.018
    0.346115    0.537602   -2.749174   0.238   0.066  -0.008
    0.346115    0.569225   -2.801849   0.180   0.008   0.028
    0.346115    0.600849   -2.850106   0.088  -0.106   0.110
    0.346115    0.632473   -2.892816  -0.022  -0.230   0.200
    0.346115    0.664096   -2.930625  -0.090  -0.292   0.244
    0.346115    0.695720   -2.964859  -0.126  -0.310   0.256
    0.346115    0.727343   -2.995852  -0.148  -0.312   0.254
    0.346115    0.758967   -2.995852   0.148  -0.312  -0.254
    0.346115    0.790591   -2.964859   0.126  -0.310  -0.256
    0.346115    0.822214   -2.930625   0.090  -0.292  -0.244
    0.346115    0.853838   -2.892816   0.022  -0.230  -0.200
    0.346115    0.885462   -2.850106  -0.088  -0.106  -0.110
    0.346115    0.917085   -2.801849  -0.180   0.008  -0.028
    0.346115    0.948709   -2.749174  -0.238   0.066   0.008
    0.346115    0.980332   -2.693789  -0.282   0.086   0.018
    0.346115    1.011956   -2.637633  -0.314   0.084   0.018
    0.346115    1.043580   -2.582918  -0.336   0.070   0.020
    0.346115    1.075203   -2.531899  -0.354   0.048   0.024
    0.346115    1.106827   -2.486468  -0.364   0.020   0.036
    0.346115    1.138451   -2.447796  -0.364  -0.014   0.050
    0.346115    1.170074   -2.416162  -0.352  -0.052   0.072
    0.346115    1.201698   -2.391010  -0.330  -0.096   0.094
    0.346115    1.233322   -2.371195  -0.292  -0.142   0.120
    0.346115    1.264945   -2.355309  -0.238  -0.186   0.140
    0.346115    1.296569   -2.342025  -0.168  -0.224   0.154
    0.346115    1.328192   -2.330405  -0.088  -0.254   0.160
    0.346115    1.359816   -2.320151  -0.002  -0.268   0.152
    0.377580    0.000000   -2.344678   0.000  -0.286   0.000
    0.377580    0.031624   -2.343597  -0.096  -0.288  -0.036
    0.377580    0.063247   -2.343735  -0.104  -0.300  -0.064
    0.377580    0.094871   -2.347980  -0.062  -0.314  -0.084
    0.377580    0.126495   -2.356022   0.004  -0.324  -0.098
    0.377580    0.158118   -2.366827   0.078  -0.318  -0.100
    0.377580    0.189742   -2.379835   0.150  -0.302  -0.096
    0.377580    0.221365   -2.395157   0.216  -0.274  -0.082
    0.377580    0.252989   -2.413441   0.274  -0.236  -0.064
    0.377580    0.284613   -2.435643   0.314  -0.190  -0.044
    0.377580    0.316236   -2.462757   0.342  -0.146  -0.026
    0.377580    0.347860   -2.495525   0.362  -0.098  -0.008
    0.377580    0.379484   -2.534172   0.368  -0.058   0.002
    0.377580    0.411107   -2.578221   0.364  -0.016   0.006
    0.377580    0.442731   -2.626441   0.354   0.022   0.004
    0.377580    0.474354   -2.676991   0.336   0.056  -0.004
    0.377580    0.505978   -2.727718   0.314   0.084  -0.018
    0.377580    0.537602   -2.776590   0.286   0.106  -0.034
    0.377580    0.569225   -2.822085   0.256   0.110  -0.044
    0.377580    0.600849   -2.863360   0.222   0.086  -0.040
    0.377580    0.632473   -2.899949   0.168   0.010   0.010
    0.377580    0.664096   -2.930934   0.058  -0.150   0.130
    0.377580    0.695720   -2.955219  -0.070  -0.282   0.232
    0.377580    0.727343   -2.974105  -0.138  -0.310   0.252
    0.377580    0.758967   -2.974105   0.138  -0.310  -0.252
    0.377580    0.790591   -2.955219   0.070  -0.282  -0.232
    0.377580    0.822214   -2.930934  -0.058  -0.150  -0.130
    0.377580    0.853838   -2.899949  -0.168   0.010  -0.010
    0.377580    0.885462   -2.863360  -0.222   0.086   0.040
    0.377580    0.917085   -2.822085  -0.256   0.110   0.044
    0.377580    0.948709   -2.776590  -0.286   0.106   0.034
    0.377580    0.980332   -2.727718  -0.314   0.084   0.018
    0.377580    1.011956   -2.676991  -0.336   0.056   0.004
    0.377580    1.043580   -2.626441  -0.354   0.022  -0.004
    0.377580    1.075203   -2.578221  -0.364  -0.016  -0.006
    0.377580    1.106827   -2.534172  -0.368  -0.058  -0.002
    0.377580    1.138451   -2.495525  -0.362  -0.098   0.008
    0.377580    1.170074   -2.462757  -0.342  -0.146   0.026
    0.377580    1.201698   -2.435643  -0.314  -0.190   0.044
    0.377580    1.233322   -2.413441  -0.274  -0.236   0.064
    0.377580    1.264945   -2.395157  -0.216  -0.274   0.082
    0.377580    1.296569   -2.379835  -0.150  -0.302   0.096
    0.377580    1.328192   -2.366827  -0.078  -0.318   0.100
    0.377580    1.359816   -2.356022  -0.004  -0.324   0.098
    0.409045    0.000000   -2.389767   0.000  -0.308   0.000
    0.409045    0.031624   -2.388103  -0.072  -0.312  -0.014
    0.409045    0.063247   -2.386566  -0.082  -0.328  -0.028
    0.409045    0.094871   -2.388851  -0.050  -0.344  -0.038
    0.409045    0.126495   -2.395465   0.004  -0.356  -0.044
    0.409045    0.158118   -2.405746   0.068  -0.358  -0.044
    0.409045    0.189742   -2.419189   0.132  -0.348  -0.036
    0.409045    0.221365   -2.435789   0.194  -0.328  -0.024
    0.409045    0.252989   -2.455978   0.246  -0.294  -0.008
    0.409045    0.284613   -2.480424   0.290  -0.256   0.010
    0.409045    0.316236   -2.509791   0.322  -0.214   0.024
    0.409045    0.347860   -2.544492   0.344  -0.170   0.038
    0.409045    0.379484   -2.584461   0.358  -0.126   0.046
    0.409045    0.411107   -2.629000   0.360  -0.082   0.048
    0.409045    0.442731   -2.676721   0.358  -0.038   0.044
    0.409045    0.474354   -2.725646   0.348   0.010   0.032
    0.409045    0.505978   -2.773439   0.332   0.056   0.008
    0.409045    0.537602   -2.817812   0.310   0.098  -0.022
    0.409045    0.569225   -2.857033   0.286   0.136  -0.058
    0.409045    0.600849   -2.890333   0.262   0.166  -0.092
    0.409045    0.632473   -2.917946   0.238   0.174  -0.114
    0.409045    0.664096   -2.940651   0.220   0.162  -0.118
    0.409045    0.695720   -2.959024   0.186   0.082  -0.062
    0.409045    0.727343   -2.970685  -0.062  -0.276   0.226
    0.409045    0.758967   -2.970685   0.062  -0.276  -0.226
    0.409045    0.790591   -2.959024  -0.186   0.082   0.062
    0.409045    0.822214   -2.940651  -0.220   0.162   0.118
    0.409045    0.853838   -2.917946  -0.238   0.174   0.114
    0.409045    0.885462   -2.890333  -0.262   0.166   0.092
    0.409045    0.917085   -2.857033  -0.286   0.136   0.058
    0.409045    0.948709   -2.817812  -0.310   0.098   0.022
    0.409045    0.980332   -2.773439  -0.332   0.056  -0.008
    0.409045    1.011956   -2.725646  -0.348   0.010  -0.032
    0.409045    1.043580   -2.676721  -0.358  -0.038  -0.044
    0.409045    1.075203   -2.629000  -0.360  -0.082  -0.048
    0.409045    1.106827   -2.584461  -0.358  -0.126  -0.046
    0.409045    1.138451   -2.544492  -0.344  -0.170  -0.038
    0.409045    1.170074   -2.509791  -0.322  -0.214  -0.024
    0.409045    1.201698   -2.480424  -0.290  -0.256  -0.010
    0.409045    1.233322   -2.455978  -0.246  -0.294   0.008
    0.409045    1.264945   -2.435789  -0.194  -0.328   0.024
    0.409045    1.296569   -2.419189  -0.132  -0.348   0.036
    0.409045    1.328192   -2.405746  -0.068  -0.358   0.044
    0.409045    1.359816   -2.395465  -0.004  -0.356   0.044
    0.440510    0.000000   -2.389767   0.000   0.308   0.000
    0.440510    0.031624   -2.388103  -0.072   0.312  -0.014
    0.440510    0.063247   -2.386566  -0.082   0.328  -0.028
    0.440510    0.094871   -2.388851  -0.050   0.344  -0.038
    0.440510    0.126495   -2.395465   0.004   0.356  -0.044
    0.440510    0.158118   -2.405746   0.068   0.358  -0.044
    0.440510    0.189742   -2.419189   0.132   0.348  -0.036
    0.440510    0.221365   -2.435790   0.194   0.328  -0.024
    0.440510    0.252989   -2.455978   0.246   0.294  -0.008
    0.440510    0.284613   -2.480424   0.290   0.256   0.010
    0.440510    0.316236   -2.509791   0.322   0.214   0.024
    0.440510    0.347860   -2.544492   0.344   0.170   0.038
    0.440510    0.379484   -2.584461   0.358   0.126   0.046
    0.440510    0.411107   -2.629000   0.360   0.082   0.048
    0.440510    0.442731   -2.676721   0.358   0.038   0.044
    0.440510    0.474354   -2.725646   0.348  -0.010   0.032
    0.440510    0.505978   -2.773439   0.332  -0.056   0.008
    0.440510    0.537602   -2.817812   0.310  -0.098  -0.022
    0.440510    0.569225   -2.857033   0.286  -0.136  -0.058
    0.440510    0.600849   -2.890333   0.262  -0.166  -0.092
    0.440510    0.632473   -2.917946   0.238  -0.174  -0.114
    0.440510    0.664096   -2.940651   0.220  -0.162  -0.118
    0.440510    0.695720   -2.959024   0.186  -0.082  -0.062
    0.440510    0.727343   -2.970685  -0.062   0.276   0.226
    0.440510    0.758967   -2.970685   0.062   0.276  -0.226
    0.440510    0.790591   -2.959024  -0.186  -0.082   0.062
    0.440510    0.822214   -2.940651  -0.220  -0.162   0.118
    0.440510    0.853838   -2.917946  -0.238  -0.174   0.114
    0.440510    0.885462   -2.890333  -0.262  -0.166   0.092
    0.440510    0.917085   -2.857033  -0.286  -0.136   0.058
    0.440510    0.948709   -2.817812  -0.310  -0.098   0.022
    0.440510    0.980332   -2.773439  -0.332  -0.056  -0.008
    0.440510    1.011956   -2.725646  -0.348  -0.010  -0.032
    0.440510    1.043580   -2.676721  -0.358   0.038  -0.044
    0.440510    1.075203   -2.629000  -0.360   0.082  -0.048
    0.440510    1.106827   -2.584461  -0.358   0.126  -0.046
    0.440510    1.138451   -2.544492  -0.344   0.170  -0.038
    0.440510    1.170074   -2.509791  -0.322   0.214  -0.024
    0.440510    1.201698   -2.480424  -0.290   0.256  -0.010
    0.440510    1.233322   -2.455978  -0.246   0.294   0.008
    0.440510    1.264945   -2.435790  -0.194   0.328   0.024
    0.440510    1.296569   -2.419189  -0.132   0.348   0.036
    0.440510    1.328192   -2.405746  -0.068   0.358   0.044
    0.440510    1.359816   -2.395465  -0.004   0.356   0.044
    0.471975    0.000000   -2.344678   0.000   0.286   0.000
    0.471975    0.031624   -2.343597  -0.096   0.288  -0.036
    0.471975    0.063247   -2.343735  -0.104   0.300  -0.064
    0.471975    0.094871   -2.347980  -0.062   0.314  -0.084
    0.471975    0.126495   -2.356022   0.004   0.324  -0.098
    0.471975    0.158118   -2.366827   0.078   0.318  -0.100
    0.471975    0.189742   -2.379835   0.150   0.302  -0.096
    0.471975    0.221365   -2.395157   0.216   0.274  -0.082
    0.471975    0.252989   -2.413441   0.274   0.236  -0.064
    0.471975    0.284613   -2.435643   0.314   0.190  -0.044
    0.471975    0.316236   -2.462757   0.342   0.146  -0.026
    0.471975    0.347860   -2.495525   0.362   0.098  -0.008
    0.471975    0.379484   -2.534172   0.368   0.058   0.002
    0.471975    0.411107   -2.578221   0.364   0.016   0.006
    0.471975    0.442731   -2.626441   0.354  -0.022   0.004
    0.471975    0.474354   -2.676991   0.336  -0.056  -0.004
    0.471975    0.505978   -2.727718   0.314  -0.084  -0.018
    0.471975    0.537602   -2.776590   0.286  -0.106  -0.034
    0.471975    0.569225   -2.822085   0.256  -0.110  -0.044
    0.471975    0.600849   -2.863360   0.222  -0.086  -0.040
    0.471975    0.632473   -2.899949   0.168  -0.010   0.010
    0.471975    0.664096   -2.930934   0.058   0.150   0.130
    0.471975    0.695720   -2.955219  -0.070   0.282   0.232
    0.471975    0.727343   -2.974105  -0.138   0.310   0.252
    0.471975    0.758967   -2.974105   0.138   0.310  -0.252
    0.471975    0.790591   -2.955219   0.070   0.282  -0.232
    0.471975    0.822214   -2.930934  -0.058   0.150  -0.130
    0.471975    0.853838   -2.899949  -0.168  -0.010  -0.010
    0.471975    0.885462   -2.863360  -0.222  -0.086   0.040
    0.471975    0.917085   -2.822085  -0.256  -0.110   0.044
    0.471975    0.948709   -2.776590  -0.286  -0.106   0.034
    0.471975    0.980332   -2.727718  -0.314  -0.084   0.018
    0.471975    1.011956   -2.676991  -0.336  -0.056   0.004
    0.471975    1.043580   -2.626441  -0.354  -0.022  -0.004
    0.471975    1.075203   -2.578221  -0.364   0.016  -0.006
    0.471975    1.106827   -2.534172  -0.368   0.058  -0.002
    0.471975    1.138451   -2.495525  -0.362   0.098   0.008
    0.471975    1.170074   -2.462757  -0.342   0.146   0.026
    0.471975    1.201698   -2.435643  -0.314   0.190   0.044
    0.471975    1.233322   -2.413441  -0.274   0.236   0.064
    0.471975    1.264945   -2.395157  -0.216   0.274   0.082
    0.471975    1.296569   -2.379835  -0.150   0.302   0.096
    0.471975    1.328192   -2.366827  -0.078   0.318   0.100
    0.471975    1.359816   -2.356022  -0.004   0.324   0.098
    0.503440    0.000000   -2.306662   0.000   0.252   0.000
    0.503440    0.031624   -2.305681  -0.132   0.250  -0.066
    0.503440    0.063247   -2.306624  -0.136   0.258  -0.106
    0.503440    0.094871   -2.311793  -0.076   0.268  -0.132
    0.503440    0.126495   -2.320151   0.002   0.268  -0.152
    0.503440    0.158118   -2.330405   0.088   0.254  -0.160
    0.503440    0.189742   -2.342025   0.168   0.224  -0.154
    0.503440    0.221365   -2.355309   0.238   0.186  -0.140
    0.503440    0.252989   -2.371195   0.292   0.142  -0.120
    0.503440    0.284613   -2.391010   0.330   0.096  -0.094
    0.503440    0.316236   -2.416162   0.352   0.052  -0.072
    0.503440    0.347860   -2.447796   0.364   0.014  -0.050
    0.503440    0.379484   -2.486468   0.364  -0.020  -0.036
    0.503440    0.411107   -2.531899   0.354  -0.048  -0.024
    0.503440    0.442731   -2.582918   0.336  -0.070  -0.020
    0.503440    0.474354   -2.637633   0.314  -0.084  -0.018
    0.503440    0.505978   -2.693789   0.282  -0.086  -0.018
    0.503440    0.537602   -2.749174   0.238  -0.066  -0.008
    0.503440    0.569225   -2.801849   0.180  -0.008   0.028
    0.503440    0.600849   -2.850106   0.088   0.106   0.110
    0.503440    0.632473   -2.892816  -0.022   0.230   0.200
    0.503440    0.664096   -2.930625  -0.090   0.292   0.244
    0.503440    0.695720   -2.964859  -0.126   0.310   0.256
    0.503440    0.727343   -2.995851  -0.148   0.312   0.254
    0.503440    0.758967   -2.995851   0.148   0.312  -0.254
    0.503440    0.790591   -2.964859   0.126   0.310  -0.256
    0.503440    0.822214   -2.930625   0.090   0.292  -0.244
    0.503440    0.853838   -2.892816   0.022   0.230  -0.200
    0.503440    0.885462   -2.850106  -0.088   0.106  -0.110
    0.503440    0.917085   -2.801849  -0.180  -0.008  -0.028
    0.503440    0.948709   -2.749174  -0.238  -0.066   0.008
    0.503440    0.980332   -2.693789  -0.282  -0.086   0.018
    0.503440    1.011956   -2.637633  -0.314  -0.084   0.018
    0.503440    1.043580   -2.582918  -0.336  -0.070   0.020
    0.503440    1.075203   -2.531899  -0.354  -0.048   0.024
    0.503440    1.106827   -2.486468  -0.364  -0.020   0.036
    0.503440    1.138451   -2.447796  -0.364   0.014   0.050
    0.503440    1.170074   -2.416162  -0.352   0.052   0.072
    0.503440    1.201698   -2.391010  -0.330   0.096   0.094
    0.503440    1.233322   -2.371195  -0.292   0.142   0.120
    0.503440    1.264945   -2.355309  -0.238   0.186   0.140
    0.503440    1.296569   -2.342025  -0.168   0.224   0.154
    0.503440    1.328192   -2.330405  -0.088   0.254   0.160
    0.503440    1.359816   -2.320151  -0.002   0.268   0.152
    0.534905    0.000000   -2.273250   0.000   0.208   0.000
    0.534905    0.031624   -2.271630  -0.194   0.194  -0.102
    0.534905    0.063247   -2.272403  -0.170   0.198  -0.144
    0.534905    0.094871   -2.277309  -0.088   0.198  -0.174
    0.534905    0.126495   -2.284703   0.008   0.182  -0.196
    0.534905    0.158118   -2.293251   0.104   0.152  -0.206
    0.534905    0.189742   -2.302635   0.188   0.110  -0.198
    0.534905    0.221365   -2.313484   0.252   0.066  -0.180
    0.534905    0.252989   -2.327140   0.302   0.022  -0.158
    0.534905    0.284613   -2.345370   0.334  -0.016  -0.130
    0.534905    0.316236   -2.370020   0.350  -0.050  -0.102
    0.534905    0.347860   -2.402588   0.356  -0.072  -0.078
    0.534905    0.379484   -2.443808   0.350  -0.088  -0.056
    0.534905    0.411107   -2.493342   0.336  -0.098  -0.040
    0.534905    0.442731   -2.549733   0.310  -0.094  -0.024
    0.534905    0.474354   -2.610665   0.272  -0.076  -0.006
    0.534905    0.505978   -2.673361   0.214  -0.028   0.028
    0.534905    0.537602   -2.734867   0.122   0.068   0.094
    0.534905    0.569225   -2.792462  -0.002   0.202   0.188
    0.534905    0.600849   -2.845499  -0.086   0.290   0.240
    0.534905    0.632473   -2.895497  -0.120   0.316   0.256
    0.534905    0.664096   -2.943360  -0.136   0.322   0.260
    0.534905    0.695720   -2.988903  -0.142   0.320   0.258
    0.534905    0.727343   -3.031212  -0.148   0.316   0.252
    0.534905    0.758967   -3.031212   0.148   0.316  -0.252
    0.534905    0.790591   -2.988903   0.142   0.320  -0.258
    0.534905    0.822214   -2.943360   0.136   0.322  -0.260
    0.534905    0.853838   -2.895497   0.120   0.316  -0.256
    0.534905    0.885462   -2.845499   0.086   0.290  -0.240
    0.534905    0.917085   -2.792462   0.002   0.202  -0.188
    0.534905    0.948709   -2.734867  -0.122   0.068  -0.094
    0.534905    0.980332   -2.673361  -0.214  -0.028  -0.028
    0.534905    1.011956   -2.610665  -0.272  -0.076   0.006
    0.534905    1.043580   -2.549733  -0.310  -0.094   0.024
    0.534905    1.075203   -2.493342  -0.336  -0.098   0.040
    0.534905    1.106827   -2.443808  -0.350  -0.088   0.056
    0.534905    1.138451   -2.402588  -0.356  -0.072   0.078
    0.534905    1.170074   -2.370020  -0.350  -0.050   0.102
    0.534905    1.201698   -2.345370  -0.334  -0.016   0.130
    0.534905    1.233322   -2.327140  -0.302   0.022   0.158
    0.534905    1.264945   -2.313484  -0.252   0.066   0.180
    0.534905    1.296569   -2.302635  -0.188   0.110   0.198
    0.534905    1.328192   -2.293251  -0.104   0.152   0.206
    0.534905    1.359816   -2.284703  -0.008   0.182   0.196
    0.566370    0.000000   -2.241278   0.000   0.154   0.000
    0.566370    0.031624   -2.237963  -0.270   0.116  -0.130
    0.566370    0.063247   -2.237845  -0.194   0.118  -0.166
    0.566370    0.094871   -2.241232  -0.082   0.102  -0.196
    0.566370    0.126495   -2.246289   0.032   0.066  -0.214
    0.566370    0.158118   -2.252098   0.128   0.020  -0.220
    0.566370    0.189742   -2.258879   0.204  -0.028  -0.212
    0.566370    0.221365   -2.267786   0.262  -0.074  -0.194
    0.566370    0.252989   -2.280624   0.302  -0.110  -0.170
    0.566370    0.284613   -2.299538   0.326  -0.134  -0.140
    0.566370    0.316236   -2.326608   0.338  -0.146  -0.114
    0.566370    0.347860   -2.363354   0.338  -0.150  -0.086
    0.566370    0.379484   -2.410228   0.326  -0.142  -0.060
    0.566370    0.411107   -2.466320   0.302  -0.118  -0.032
    0.566370    0.442731   -2.529436   0.258  -0.072   0.004
    0.566370    0.474354   -2.596388   0.176   0.018   0.068
    0.566370    0.505978   -2.663185   0.038   0.182   0.172
    0.566370    0.537602   -2.726514  -0.086   0.316   0.244
    0.566370    0.569225   -2.787181  -0.120   0.348   0.248
    0.566370    0.600849   -2.846854  -0.120   0.346   0.240
    0.566370    0.632473   -2.905778  -0.114   0.340   0.234
    0.566370    0.664096   -2.963431  -0.110   0.332   0.228
    0.566370    0.695720   -3.018803  -0.106   0.320   0.216
    0.566370    0.727343   -3.070309  -0.098   0.300   0.190
    0.566370    0.758967   -3.070309   0.098   0.300  -0.190
    0.566370    0.790591   -3.018803   0.106   0.320  -0.216
    0.566370    0.822214   -2.963431   0.110   0.332  -0.228
    0.566370    0.853838   -2.905778   0.114   0.340  -0.234
    0.566370    0.885462   -2.846854   0.120   0.346  -0.240
    0.566370    0.917085   -2.787181   0.120   0.348  -0.248
    0.566370    0.948709   -2.726514   0.086   0.316  -0.244
    0.566370    0.980332   -2.663185  -0.038   0.182  -0.172
    0.566370    1.011956   -2.596388  -0.176   0.018  -0.068
    0.566370    1.043580   -2.529436  -0.258  -0.072  -0.004
    0.566370    1.075203   -2.466320  -0.302  -0.118   0.032
    0.566370    1.106827   -2.410228  -0.326  -0.142   0.060
    0.566370    1.138451   -2.363354  -0.338  -0.150   0.086
    0.566370    1.170074   -2.326608  -0.338  -0.146   0.114
    0.566370    1.201698   -2.299538  -0.326  -0.134   0.140
    0.566370    1.233322   -2.280624  -0.302  -0.110   0.170
    0.566370    1.264945   -2.267786  -0.262  -0.074   0.194
    0.566370    1.296569   -2.258879  -0.204  -0.028   0.212
    0.566370    1.328192   -2.252098  -0.128   0.020   0.220
    0.566370    1.359816   -2.246289  -0.032   0.066   0.214
    0.597835    0.000000   -2.205759   0.000  -0.050   0.000
    0.597835    0.031624   -2.201728  -0.286   0.030  -0.122
    0.597835    0.063247   -2.200244  -0.164   0.024  -0.158
    0.597835    0.094871   -2.200617  -0.030  -0.014  -0.184
    0.597835    0.126495   -2.202065   0.082  -0.066  -0.200
    0.597835    0.158118   -2.204789   0.164  -0.120  -0.200
    0.597835    0.189742   -2.209843   0.224  -0.168  -0.190
    0.597835    0.221365   -2.218907   0.266  -0.200  -0.174
    0.597835    0.252989   -2.234057   0.296  -0.222  -0.154
    0.597835    0.284613   -2.257446   0.316  -0.230  -0.130
    0.597835    0.316236   -2.290857   0.320  -0.222  -0.102
    0.597835    0.347860   -2.335143   0.316  -0.198  -0.072
    0.597835    0.379484   -2.389774   0.292  -0.150  -0.034
    0.597835    0.411107   -2.452625   0.232  -0.056   0.026
    0.597835    0.442731   -2.519773   0.104   0.130   0.130
    0.597835    0.474354   -2.586025  -0.042   0.328   0.210
    0.597835    0.505978   -2.650666  -0.074   0.366   0.202
    0.597835    0.537602   -2.715662  -0.060   0.356   0.178
    0.597835    0.569225   -2.781330  -0.034   0.340   0.156
    0.597835    0.600849   -2.847266  -0.010   0.324   0.134
    0.597835    0.632473   -2.912822   0.014   0.302   0.108
    0.597835    0.664096   -2.977074   0.038   0.276   0.076
    0.597835    0.695720   -3.038646   0.062   0.236   0.028
    0.597835    0.727343   -3.095467   0.088   0.170  -0.048
    0.597835    0.758967   -3.095467  -0.088   0.170   0.048
    0.597835    0.790591   -3.038646  -0.062   0.236  -0.028
    0.597835    0.822214   -2.977074  -0.038   0.276  -0.076
    0.597835    0.853838   -2.912822  -0.014   0.302  -0.108
    0.597835    0.885462   -2.847266   0.010   0.324  -0.134
    0.597835    0.917085   -2.781330   0.034   0.340  -0.156
    0.597835    0.948709   -2.715662   0.060   0.356  -0.178
    0.597835    0.980332   -2.650666   0.074   0.366  -0.202
    0.597835    1.011956   -2.586025   0.042   0.328  -0.210
    0.597835    1.043580   -2.519773  -0.104   0.130  -0.130
    0.597835    1.075203   -2.452625  -0.232  -0.056  -0.026
    0.597835    1.106827   -2.389774  -0.292  -0.150   0.034
    0.597835    1.138451   -2.335143  -0.316  -0.198   0.072
    0.597835    1.170074   -2.290857  -0.320  -0.222   0.102
    0.597835    1.201698   -2.257446  -0.316  -0.230   0.130
    0.597835    1.233322   -2.234057  -0.296  -0.222   0.154
    0.597835    1.264945   -2.218907  -0.266  -0.200   0.174
    0.597835    1.296569   -2.209843  -0.224  -0.168   0.190
    0.597835    1.328192   -2.204789  -0.164  -0.120   0.200
    0.597835    1.359816   -2.202065  -0.082  -0.066   0.200
    0.629300    0.000000   -2.165582   0.000  -0.024   0.000
    0.629300    0.031624   -2.162316  -0.184  -0.032  -0.076
    0.629300    0.063247   -2.157562  -0.048  -0.076  -0.122
    0.629300    0.094871   -2.153143   0.070  -0.134  -0.150
    0.629300    0.126495   -2.150705   0.150  -0.190  -0.160
    0.629300    0.158118   -2.151859   0.202  -0.236  -0.160
    0.629300    0.189742   -2.158215   0.240  -0.270  -0.154
    0.629300    0.221365   -2.171507   0.268  -0.290  -0.140
    0.629300    0.252989   -2.193500   0.290  -0.298  -0.122
    0.629300    0.284613   -2.225664   0.300  -0.292  -0.100
    0.629300    0.316236   -2.268672   0.296  -0.258  -0.070
    0.629300    0.347860   -2.321860   0.264  -0.180  -0.020
    0.629300    0.379484   -2.382345   0.158   0.026   0.078
    0.629300    0.411107   -2.444064  -0.006   0.306   0.174
    0.629300    0.442731   -2.505607  -0.038   0.366   0.164
    0.629300    0.474354   -2.569275  -0.008   0.354   0.136
    0.629300    0.505978   -2.635037   0.032   0.334   0.106
    0.629300    0.537602   -2.702275   0.072   0.312   0.078
    0.629300    0.569225   -2.770410   0.108   0.290   0.044
    0.629300    0.600849   -2.838896   0.138   0.266   0.010
    0.629300    0.632473   -2.907092   0.164   0.238  -0.026
    0.629300    0.664096   -2.974115   0.184   0.200  -0.070
    0.629300    0.695720   -3.038697   0.200   0.152  -0.120
    0.629300    0.727343   -3.099057   0.204   0.094  -0.174
    0.629300    0.758967   -3.099057  -0.204   0.094   0.174
    0.629300    0.790591   -3.038697  -0.200   0.152   0.120
    0.629300    0.822214   -2.974115  -0.184   0.200   0.070
    0.629300    0.853838   -2.907092  -0.164   0.238   0.026
    0.629300    0.885462   -2.838896  -0.138   0.266  -0.010
    0.629300    0.917085   -2.770410  -0.108   0.290  -0.044
    0.629300    0.948709   -2.702275  -0.072   0.312  -0.078
    0.629300    0.980332   -2.635037  -0.032   0.334  -0.106
    0.629300    1.011956   -2.569275   0.008   0.354  -0.136
    0.629300    1.043580   -2.505607   0.038   0.366  -0.164
    0.629300    1.075203   -2.444064   0.006   0.306  -0.174
    0.629300    1.106827   -2.382345  -0.158   0.026  -0.078
    0.629300    1.138451   -2.321860  -0.264  -0.180   0.020
    0.629300    1.170074   -2.268672  -0.296  -0.258   0.070
    0.629300    1.201698   -2.225664  -0.300  -0.292   0.100
    0.629300    1.233322   -2.193500  -0.290  -0.298   0.122
    0.629300    1.264945   -2.171507  -0.268  -0.290   0.140
    0.629300    1.296569   -2.158215  -0.240  -0.270   0.154
    0.629300    1.328192   -2.151859  -0.202  -0.236   0.160
    0.629300    1.359816   -2.150705  -0.150  -0.190   0.160
    0.660765    0.000000   -2.124427   0.000  -0.068   0.000
    0.660765    0.031624   -2.117831   0.036  -0.116  -0.046
    0.660765    0.063247   -2.107061   0.102  -0.178  -0.102
    0.660765    0.094871   -2.097788   0.154  -0.232  -0.132
    0.660765    0.126495   -2.094101   0.192  -0.276  -0.138
    0.660765    0.158118   -2.098115   0.224  -0.310  -0.130
    0.660765    0.189742   -2.110987   0.246  -0.332  -0.116
    0.660765    0.221365   -2.133602   0.266  -0.340  -0.100
    0.660765    0.252989   -2.166587   0.274  -0.330  -0.078
    0.660765    0.284613   -2.209943   0.264  -0.286  -0.046
    0.660765    0.316236   -2.262255   0.190  -0.140   0.024
    0.660765    0.347860   -2.318032  -0.020   0.242   0.152
    0.660765    0.379484   -2.373099  -0.066   0.372   0.158
    0.660765    0.411107   -2.430959  -0.020   0.364   0.136
    0.660765    0.442731   -2.491844   0.040   0.340   0.108
    0.660765    0.474354   -2.555006   0.096   0.316   0.076
    0.660765    0.505978   -2.619877   0.146   0.292   0.042
    0.660765    0.537602   -2.686106   0.186   0.270   0.008
    0.660765    0.569225   -2.753441   0.216   0.246  -0.030
    0.660765    0.600849   -2.821571   0.240   0.222  -0.066
    0.660765    0.632473   -2.890022   0.254   0.194  -0.100
    0.660765    0.664096   -2.958066   0.266   0.162  -0.138
    0.660765    0.695720   -3.024640   0.270   0.124  -0.176
    0.660765    0.727343   -3.088276   0.264   0.078  -0.214
    0.660765    0.758967   -3.088276  -0.264   0.078   0.214
    0.660765    0.790591   -3.024640  -0.270   0.124   0.176
    0.660765    0.822214   -2.958066  -0.266   0.162   0.138
    0.660765    0.853838   -2.890022  -0.254   0.194   0.100
    0.660765    0.885462   -2.821571  -0.240   0.222   0.066
    0.660765    0.917085   -2.753441  -0.216   0.246   0.030
    0.660765    0.948709   -2.686106  -0.186   0.270  -0.008
    0.660765    0.980332   -2.619877  -0.146   0.292  -0.042
    0.660765    1.011956   -2.555006  -0.096   0.316  -0.076
    0.660765    1.043580   -2.491844  -0.040   0.340  -0.108
    0.660765    1.075203   -2.430959   0.020   0.364  -0.136
    0.660765    1.106827   -2.373099   0.066   0.372  -0.158
    0.660765    1.138451   -2.318032   0.020   0.242  -0.152
    0.660765    1.170074   -2.262255  -0.190  -0.140  -0.024
    0.660765    1.201698   -2.209943  -0.264  -0.286   0.046
    0.660765    1.233322   -2.166587  -0.274  -0.330   0.078
    0.660765    1.264945   -2.133602  -0.266  -0.340   0.100
    0.660765    1.296569   -2.110987  -0.246  -0.332   0.116
    0.660765    1.328192   -2.098115  -0.224  -0.310   0.130
    0.660765    1.359816   -2.094101  -0.192  -0.276   0.138
    0.692230    0.000000   -2.072886   0.000  -0.140   0.000
    0.692230    0.031624   -2.063877   0.112  -0.186  -0.072
    0.692230    0.063247   -2.047766   0.144  -0.246  -0.126
    0.692230    0.094871   -2.037559   0.164  -0.294  -0.142
    0.692230    0.126495   -2.038752   0.184  -0.330  -0.132
    0.692230    0.158118   -2.052169   0.210  -0.356  -0.108
    0.692230    0.189742   -2.077104   0.236  -0.366  -0.078
    0.692230    0.221365   -2.112566   0.250  -0.346  -0.046
    0.692230    0.252989   -2.157175   0.212  -0.246   0.000
    0.692230    0.284613   -2.207835   0.036   0.062   0.086
    0.692230    0.316236   -2.259615  -0.118   0.348   0.146
    0.692230    0.347860   -2.312873  -0.090   0.384   0.146
    0.692230    0.379484   -2.368369  -0.016   0.360   0.132
    0.692230    0.411107   -2.425557   0.064   0.328   0.108
    0.692230    0.442731   -2.484060   0.134   0.298   0.074
    0.692230    0.474354   -2.543871   0.192   0.272   0.038
    0.692230    0.505978   -2.605186   0.236   0.250   0.002
    0.692230    0.537602   -2.668205   0.268   0.228  -0.036
    0.692230    0.569225   -2.732991   0.288   0.208  -0.070
    0.692230    0.600849   -2.799396   0.304   0.186  -0.104
    0.692230    0.632473   -2.867026   0.310   0.164  -0.138
    0.692230    0.664096   -2.935226   0.314   0.138  -0.168
    0.692230    0.695720   -3.003064   0.310   0.108  -0.198
    0.692230    0.727343   -3.069286   0.302   0.072  -0.228
    0.692230    0.758967   -3.069286  -0.302   0.072   0.228
    0.692230    0.790591   -3.003064  -0.310   0.108   0.198
    0.692230    0.822214   -2.935226  -0.314   0.138   0.168
    0.692230    0.853838   -2.867026  -0.310   0.164   0.138
    0.692230    0.885462   -2.799396  -0.304   0.186   0.104
    0.692230    0.917085   -2.732991  -0.288   0.208   0.070
    0.692230    0.948709   -2.668205  -0.268   0.228   0.036
    0.692230    0.980332   -2.605186  -0.236   0.250  -0.002
    0.692230    1.011956   -2.543871  -0.192   0.272  -0.038
    0.692230    1.043580   -2.484060  -0.134   0.298  -0.074
    0.692230    1.075203   -2.425557  -0.064   0.328  -0.108
    0.692230    1.106827   -2.368369   0.016   0.360  -0.132
    0.692230    1.138451   -2.312873   0.090   0.384  -0.146
    0.692230    1.170074   -2.259615   0.118   0.348  -0.146
    0.692230    1.201698   -2.207835  -0.036   0.062  -0.086
    0.692230    1.233322   -2.157175  -0.212  -0.246   0.000
    0.692230    1.264945   -2.112566  -0.250  -0.346   0.046
    0.692230    1.296569   -2.077104  -0.236  -0.366   0.078
    0.692230    1.328192   -2.052169  -0.210  -0.356   0.108
    0.692230    1.359816   -2.038752  -0.184  -0.330   0.132
    0.723695    0.000000   -2.014571   0.000  -0.190   0.000
    0.723695    0.031624   -2.001615   0.090  -0.238  -0.116
    0.723695    0.063247   -1.983365   0.100  -0.292  -0.160
    0.723695    0.094871   -1.979399   0.098  -0.332  -0.150
    0.723695    0.126495   -1.993053   0.114  -0.364  -0.112
    0.723695    0.158118   -2.021668   0.148  -0.388  -0.060
    0.723695    0.189742   -2.061563   0.190  -0.374  -0.002
    0.723695    0.221365   -2.108477   0.138  -0.156   0.074
    0.723695    0.252989   -2.157808  -0.060   0.232   0.114
    0.723695    0.284613   -2.209772  -0.138   0.372   0.126
    0.723695    0.316236   -2.263976  -0.106   0.380   0.136
    0.723695    0.347860   -2.318629  -0.024   0.348   0.138
    0.723695    0.379484   -2.372725   0.068   0.308   0.122
    0.723695    0.411107   -2.426309   0.154   0.274   0.096
    0.723695    0.442731   -2.480069   0.220   0.246   0.058
    0.723695    0.474354   -2.534895   0.268   0.224   0.018
    0.723695    0.505978   -2.591581   0.302   0.204  -0.022
    0.723695    0.537602   -2.650655   0.324   0.186  -0.060
    0.723695    0.569225   -2.712336   0.336   0.170  -0.094
    0.723695    0.600849   -2.776523   0.344   0.152  -0.126
    0.723695    0.632473   -2.842839   0.346   0.134  -0.156
    0.723695    0.664096   -2.910658   0.342   0.114  -0.182
    0.723695    0.695720   -2.979122   0.336   0.092  -0.208
    0.723695    0.727343   -3.047128   0.326   0.066  -0.234
    0.723695    0.758967   -3.047128  -0.326   0.066   0.234
    0.723695    0.790591   -2.979122  -0.336   0.092   0.208
    0.723695    0.822214   -2.910658  -0.342   0.114   0.182
    0.723695    0.853838   -2.842839  -0.346   0.134   0.156
    0.723695    0.885462   -2.776523  -0.344   0.152   0.126
    0.723695    0.917085   -2.712336  -0.336   0.170   0.094
    0.723695    0.948709   -2.650655  -0.324   0.186   0.060
    0.723695    0.980332   -2.591581  -0.302   0.204   0.022
    0.723695    1.011956   -2.534895  -0.268   0.224  -0.018
    0.723695    1.043580   -2.480069  -0.220   0.246  -0.058
    0.723695    1.075203   -2.426309  -0.154   0.274  -0.096
    0.723695    1.106827   -2.372725  -0.068   0.308  -0.122
    0.723695    1.138451   -2.318629   0.024   0.348  -0.138
    0.723695    1.170074   -2.263976   0.106   0.380  -0.136
    0.723695    1.201698   -2.209772   0.138   0.372  -0.126
    0.723695    1.233322   -2.157808   0.060   0.232  -0.114
    0.723695    1.264945   -2.108477  -0.138  -0.156  -0.074
    0.723695    1.296569   -2.061563  -0.190  -0.374   0.002
    0.723695    1.328192   -2.021668  -0.148  -0.388   0.060
    0.723695    1.359816   -1.993053  -0.114  -0.364   0.112
    0.755160    0.000000   -1.948864   0.000  -0.204   0.000
    0.755160    0.031624   -1.931584   0.048  -0.270  -0.168
    0.755160    0.063247   -1.918646   0.014  -0.320  -0.170
    0.755160    0.094871   -1.929748  -0.018  -0.338  -0.110
    0.755160    0.126495   -1.960914  -0.024  -0.342  -0.028
    0.755160    0.158118   -2.005565  -0.012  -0.306   0.066
    0.755160    0.189742   -2.057574  -0.026  -0.084   0.166
    0.755160    0.221365   -2.111050  -0.104   0.284   0.152
    0.755160    0.252989   -2.166359  -0.138   0.390   0.118
    0.755160    0.284613   -2.222940  -0.112   0.376   0.122
    0.755160    0.316236   -2.278237  -0.036   0.326   0.138
    0.755160    0.347860   -2.330849   0.060   0.278   0.140
    0.755160    0.379484   -2.380877   0.152   0.238   0.124
    0.755160    0.411107   -2.429404   0.228   0.210   0.090
    0.755160    0.442731   -2.477894   0.284   0.188   0.048
    0.755160    0.474354   -2.527739   0.324   0.170   0.006
    0.755160    0.505978   -2.580011   0.348   0.156  -0.036
    0.755160    0.537602   -2.635374   0.362   0.144  -0.074
    0.755160    0.569225   -2.694091   0.370   0.130  -0.108
    0.755160    0.600849   -2.756080   0.370   0.118  -0.138
    0.755160    0.632473   -2.820958   0.368   0.104  -0.166
    0.755160    0.664096   -2.888113   0.362   0.088  -0.192
    0.755160    0.695720   -2.956739   0.354   0.072  -0.214
    0.755160    0.727343   -3.025847   0.344   0.054  -0.236
    0.755160    0.758967   -3.025847  -0.344   0.054   0.236
    0.755160    0.790591   -2.956739  -0.354   0.072   0.214
    0.755160    0.822214   -2.888113  -0.362   0.088   0.192
    0.755160    0.853838   -2.820958  -0.368   0.104   0.166
    0.755160    0.885462   -2.756080  -0.370   0.118   0.138
    0.755160    0.917085   -2.694091  -0.370   0.130   0.108
    0.755160    0.948709   -2.635374  -0.362   0.144   0.074
    0.755160    0.980332   -2.580011  -0.348   0.156   0.036
    0.755160    1.011956   -2.527739  -0.324   0.170  -0.006
    0.755160    1.043580   -2.477894  -0.284   0.188  -0.048
    0.755160    1.075203   -2.429404  -0.228   0.210  -0.090
    0.755160    1.106827   -2.380877  -0.152   0.238  -0.124
    0.755160    1.138451   -2.330849  -0.060   0.278  -0.140
    0.755160    1.170074   -2.278237   0.036   0.326  -0.138
    0.755160    1.201698   -2.222940   0.112   0.376  -0.122
    0.755160    1.233322   -2.166359   0.138   0.390  -0.118
    0.755160    1.264945   -2.111050   0.104   0.284  -0.152
    0.755160    1.296569   -2.057574   0.026  -0.084  -0.166
    0.755160    1.328192   -2.005565   0.012  -0.306  -0.066
    0.755160    1.359816   -1.960914   0.024  -0.342   0.028
    0.786625    0.000000   -1.873226   0.000  -0.154   0.000
    0.786625    0.031624   -1.851792  -0.008  -0.288  -0.210
    0.786625    0.063247   -1.857934  -0.096  -0.310  -0.108
    0.786625    0.094871   -1.890834  -0.144  -0.282   0.012
    0.786625    0.126495   -1.939012  -0.152  -0.220   0.118
    0.786625    0.158118   -1.996339  -0.132  -0.096   0.192
    0.786625    0.189742   -2.059191  -0.116   0.128   0.206
    0.786625    0.221365   -2.123393  -0.128   0.374   0.144
    0.786625    0.252989   -2.184505  -0.108   0.382   0.108
    0.786625    0.284613   -2.241547  -0.044   0.298   0.126
    0.786625    0.316236   -2.294345   0.044   0.232   0.146
    0.786625    0.347860   -2.343024   0.134   0.188   0.148
    0.786625    0.379484   -2.388535   0.218   0.160   0.126
    0.786625    0.411107   -2.432466   0.282   0.140   0.088
    0.786625    0.442731   -2.476586   0.330   0.126   0.044
    0.786625    0.474354   -2.522465   0.358   0.114  -0.002
    0.786625    0.505978   -2.571264   0.378   0.106  -0.044
    0.786625    0.537602   -2.623690   0.386   0.096  -0.080
    0.786625    0.569225   -2.680023   0.388   0.088  -0.114
    0.786625    0.600849   -2.740181   0.388   0.080  -0.144
    0.786625    0.632473   -2.803790   0.384   0.072  -0.170
    0.786625    0.664096   -2.870249   0.376   0.062  -0.196
    0.786625    0.695720   -2.938788   0.368   0.050  -0.216
    0.786625    0.727343   -3.008499   0.356   0.038  -0.238
    0.786625    0.758967   -3.008499  -0.356   0.038   0.238
    0.786625    0.790591   -2.938788  -0.368   0.050   0.216
    0.786625    0.822214   -2.870249  -0.376   0.062   0.196
    0.786625    0.853838   -2.803790  -0.384   0.072   0.170
    0.786625    0.885462   -2.740181  -0.388   0.080   0.144
    0.786625    0.917085   -2.680023  -0.388   0.088   0.114
    0.786625    0.948709   -2.623690  -0.386   0.096   0.080
    0.786625    0.980332   -2.571264  -0.378   0.106   0.044
    0.786625    1.011956   -2.522465  -0.358   0.114   0.002
    0.786625    1.043580   -2.476586  -0.330   0.126  -0.044
    0.786625    1.075203   -2.432466  -0.282   0.140  -0.088
    0.786625    1.106827   -2.388535  -0.218   0.160  -0.126
    0.786625    1.138451   -2.343024  -0.134   0.188  -0.148
    0.786625    1.170074   -2.294345  -0.044   0.232  -0.146
    0.786625    1.201698   -2.241547   0.044   0.298  -0.126
    0.786625    1.233322   -2.184505   0.108   0.382  -0.108
    0.786625    1.264945   -2.123393   0.128   0.374  -0.144
    0.786625    1.296569   -2.059191   0.116   0.128  -0.206
    0.786625    1.328192   -1.996339   0.132  -0.096  -0.192
    0.786625    1.359816   -1.939012   0.152  -0.220  -0.118
    0.818090    0.000000   -1.761640   0.000  -0.300   0.000
    0.818090    0.031624   -1.766943  -0.120  -0.260  -0.122
    0.818090    0.063247   -1.807951  -0.206  -0.210   0.060
    0.818090    0.094871   -1.863215  -0.220  -0.154   0.170
    0.818090    0.126495   -1.925722  -0.188  -0.092   0.230
    0.818090    0.158118   -1.994309  -0.138  -0.012   0.248
    0.818090    0.189742   -2.067864  -0.096   0.124   0.220
    0.818090    0.221365   -2.141045  -0.098   0.380   0.132
    0.818090    0.252989   -2.202242  -0.046   0.260   0.096
    0.818090    0.284613   -2.256380   0.022   0.162   0.132
    0.818090    0.316236   -2.305929   0.100   0.118   0.156
    0.818090    0.347860   -2.351303   0.182   0.094   0.154
    0.818090    0.379484   -2.393595   0.256   0.080   0.128
    0.818090    0.411107   -2.434494   0.314   0.070   0.088
    0.818090    0.442731   -2.475836   0.354   0.064   0.042
    0.818090    0.474354   -2.519226   0.380   0.058  -0.004
    0.818090    0.505978   -2.565844   0.394   0.054  -0.046
    0.818090    0.537602   -2.616408   0.402   0.050  -0.084
    0.818090    0.569225   -2.671207   0.402   0.046  -0.118
    0.818090    0.600849   -2.730161   0.400   0.042  -0.148
    0.818090    0.632473   -2.792902   0.394   0.038  -0.174
    0.818090    0.664096   -2.858846   0.384   0.030  -0.198
    0.818090    0.695720   -2.927244   0.376   0.026  -0.220
    0.818090    0.727343   -2.997234   0.362   0.020  -0.238
    0.818090    0.758967   -2.997234  -0.362   0.020   0.238
    0.818090    0.790591   -2.927244  -0.376   0.026   0.220
    0.818090    0.822214   -2.858846  -0.384   0.030   0.198
    0.818090    0.853838   -2.792902  -0.394   0.038   0.174
    0.818090    0.885462   -2.730161  -0.400   0.042   0.148
    0.818090    0.917085   -2.671207  -0.402   0.046   0.118
    0.818090    0.948709   -2.616408  -0.402   0.050   0.084
    0.818090    0.980332   -2.565844  -0.394   0.054   0.046
    0.818090    1.011956   -2.519226  -0.380   0.058   0.004
    0.818090    1.043580   -2.475836  -0.354   0.064  -0.042
    0.818090    1.075203   -2.434494  -0.314   0.070  -0.088
    0.818090    1.106827   -2.393595  -0.256   0.080  -0.128
    0.818090    1.138451   -2.351303  -0.182   0.094  -0.154
    0.818090    1.170074   -2.305929  -0.100   0.118  -0.156
    0.818090    1.201698   -2.256380  -0.022   0.162  -0.132
    0.818090    1.233322   -2.202242   0.046   0.260  -0.096
    0.818090    1.264945   -2.141045   0.098   0.380  -0.132
    0.818090    1.296569   -2.067864   0.096   0.124  -0.220
    0.818090    1.328192   -1.994309   0.138  -0.012  -0.248
    0.818090    1.359816   -1.925722   0.188  -0.092  -0.230
