     #Energy           s          py          pz          px         dxy         dyz         dz2         dxz      dx2-y2       tot  
   -38.21425     0.00000     0.00000     0.00000     0.00000     0.00000     0.00000     0.00000     0.00000     0.00000     0.00000
   -38.03025     0.00000     0.00000     0.00000     0.00000     0.00000     0.00000     0.00000     0.00000     0.00000     0.00000
   -37.84525     0.00000     0.00000     0.00000     0.00000     0.00000     0.00000     0.00000     0.00000     0.00000     0.00000
   -37.66025     0.00000     0.00000     0.00000     0.00000     0.00000     0.00000     0.00000     0.00000     0.00000     0.00000
   -37.47625     0.00000     0.00000     0.00000     0.00000     0.00000     0.00000     0.00000     0.00000     0.00000     0.00000
   -37.29125     0.00000     0.00000     0.00000     0.00000     0.00000     0.00000     0.00000     0.00000     0.00000     0.00000
   -37.10625     0.00000     0.00000     0.00000     0.00000     0.00000     0.00000     0.00000     0.00000     0.00000     0.00000
   -36.92225     0.00000     0.00000     0.00000     0.00000     0.00000     0.00000     0.00000     0.00000     0.00000     0.00000
   -36.73725     0.00000     0.00000     0.00000     0.00000     0.00000     0.00000     0.00000     0.00000     0.00000     0.00000
   -36.55225     0.00000     0.00000     0.00000     0.00000     0.00000     0.00000     0.00000     0.00000     0.00000     0.00000
   -36.36825     0.00000     0.00000     0.00000     0.00000     0.00000     0.00000     0.00000     0.00000     0.00000     0.00000
   -36.18325     0.00000     0.00000     0.00000     0.00000     0.00000     0.00000     0.00000     0.00000     0.00000     0.00000
   -35.99825     0.00000     0.00000     0.00000     0.00000     0.00000     0.00000     0.00000     0.00000     0.00000     0.00000
   -35.81425     0.00000     0.00000     0.00000     0.00000     0.00194     0.00046     0.00003     0.00046     0.00194     0.00481
   -35.62925     0.00000     0.00001     0.00001     0.00001     4.28200     3.62000     3.40200     3.62000     4.28200    19.20603
   -35.44425     0.00000     0.00000     0.00000     0.00000     0.12770     0.66930     0.82090     0.66930     0.12770     2.41491
   -35.25925     0.00000     0.00000     0.00000     0.00000     0.00000     0.00000     0.00000     0.00000     0.00000     0.00000
   -35.07525     0.00000     0.00000     0.00000     0.00000     0.01389     0.00056     0.00013     0.00056     0.01389     0.02902
   -34.89025     0.00001     0.00002     0.00001     0.00002     6.28600     5.96300     5.68100     5.96300     6.28600    30.17906
   -34.70525     0.00000     0.00000     0.00000     0.00000     0.10280     0.56140     0.91030     0.56140     0.10280     2.23871
   -34.52125     0.00000     0.00000     0.00000     0.00000     0.00000     0.00000     0.00000     0.00000     0.00000     0.00000
   -34.33625     0.00000     0.00000     0.00000     0.00000     0.00000     0.00000     0.00000     0.00000     0.00000     0.00000
   -34.15125     0.00000     0.00000     0.00000     0.00000     0.00000     0.00000     0.00000     0.00000     0.00000     0.00000
   -33.96725     0.00000     0.00000     0.00000     0.00000     0.00000     0.00000     0.00000     0.00000     0.00000     0.00000
   -33.78225     0.00000     0.00000     0.00000     0.00000     0.00000     0.00000     0.00000     0.00000     0.00000     0.00000
   -33.59725     0.00000     0.00000     0.00000     0.00000     0.00000     0.00000     0.00000     0.00000     0.00000     0.00000
   -33.41325     0.00000     0.00000     0.00000     0.00000     0.00000     0.00000     0.00000     0.00000     0.00000     0.00000
   -33.22825     0.00000     0.00000     0.00000     0.00000     0.00000     0.00000     0.00000     0.00000     0.00000     0.00000
   -33.04325     0.00000     0.00000     0.00000     0.00000     0.00000     0.00000     0.00000     0.00000     0.00000     0.00000
   -32.85925     0.00000     0.00000     0.00000     0.00000     0.00000     0.00000     0.00000     0.00000     0.00000     0.00000
   -32.67425     0.00000     0.00000     0.00000     0.00000     0.00000     0.00000     0.00000     0.00000     0.00000     0.00000
   -32.48925     0.00000     0.00000     0.00000     0.00000     0.00000     0.00000     0.00000     0.00000     0.00000     0.00000
   -32.30425     0.00000     0.00000     0.00000     0.00000     0.00000     0.00000     0.00000     0.00000     0.00000     0.00000
   -32.12025     0.00000     0.00000     0.00000     0.00000     0.00000     0.00000     0.00000     0.00000     0.00000     0.00000
   -31.93525     0.00000     0.00000     0.00000     0.00000     0.00000     0.00000     0.00000     0.00000     0.00000     0.00000
   -31.75025     0.00000     0.00000     0.00000     0.00000     0.00000     0.00000     0.00000     0.00000     0.00000     0.00000
   -31.56625     0.00000     0.00000     0.00000     0.00000     0.00000     0.00000     0.00000     0.00000     0.00000     0.00000
   -31.38125     0.00000     0.00000     0.00000     0.00000     0.00000     0.00000     0.00000     0.00000     0.00000     0.00000
   -31.19625     0.00000     0.00000     0.00000     0.00000     0.00000     0.00000     0.00000     0.00000     0.00000     0.00000
   -31.01225     0.00000     0.00000     0.00000     0.00000     0.00000     0.00000     0.00000     0.00000     0.00000     0.00000
   -30.82725     0.00000     0.00000     0.00000     0.00000     0.00000     0.00000     0.00000     0.00000     0.00000     0.00000
   -30.64225     0.00000     0.00000     0.00000     0.00000     0.00000     0.00000     0.00000     0.00000     0.00000     0.00000
   -30.45825     0.00000     0.00000     0.00000     0.00000     0.00000     0.00000     0.00000     0.00000     0.00000     0.00000
   -30.27325     0.00000     0.00000     0.00000     0.00000     0.00000     0.00000     0.00000     0.00000     0.00000     0.00000
   -30.08825     0.00000     0.00000     0.00000     0.00000     0.00000     0.00000     0.00000     0.00000     0.00000     0.00000
   -29.90425     0.00000     0.00000     0.00000     0.00000     0.00000     0.00000     0.00000     0.00000     0.00000     0.00000
   -29.71925     0.00000     0.00000     0.00000     0.00000     0.00000     0.00000     0.00000     0.00000     0.00000     0.00000
   -29.53425     0.00000     0.00000     0.00000     0.00000     0.00000     0.00000     0.00000     0.00000     0.00000     0.00000
   -29.35025     0.00000     0.00000     0.00000     0.00000     0.00000     0.00000     0.00000     0.00000     0.00000     0.00000
   -29.16525     0.00000     0.00000     0.00000     0.00000     0.00000     0.00000     0.00000     0.00000     0.00000     0.00000
   -28.98025     0.00000     0.00000     0.00000     0.00000     0.00000     0.00000     0.00000     0.00000     0.00000     0.00000
   -28.79525     0.00000     0.00000     0.00000     0.00000     0.00000     0.00000     0.00000     0.00000     0.00000     0.00000
   -28.61125     0.00000     0.00000     0.00000     0.00000     0.00000     0.00000     0.00000     0.00000     0.00000     0.00000
   -28.42625     0.00000     0.00000     0.00000     0.00000     0.00000     0.00000     0.00000     0.00000     0.00000     0.00000
   -28.24125     0.00000     0.00000     0.00000     0.00000     0.00000     0.00000     0.00000     0.00000     0.00000     0.00000
   -28.05725     0.00000     0.00000     0.00000     0.00000     0.00000     0.00000     0.00000     0.00000     0.00000     0.00000
   -27.87225     0.00000     0.00000     0.00000     0.00000     0.00000     0.00000     0.00000     0.00000     0.00000     0.00000
   -27.68725     0.00000     0.00000     0.00000     0.00000     0.00000     0.00000     0.00000     0.00000     0.00000     0.00000
   -27.50325     0.00000     0.00000     0.00000     0.00000     0.00000     0.00000     0.00000     0.00000     0.00000     0.00000
   -27.31825     0.00000     0.00000     0.00000     0.00000     0.00000     0.00000     0.00000     0.00000     0.00000     0.00000
   -27.13325     0.00000     0.00000     0.00000     0.00000     0.00000     0.00000     0.00000     0.00000     0.00000     0.00000
   -26.94925     0.00000     0.00000     0.00000     0.00000     0.00000     0.00000     0.00000     0.00000     0.00000     0.00000
   -26.76425     0.00000     0.00000     0.00000     0.00000     0.00000     0.00000     0.00000     0.00000     0.00000     0.00000
   -26.57925     0.00000     0.00000     0.00000     0.00000     0.00000     0.00000     0.00000     0.00000     0.00000     0.00000
   -26.39525     0.00000     0.00000     0.00000     0.00000     0.00000     0.00000     0.00000     0.00000     0.00000     0.00000
   -26.21025     0.00000     0.00000     0.00000     0.00000     0.00000     0.00000     0.00000     0.00000     0.00000     0.00000
   -26.02525     0.00000     0.00000     0.00000     0.00000     0.00000     0.00000     0.00000     0.00000     0.00000     0.00000
   -25.84125     0.00000     0.00000     0.00000     0.00000     0.00000     0.00000     0.00000     0.00000     0.00000     0.00000
   -25.65625     0.00000     0.00000     0.00000     0.00000     0.00000     0.00000     0.00000     0.00000     0.00000     0.00000
   -25.47125     0.00000     0.00000     0.00000     0.00000     0.00000     0.00000     0.00000     0.00000     0.00000     0.00000
   -25.28625     0.00000     0.00000     0.00000     0.00000     0.00000     0.00000     0.00000     0.00000     0.00000     0.00000
   -25.10225     0.00000     0.00000     0.00000     0.00000     0.00000     0.00000     0.00000     0.00000     0.00000     0.00000
   -24.91725     0.00000     0.00000     0.00000     0.00000     0.00000     0.00000     0.00000     0.00000     0.00000     0.00000
   -24.73225     0.00000     0.00000     0.00000     0.00000     0.00000     0.00000     0.00000     0.00000     0.00000     0.00000
   -24.54825     0.00000     0.00000     0.00000     0.00000     0.00000     0.00000     0.00000     0.00000     0.00000     0.00000
   -24.36325     0.00000     0.00000     0.00000     0.00000     0.00000     0.00000     0.00000     0.00000     0.00000     0.00000
   -24.17825     0.00154     0.00058     0.00039     0.00058     0.00018     0.00020     0.00005     0.00020     0.00018     0.00391
   -23.99425     0.00080     0.00032     0.00018     0.00032     0.00010     0.00010     0.00004     0.00010     0.00010     0.00208
   -23.80925     0.00000     0.00000     0.00000     0.00000     0.00000     0.00000     0.00000     0.00000     0.00000     0.00000
   -23.62425     0.00000     0.00000     0.00000     0.00000     0.00000     0.00000     0.00000     0.00000     0.00000     0.00000
   -23.44025     0.00000     0.00000     0.00000     0.00000     0.00000     0.00000     0.00000     0.00000     0.00000     0.00000
   -23.25525     0.00000     0.00000     0.00000     0.00000     0.00000     0.00000     0.00000     0.00000     0.00000     0.00000
   -23.07025     0.00000     0.00000     0.00000     0.00000     0.00000     0.00000     0.00000     0.00000     0.00000     0.00000
   -22.88625     0.00000     0.00000     0.00000     0.00000     0.00000     0.00000     0.00000     0.00000     0.00000     0.00000
   -22.70125     0.00000     0.00000     0.00000     0.00000     0.00000     0.00000     0.00000     0.00000     0.00000     0.00000
   -22.51625     0.00000     0.00000     0.00000     0.00000     0.00000     0.00000     0.00000     0.00000     0.00000     0.00000
   -22.33125     0.00000     0.00000     0.00000     0.00000     0.00000     0.00000     0.00000     0.00000     0.00000     0.00000
   -22.14725     0.00000     0.00000     0.00000     0.00000     0.00000     0.00000     0.00000     0.00000     0.00000     0.00000
   -21.96225     0.00000     0.00000     0.00000     0.00000     0.00000     0.00000     0.00000     0.00000     0.00000     0.00000
   -21.77725     0.00000     0.00000     0.00000     0.00000     0.00000     0.00000     0.00000     0.00000     0.00000     0.00000
   -21.59325     0.00000     0.00000     0.00000     0.00000     0.00000     0.00000     0.00000     0.00000     0.00000     0.00000
   -21.40825     0.00000     0.00000     0.00000     0.00000     0.00000     0.00000     0.00000     0.00000     0.00000     0.00000
   -21.22325     0.00478     0.00139     0.00101     0.00139     0.00034     0.00037     0.00009     0.00037     0.00034     0.01007
   -21.03925     0.00287     0.00104     0.00057     0.00104     0.00027     0.00026     0.00011     0.00026     0.00027     0.00669
   -20.85425     0.00000     0.00000     0.00000     0.00000     0.00000     0.00000     0.00000     0.00000     0.00000     0.00000
   -20.66925     0.00000     0.00000     0.00000     0.00000     0.00000     0.00000     0.00000     0.00000     0.00000     0.00000
   -20.48525     0.00000     0.00000     0.00000     0.00000     0.00000     0.00000     0.00000     0.00000     0.00000     0.00000
   -20.30025     0.00000     0.00000     0.00000     0.00000     0.00000     0.00000     0.00000     0.00000     0.00000     0.00000
   -20.11525     0.00000     0.00000     0.00000     0.00000     0.00000     0.00000     0.00000     0.00000     0.00000     0.00000
   -19.93125     0.00000     0.00000     0.00000     0.00000     0.00000     0.00000     0.00000     0.00000     0.00000     0.00000
   -19.74625     0.00000     0.00000     0.00000     0.00000     0.00000     0.00000     0.00000     0.00000     0.00000     0.00000
   -19.56125     0.00000     0.00000     0.00000     0.00000     0.00000     0.00000     0.00000     0.00000     0.00000     0.00000
   -19.37725     0.00000     0.00000     0.00000     0.00000     0.00000     0.00000     0.00000     0.00000     0.00000     0.00000
   -19.19225     0.00000     0.00000     0.00000     0.00000     0.00000     0.00000     0.00000     0.00000     0.00000     0.00000
   -19.00725     0.00000     0.00000     0.00000     0.00000     0.00000     0.00000     0.00000     0.00000     0.00000     0.00000
   -18.82225     0.00000     0.00000     0.00000     0.00000     0.00000     0.00000     0.00000     0.00000     0.00000     0.00000
   -18.63825     0.00000     0.00000     0.00000     0.00000     0.00000     0.00000     0.00000     0.00000     0.00000     0.00000
   -18.45325     0.00000     0.00000     0.00000     0.00000     0.00000     0.00000     0.00000     0.00000     0.00000     0.00000
   -18.26825     0.00000     0.00000     0.00000     0.00000     0.00000     0.00000     0.00000     0.00000     0.00000     0.00000
   -18.08425     0.00000     0.00000     0.00000     0.00000     0.00000     0.00000     0.00000     0.00000     0.00000     0.00000
   -17.89925     0.00000     0.00000     0.00000     0.00000     0.00000     0.00000     0.00000     0.00000     0.00000     0.00000
   -17.71425     0.00000     0.00000     0.00000     0.00000     0.00000     0.00000     0.00000     0.00000     0.00000     0.00000
   -17.53025     0.00000     0.00000     0.00000     0.00000     0.00000     0.00000     0.00000     0.00000     0.00000     0.00000
   -17.34525     0.00000     0.00000     0.00000     0.00000     0.00000     0.00000     0.00000     0.00000     0.00000     0.00000
   -17.16025     0.00000     0.00000     0.00000     0.00000     0.00000     0.00000     0.00000     0.00000     0.00000     0.00000
   -16.97625     0.00000     0.00000     0.00000     0.00000     0.00000     0.00000     0.00000     0.00000     0.00000     0.00000
   -16.79125     0.00000     0.00000     0.00000     0.00000     0.00000     0.00000     0.00000     0.00000     0.00000     0.00000
   -16.60625     0.00000     0.00000     0.00000     0.00000     0.00000     0.00000     0.00000     0.00000     0.00000     0.00000
   -16.42225     0.00000     0.00000     0.00000     0.00000     0.00000     0.00000     0.00000     0.00000     0.00000     0.00000
   -16.23725     0.00000     0.00000     0.00000     0.00000     0.00000     0.00000     0.00000     0.00000     0.00000     0.00000
   -16.05225     0.00000     0.00000     0.00000     0.00000     0.00000     0.00000     0.00000     0.00000     0.00000     0.00000
   -15.86825     0.00000     0.00000     0.00000     0.00000     0.00000     0.00000     0.00000     0.00000     0.00000     0.00000
   -15.68325     0.00000     0.00000     0.00000     0.00000     0.00000     0.00000     0.00000     0.00000     0.00000     0.00000
   -15.49825     0.00000     0.00000     0.00000     0.00000     0.00000     0.00000     0.00000     0.00000     0.00000     0.00000
   -15.31325     0.00000     0.00000     0.00000     0.00000     0.00000     0.00000     0.00000     0.00000     0.00000     0.00000
   -15.12925     0.00000     0.00000     0.00000     0.00000     0.00000     0.00000     0.00000     0.00000     0.00000     0.00000
   -14.94425     0.00000     0.00000     0.00000     0.00000     0.00000     0.00000     0.00000     0.00000     0.00000     0.00000
   -14.75925     0.00000     0.00000     0.00000     0.00000     0.00000     0.00000     0.00000     0.00000     0.00000     0.00000
   -14.57525     0.00000     0.00000     0.00000     0.00000     0.00000     0.00000     0.00000     0.00000     0.00000     0.00000
   -14.39025     0.00000     0.00000     0.00000     0.00000     0.00000     0.00000     0.00000     0.00000     0.00000     0.00000
   -14.20525     0.00000     0.00000     0.00000     0.00000     0.00000     0.00000     0.00000     0.00000     0.00000     0.00000
   -14.02125     0.00000     0.00000     0.00000     0.00000     0.00000     0.00000     0.00000     0.00000     0.00000     0.00000
   -13.83625     0.00000     0.00000     0.00000     0.00000     0.00000     0.00000     0.00000     0.00000     0.00000     0.00000
   -13.65125     0.00000     0.00000     0.00000     0.00000     0.00000     0.00000     0.00000     0.00000     0.00000     0.00000
   -13.46725     0.00000     0.00000     0.00000     0.00000     0.00000     0.00000     0.00000     0.00000     0.00000     0.00000
   -13.28225     0.00000     0.00000     0.00000     0.00000     0.00000     0.00000     0.00000     0.00000     0.00000     0.00000
   -13.09725     0.00000     0.00000     0.00000     0.00000     0.00000     0.00000     0.00000     0.00000     0.00000     0.00000
   -12.91325     0.00000     0.00000     0.00000     0.00000     0.00000     0.00000     0.00000     0.00000     0.00000     0.00000
   -12.72825     0.00000     0.00000     0.00000     0.00000     0.00000     0.00000     0.00000     0.00000     0.00000     0.00000
   -12.54325     0.00000     0.00000     0.00000     0.00000     0.00000     0.00000     0.00000     0.00000     0.00000     0.00000
   -12.35825     0.00000     0.00000     0.00000     0.00000     0.00000     0.00000     0.00000     0.00000     0.00000     0.00000
   -12.17425     0.00000     0.00000     0.00000     0.00000     0.00000     0.00000     0.00000     0.00000     0.00000     0.00000
   -11.98925     0.00008     0.00000     0.00000     0.00000     0.00000     0.00000     0.00000     0.00000     0.00000     0.00008
   -11.80425     0.15090     0.00013     0.00331     0.00013     0.00001     0.00001     0.00008     0.00001     0.00001     0.15458
   -11.62025     0.29340     0.00082     0.00611     0.00082     0.00005     0.00006     0.00014     0.00006     0.00005     0.30150
   -11.43525     0.30590     0.00168     0.00588     0.00168     0.00010     0.00013     0.00012     0.00013     0.00010     0.31572
   -11.25025     0.32060     0.00257     0.00567     0.00257     0.00016     0.00019     0.00010     0.00019     0.00016     0.33223
   -11.06625     0.35090     0.00369     0.00565     0.00369     0.00025     0.00028     0.00009     0.00028     0.00025     0.36507
   -10.88125     0.41450     0.00553     0.00592     0.00553     0.00039     0.00042     0.00008     0.00042     0.00039     0.43319
   -10.69625     0.45520     0.00746     0.00568     0.00746     0.00056     0.00058     0.00006     0.00058     0.00056     0.47814
   -10.51225     0.52050     0.01005     0.00573     0.01005     0.00081     0.00080     0.00005     0.00080     0.00081     0.54960
   -10.32725     0.21600     0.00530     0.00211     0.00530     0.00040     0.00042     0.00002     0.00042     0.00040     0.23036
   -10.14225     0.11280     0.00422     0.00094     0.00422     0.00031     0.00033     0.00001     0.00033     0.00031     0.12346
    -9.95825     0.01537     0.00129     0.00011     0.00129     0.00009     0.00010     0.00000     0.00010     0.00009     0.01846
    -9.77325     0.04972     0.00020     0.00021     0.00020     0.00001     0.00002     0.00000     0.00002     0.00001     0.05038
    -9.58825     0.22910     0.00164     0.00079     0.00163     0.00010     0.00013     0.00000     0.00013     0.00010     0.23362
    -9.40425     0.34000     0.00369     0.00085     0.00369     0.00020     0.00029     0.00000     0.00029     0.00020     0.34920
    -9.21925     0.81920     0.01151     0.00117     0.01151     0.00052     0.00087     0.00000     0.00087     0.00052     0.84617
    -9.03425     0.69350     0.01013     0.00043     0.01013     0.00051     0.00079     0.00000     0.00079     0.00051     0.71678
    -8.84925     0.39440     0.00569     0.00005     0.00569     0.00030     0.00046     0.00000     0.00046     0.00030     0.40735
    -8.66525     0.39640     0.00538     0.00004     0.00538     0.00031     0.00044     0.00000     0.00044     0.00031     0.40870
    -8.48025     0.45320     0.00551     0.00022     0.00551     0.00034     0.00047     0.00000     0.00047     0.00034     0.46606
    -8.29525     0.37150     0.00373     0.00066     0.00373     0.00024     0.00033     0.00000     0.00033     0.00024     0.38076
    -8.11125     0.34090     0.00262     0.00129     0.00262     0.00018     0.00024     0.00000     0.00024     0.00018     0.34828
    -7.92625     0.35090     0.00177     0.00237     0.00177     0.00013     0.00017     0.00000     0.00017     0.00013     0.35740
    -7.74125     0.32350     0.00062     0.00363     0.00062     0.00005     0.00006     0.00000     0.00006     0.00005     0.32859
    -7.55725     0.02854     0.00001     0.00039     0.00001     0.00000     0.00000     0.00000     0.00000     0.00000     0.02896
    -7.37225     0.00000     0.00000     0.00000     0.00000     0.00000     0.00000     0.00000     0.00000     0.00000     0.00000
    -7.18725     0.00000     0.00000     0.00000     0.00000     0.00000     0.00000     0.00000     0.00000     0.00000     0.00000
    -7.00325     0.00000     0.00000     0.00000     0.00000     0.00000     0.00000     0.00000     0.00000     0.00000     0.00000
    -6.81825     0.00000     0.00000     0.00000     0.00000     0.00000     0.00000     0.00000     0.00000     0.00000     0.00000
    -6.63325     0.00000     0.00000     0.00000     0.00000     0.00000     0.00000     0.00000     0.00000     0.00000     0.00000
    -6.44925     0.00000     0.00000     0.00000     0.00000     0.00000     0.00000     0.00000     0.00000     0.00000     0.00000
    -6.26425     0.00000     0.00000     0.00000     0.00000     0.00000     0.00000     0.00000     0.00000     0.00000     0.00000
    -6.07925     0.00000     0.00000     0.00000     0.00000     0.00000     0.00000     0.00000     0.00000     0.00000     0.00000
    -5.89525     0.00000     0.00000     0.00000     0.00000     0.00000     0.00000     0.00000     0.00000     0.00000     0.00000
    -5.71025     0.00000     0.00000     0.00000     0.00000     0.00000     0.00000     0.00000     0.00000     0.00000     0.00000
    -5.52525     0.00000     0.00000     0.00000     0.00000     0.00000     0.00000     0.00000     0.00000     0.00000     0.00000
    -5.34025     0.00000     0.00000     0.00000     0.00000     0.00000     0.00000     0.00000     0.00000     0.00000     0.00000
    -5.15625     0.00000     0.00000     0.00000     0.00000     0.00000     0.00000     0.00000     0.00000     0.00000     0.00000
    -4.97125     0.00000     0.00000     0.00000     0.00000     0.00000     0.00000     0.00000     0.00000     0.00000     0.00000
    -4.78625     0.00000     0.00000     0.00000     0.00000     0.00000     0.00000     0.00000     0.00000     0.00000     0.00000
    -4.60225     0.00000     0.00000     0.00000     0.00000     0.00000     0.00000     0.00000     0.00000     0.00000     0.00000
    -4.41725     0.00000     0.00000     0.00000     0.00000     0.00000     0.00000     0.00000     0.00000     0.00000     0.00000
    -4.23225     0.00000     0.00000     0.00000     0.00000     0.00000     0.00000     0.00000     0.00000     0.00000     0.00000
    -4.04825     0.00000     0.00000     0.00000     0.00000     0.00000     0.00000     0.00000     0.00000     0.00000     0.00000
    -3.86325     0.00000     0.00000     0.00000     0.00000     0.00000     0.00000     0.00000     0.00000     0.00000     0.00000
    -3.67825     0.00000     0.00005     0.00000     0.00005     0.00000     0.00000     0.00000     0.00000     0.00000     0.00010
    -3.49425     0.00052     0.03111     0.00036     0.03111     0.00004     0.00071     0.00000     0.00071     0.00004     0.06459
    -3.30925     0.00331     0.05858     0.00310     0.05858     0.00015     0.00128     0.00001     0.00128     0.00015     0.12644
    -3.12425     0.00827     0.07123     0.01197     0.07123     0.00033     0.00142     0.00006     0.00142     0.00033     0.16627
    -2.94025     0.02426     0.16850     0.07411     0.16850     0.00133     0.00242     0.00063     0.00242     0.00133     0.44350
    -2.75525     0.01707     0.16660     0.06939     0.16660     0.00129     0.00204     0.00083     0.00204     0.00129     0.42715
    -2.57025     0.04056     0.19630     0.13740     0.19620     0.00100     0.00180     0.00101     0.00180     0.00100     0.57709
    -2.38525     0.03031     0.18890     0.14140     0.18890     0.00152     0.00191     0.00122     0.00191     0.00152     0.55759
    -2.20125     0.02385     0.22280     0.12500     0.22280     0.00157     0.00243     0.00087     0.00243     0.00157     0.60331
    -2.01625     0.01376     0.30590     0.17070     0.30580     0.00222     0.00313     0.00153     0.00313     0.00222     0.80838
    -1.83125     0.02451     0.37100     0.23670     0.37100     0.00245     0.00375     0.00133     0.00375     0.00245     1.01695
    -1.64725     0.01067     0.20370     0.10000     0.20370     0.00174     0.00209     0.00054     0.00209     0.00174     0.52627
    -1.46225     0.00685     0.13990     0.04762     0.13990     0.00149     0.00140     0.00053     0.00140     0.00149     0.34057
    -1.27725     0.01228     0.12750     0.09801     0.12750     0.00112     0.00086     0.00039     0.00086     0.00112     0.36964
    -1.09325     0.03009     0.17700     0.28740     0.17700     0.00137     0.00094     0.00035     0.00094     0.00137     0.67647
    -0.90825     0.03895     0.19140     0.40450     0.19140     0.00122     0.00097     0.00050     0.00097     0.00122     0.83114
    -0.72325     0.02645     0.11090     0.28090     0.11090     0.00063     0.00048     0.00028     0.00048     0.00063     0.53164
    -0.53925     0.02267     0.08194     0.26700     0.08195     0.00038     0.00027     0.00035     0.00027     0.00038     0.45522
    -0.35425     0.01785     0.06082     0.25020     0.06082     0.00023     0.00015     0.00057     0.00015     0.00023     0.39102
    -0.16925     0.01631     0.05816     0.29230     0.05816     0.00017     0.00014     0.00116     0.00014     0.00017     0.42671
     0.01475     0.00982     0.05172     0.38290     0.05172     0.00012     0.00016     0.00120     0.00016     0.00012     0.49793
     0.19975     0.00188     0.01088     0.05161     0.01088     0.00004     0.00006     0.00032     0.00006     0.00004     0.07575
     0.38475     0.00622     0.02106     0.03647     0.02106     0.00009     0.00011     0.00112     0.00011     0.00009     0.08632
     0.56875     0.00717     0.02385     0.03570     0.02385     0.00020     0.00014     0.00114     0.00014     0.00020     0.09237
     0.75375     0.01076     0.03855     0.03809     0.03856     0.00063     0.00017     0.00180     0.00017     0.00063     0.12935
     0.93875     0.03827     0.12110     0.23710     0.12110     0.00708     0.00065     0.00512     0.00065     0.00708     0.53815
     1.12375     0.03557     0.11230     0.24910     0.11230     0.00824     0.00063     0.00421     0.00063     0.00824     0.53123
     1.30775     0.02203     0.08144     0.17060     0.08144     0.00552     0.00048     0.00230     0.00048     0.00552     0.36980
     1.49275     0.01566     0.09039     0.08903     0.09038     0.00338     0.00037     0.00169     0.00037     0.00338     0.29464
     1.67775     0.01585     0.08198     0.12130     0.08199     0.00353     0.00056     0.00119     0.00056     0.00353     0.31048
     1.86175     0.01524     0.17830     0.07403     0.17830     0.00678     0.00136     0.00173     0.00136     0.00678     0.46387
     2.04675     0.02210     0.22000     0.09890     0.22000     0.00612     0.00338     0.00171     0.00338     0.00612     0.58171
     2.23175     0.02268     0.10410     0.10680     0.10410     0.00334     0.00131     0.00139     0.00131     0.00334     0.34837
     2.41575     0.03005     0.12940     0.12200     0.12940     0.00310     0.00382     0.00148     0.00382     0.00310     0.42616
     2.60075     0.02159     0.21680     0.11540     0.21680     0.00564     0.00724     0.00191     0.00724     0.00564     0.59825
     2.78575     0.03328     0.20490     0.11890     0.20490     0.01151     0.00625     0.00210     0.00625     0.01151     0.59960
     2.96975     0.04825     0.36950     0.20960     0.36950     0.01223     0.01431     0.00467     0.01431     0.01223     1.05460
     3.15475     0.02322     0.27230     0.09159     0.27230     0.00856     0.01056     0.00252     0.01056     0.00855     0.70016
     3.33975     0.02909     0.30030     0.12840     0.30030     0.00557     0.01476     0.00350     0.01476     0.00557     0.80225
     3.52375     0.00878     0.11360     0.05449     0.11360     0.00162     0.00578     0.00161     0.00578     0.00162     0.30687
     3.70875     0.00000     0.00011     0.00004     0.00011     0.00000     0.00001     0.00000     0.00001     0.00000     0.00028
     3.89375     0.00023     0.00003     0.00015     0.00003     0.00001     0.00000     0.00008     0.00000     0.00001     0.00054
     4.07775     0.00263     0.00149     0.00228     0.00149     0.00038     0.00002     0.00136     0.00002     0.00038     0.01005
     4.26275     0.00159     0.00344     0.00216     0.00344     0.00093     0.00005     0.00143     0.00005     0.00093     0.01402
     4.44775     0.00098     0.00483     0.00185     0.00483     0.00159     0.00009     0.00110     0.00009     0.00159     0.01694
     4.63275     0.00331     0.00624     0.00865     0.00624     0.00265     0.00016     0.00112     0.00016     0.00265     0.03118
     4.81675     0.00629     0.00796     0.02375     0.00796     0.00398     0.00028     0.00206     0.00028     0.00398     0.05653
     5.00175     0.00572     0.00967     0.03212     0.00967     0.00501     0.00072     0.00302     0.00072     0.00501     0.07166
     5.18675     0.00566     0.01232     0.03437     0.01232     0.00666     0.00163     0.00489     0.00163     0.00666     0.08614
     5.37075     0.00964     0.01685     0.03490     0.01684     0.00847     0.00373     0.00632     0.00373     0.00847     0.10894
     5.55575     0.01263     0.01975     0.03945     0.01975     0.01054     0.00980     0.01096     0.00980     0.01054     0.14322
     5.74075     0.01041     0.01720     0.02750     0.01720     0.01153     0.00863     0.01061     0.00863     0.01153     0.12324
     5.92475     0.00916     0.01404     0.01909     0.01404     0.00881     0.00723     0.00925     0.00723     0.00881     0.09766
     6.10975     0.01120     0.01513     0.01952     0.01513     0.01290     0.01125     0.01863     0.01125     0.01290     0.12791
     6.29475     0.01333     0.03207     0.03048     0.03207     0.01435     0.01206     0.01525     0.01206     0.01435     0.17602
     6.47875     0.02772     0.07201     0.05044     0.07200     0.02714     0.02170     0.02944     0.02170     0.02714     0.34929
     6.66375     0.02200     0.06343     0.04210     0.06342     0.02607     0.01953     0.03040     0.01953     0.02607     0.31255
     6.84875     0.01640     0.05946     0.03740     0.05946     0.01687     0.02407     0.02984     0.02407     0.01687     0.28444
     7.03275     0.01890     0.06086     0.05206     0.06086     0.01737     0.02348     0.02599     0.02348     0.01737     0.30037
     7.21775     0.01482     0.04481     0.04612     0.04482     0.01200     0.02720     0.02638     0.02720     0.01200     0.25535
     7.40275     0.01023     0.05192     0.04263     0.05192     0.01616     0.02611     0.03359     0.02611     0.01617     0.27484
     7.58775     0.01651     0.04165     0.07379     0.04166     0.02466     0.02080     0.02604     0.02080     0.02466     0.29057
     7.77175     0.02058     0.04548     0.04630     0.04548     0.02167     0.02617     0.03073     0.02617     0.02167     0.28425
     7.95675     0.02052     0.04061     0.02847     0.04061     0.03471     0.03214     0.03429     0.03214     0.03471     0.29820
     8.14175     0.01962     0.06633     0.05216     0.06633     0.04708     0.03989     0.02429     0.03989     0.04708     0.40267
     8.32575     0.00962     0.03365     0.06392     0.03365     0.03640     0.02872     0.02403     0.02872     0.03640     0.29511
     8.51075     0.01537     0.03367     0.04569     0.03367     0.02896     0.02149     0.02912     0.02149     0.02896     0.25842
     8.69575     0.01011     0.04409     0.02385     0.04409     0.01310     0.01759     0.01704     0.01758     0.01310     0.20055
     8.87975     0.00732     0.03126     0.02785     0.03126     0.03385     0.03218     0.03411     0.03218     0.03385     0.26386
     9.06475     0.01481     0.03000     0.03001     0.03000     0.02591     0.02799     0.02795     0.02799     0.02591     0.24057
     9.24975     0.01519     0.03067     0.02207     0.03067     0.02418     0.02357     0.03832     0.02357     0.02418     0.23242
     9.43375     0.01867     0.03069     0.02454     0.03069     0.02799     0.02624     0.03693     0.02624     0.02799     0.24998
     9.61875     0.01039     0.02274     0.02822     0.02274     0.02200     0.02468     0.03447     0.02467     0.02200     0.21191
     9.80375     0.01782     0.03643     0.03431     0.03643     0.03402     0.02946     0.03547     0.02946     0.03402     0.28742
     9.98775     0.01042     0.02530     0.03059     0.02530     0.03349     0.03321     0.03001     0.03321     0.03349     0.25502
    10.17275     0.01534     0.03161     0.04534     0.03161     0.05160     0.06021     0.03864     0.06021     0.05160     0.38616
    10.35775     0.01161     0.02324     0.02246     0.02324     0.03557     0.03469     0.03863     0.03469     0.03557     0.25970
    10.54175     0.01578     0.02068     0.02710     0.02067     0.03271     0.03264     0.03989     0.03264     0.03271     0.25482
    10.72675     0.01133     0.02337     0.01944     0.02337     0.03501     0.03729     0.03719     0.03729     0.03501     0.25930
    10.91175     0.01724     0.02897     0.03351     0.02897     0.03828     0.03086     0.05347     0.03086     0.03828     0.30044
    11.09675     0.01271     0.02393     0.04352     0.02393     0.03864     0.03194     0.03322     0.03194     0.03864     0.27847
    11.28075     0.01591     0.02279     0.02852     0.02279     0.02660     0.03339     0.03902     0.03339     0.02660     0.24901
    11.46575     0.01791     0.03095     0.04176     0.03095     0.04151     0.03830     0.03940     0.03830     0.04152     0.32060
    11.65075     0.01200     0.02438     0.02243     0.02438     0.03732     0.03818     0.03863     0.03818     0.03732     0.27282
    11.83475     0.01880     0.02738     0.03963     0.02738     0.03946     0.04640     0.03952     0.04640     0.03946     0.32443
    12.01975     0.01416     0.02536     0.03518     0.02536     0.03324     0.04826     0.04306     0.04826     0.03324     0.30612
    12.20475     0.01188     0.02150     0.01966     0.02150     0.03131     0.02981     0.03462     0.02981     0.03131     0.23140
    12.38875     0.01436     0.02176     0.03183     0.02177     0.03728     0.03437     0.04022     0.03437     0.03728     0.27324
    12.57375     0.01516     0.02733     0.02584     0.02733     0.04161     0.04445     0.03428     0.04445     0.04161     0.30206
    12.75875     0.01543     0.01622     0.03320     0.01622     0.02950     0.04336     0.02918     0.04336     0.02950     0.25597
    12.94275     0.01226     0.01588     0.02159     0.01589     0.03326     0.03469     0.02934     0.03469     0.03326     0.23086
    13.12775     0.01653     0.01928     0.03371     0.01928     0.04522     0.04962     0.03975     0.04962     0.04522     0.31823
    13.31275     0.02437     0.01942     0.03102     0.01942     0.04492     0.03541     0.05481     0.03541     0.04492     0.30970
    13.49675     0.01151     0.01136     0.02530     0.01136     0.02914     0.04550     0.03005     0.04550     0.02913     0.23885
    13.68175     0.00901     0.00584     0.02335     0.00581     0.01928     0.03552     0.02574     0.03571     0.01910     0.17936
    13.86675     0.00863     0.00697     0.01998     0.00695     0.01587     0.02165     0.02268     0.02174     0.01578     0.14025
    14.05175     0.00263     0.00262     0.00450     0.00262     0.00460     0.01139     0.01284     0.01139     0.00460     0.05719
    14.23575     0.00099     0.00185     0.00313     0.00185     0.00108     0.00614     0.00289     0.00617     0.00109     0.02518
    14.42075     0.00040     0.00064     0.00015     0.00064     0.00034     0.00135     0.00025     0.00135     0.00034     0.00547
    14.60575     0.00036     0.00045     0.00048     0.00045     0.00023     0.00104     0.00030     0.00105     0.00023     0.00459
    14.78975     0.00002     0.00005     0.00003     0.00005     0.00009     0.00005     0.00003     0.00005     0.00009     0.00045
    14.97475     0.00000     0.00000     0.00000     0.00000     0.00000     0.00000     0.00000     0.00000     0.00000     0.00000
    15.15975     0.00000     0.00000     0.00000     0.00000     0.00000     0.00000     0.00000     0.00000     0.00000     0.00000
    15.34375     0.00000     0.00000     0.00000     0.00000     0.00000     0.00000     0.00000     0.00000     0.00000     0.00000
    15.52875     0.00000     0.00000     0.00000     0.00000     0.00000     0.00000     0.00000     0.00000     0.00000     0.00000
    15.71375     0.00000     0.00000     0.00000     0.00000     0.00000     0.00000     0.00000     0.00000     0.00000     0.00000
    15.89775     0.00000     0.00000     0.00000     0.00000     0.00000     0.00000     0.00000     0.00000     0.00000     0.00000
    16.08275     0.00000     0.00000     0.00000     0.00000     0.00000     0.00000     0.00000     0.00000     0.00000     0.00000
    16.26775     0.00000     0.00000     0.00000     0.00000     0.00000     0.00000     0.00000     0.00000     0.00000     0.00000
    16.45175     0.00000     0.00000     0.00000     0.00000     0.00000     0.00000     0.00000     0.00000     0.00000     0.00000
    16.63675     0.00000     0.00000     0.00000     0.00000     0.00000     0.00000     0.00000     0.00000     0.00000     0.00000
    16.82175     0.00000     0.00000     0.00000     0.00000     0.00000     0.00000     0.00000     0.00000     0.00000     0.00000
    17.00575     0.00000     0.00000     0.00000     0.00000     0.00000     0.00000     0.00000     0.00000     0.00000     0.00000
    17.19075     0.00000     0.00000     0.00000     0.00000     0.00000     0.00000     0.00000     0.00000     0.00000     0.00000
