     #Energy           s          py          pz          px         dxy         dyz         dz2         dxz      dx2-y2       tot  
   -38.25299     0.00000     0.00000     0.00000     0.00000     0.00000     0.00000     0.00000     0.00000     0.00000     0.00000
   -38.07099     0.00000     0.00000     0.00000     0.00000     0.00000     0.00000     0.00000     0.00000     0.00000     0.00000
   -37.88799     0.00000     0.00000     0.00000     0.00000     0.00000     0.00000     0.00000     0.00000     0.00000     0.00000
   -37.70499     0.00000     0.00000     0.00000     0.00000     0.00000     0.00000     0.00000     0.00000     0.00000     0.00000
   -37.52199     0.00000     0.00000     0.00000     0.00000     0.00000     0.00000     0.00000     0.00000     0.00000     0.00000
   -37.33899     0.00000     0.00000     0.00000     0.00000     0.00000     0.00000     0.00000     0.00000     0.00000     0.00000
   -37.15599     0.00000     0.00000     0.00000     0.00000     0.00000     0.00000     0.00000     0.00000     0.00000     0.00000
   -36.97399     0.00000     0.00000     0.00000     0.00000     0.00000     0.00000     0.00000     0.00000     0.00000     0.00000
   -36.79099     0.00000     0.00000     0.00000     0.00000     0.00000     0.00000     0.00000     0.00000     0.00000     0.00000
   -36.60799     0.00000     0.00000     0.00000     0.00000     0.00000     0.00000     0.00000     0.00000     0.00000     0.00000
   -36.42499     0.00000     0.00000     0.00000     0.00000     0.00000     0.00000     0.00000     0.00000     0.00000     0.00000
   -36.24199     0.00000     0.00000     0.00000     0.00000     0.00000     0.00000     0.00000     0.00000     0.00000     0.00000
   -36.05899     0.00000     0.00000     0.00000     0.00000     0.00000     0.00000     0.00000     0.00000     0.00000     0.00000
   -35.87699     0.00000     0.00000     0.00000     0.00000     0.00000     0.00000     0.00000     0.00000     0.00000     0.00000
   -35.69399     0.00005     0.00003     0.00002     0.00003     0.00003     0.00003     0.00001     0.00003     0.00003     0.00027
   -35.51099     0.00001     0.00000     0.00000     0.00000     0.00000     0.00000     0.00000     0.00000     0.00000     0.00003
   -35.32799     0.00000     0.00000     0.00000     0.00000     0.00000     0.00000     0.00000     0.00000     0.00000     0.00000
   -35.14499     0.00000     0.00000     0.00000     0.00000     0.00000     0.00000     0.00000     0.00000     0.00000     0.00000
   -34.96199     0.00009     0.00006     0.00003     0.00006     0.00007     0.00006     0.00002     0.00006     0.00007     0.00050
   -34.77999     0.00001     0.00001     0.00000     0.00001     0.00001     0.00000     0.00000     0.00000     0.00001     0.00004
   -34.59699     0.00000     0.00000     0.00000     0.00000     0.00000     0.00000     0.00000     0.00000     0.00000     0.00000
   -34.41399     0.00000     0.00000     0.00000     0.00000     0.00000     0.00000     0.00000     0.00000     0.00000     0.00000
   -34.23099     0.00000     0.00000     0.00000     0.00000     0.00000     0.00000     0.00000     0.00000     0.00000     0.00000
   -34.04799     0.00000     0.00000     0.00000     0.00000     0.00000     0.00000     0.00000     0.00000     0.00000     0.00000
   -33.86499     0.00000     0.00000     0.00000     0.00000     0.00000     0.00000     0.00000     0.00000     0.00000     0.00000
   -33.68299     0.00000     0.00000     0.00000     0.00000     0.00000     0.00000     0.00000     0.00000     0.00000     0.00000
   -33.49999     0.00000     0.00000     0.00000     0.00000     0.00000     0.00000     0.00000     0.00000     0.00000     0.00000
   -33.31699     0.00000     0.00000     0.00000     0.00000     0.00000     0.00000     0.00000     0.00000     0.00000     0.00000
   -33.13399     0.00000     0.00000     0.00000     0.00000     0.00000     0.00000     0.00000     0.00000     0.00000     0.00000
   -32.95099     0.00000     0.00000     0.00000     0.00000     0.00000     0.00000     0.00000     0.00000     0.00000     0.00000
   -32.76899     0.00000     0.00000     0.00000     0.00000     0.00000     0.00000     0.00000     0.00000     0.00000     0.00000
   -32.58599     0.00000     0.00000     0.00000     0.00000     0.00000     0.00000     0.00000     0.00000     0.00000     0.00000
   -32.40299     0.00000     0.00000     0.00000     0.00000     0.00000     0.00000     0.00000     0.00000     0.00000     0.00000
   -32.21999     0.00000     0.00000     0.00000     0.00000     0.00000     0.00000     0.00000     0.00000     0.00000     0.00000
   -32.03699     0.00000     0.00000     0.00000     0.00000     0.00000     0.00000     0.00000     0.00000     0.00000     0.00000
   -31.85399     0.00000     0.00000     0.00000     0.00000     0.00000     0.00000     0.00000     0.00000     0.00000     0.00000
   -31.67199     0.00000     0.00000     0.00000     0.00000     0.00000     0.00000     0.00000     0.00000     0.00000     0.00000
   -31.48899     0.00000     0.00000     0.00000     0.00000     0.00000     0.00000     0.00000     0.00000     0.00000     0.00000
   -31.30599     0.00000     0.00000     0.00000     0.00000     0.00000     0.00000     0.00000     0.00000     0.00000     0.00000
   -31.12299     0.00000     0.00000     0.00000     0.00000     0.00000     0.00000     0.00000     0.00000     0.00000     0.00000
   -30.93999     0.00000     0.00000     0.00000     0.00000     0.00000     0.00000     0.00000     0.00000     0.00000     0.00000
   -30.75699     0.00000     0.00000     0.00000     0.00000     0.00000     0.00000     0.00000     0.00000     0.00000     0.00000
   -30.57499     0.00000     0.00000     0.00000     0.00000     0.00000     0.00000     0.00000     0.00000     0.00000     0.00000
   -30.39199     0.00000     0.00000     0.00000     0.00000     0.00000     0.00000     0.00000     0.00000     0.00000     0.00000
   -30.20899     0.00000     0.00000     0.00000     0.00000     0.00000     0.00000     0.00000     0.00000     0.00000     0.00000
   -30.02599     0.00000     0.00000     0.00000     0.00000     0.00000     0.00000     0.00000     0.00000     0.00000     0.00000
   -29.84299     0.00000     0.00000     0.00000     0.00000     0.00000     0.00000     0.00000     0.00000     0.00000     0.00000
   -29.65999     0.00000     0.00000     0.00000     0.00000     0.00000     0.00000     0.00000     0.00000     0.00000     0.00000
   -29.47799     0.00000     0.00000     0.00000     0.00000     0.00000     0.00000     0.00000     0.00000     0.00000     0.00000
   -29.29499     0.00000     0.00000     0.00000     0.00000     0.00000     0.00000     0.00000     0.00000     0.00000     0.00000
   -29.11199     0.00000     0.00000     0.00000     0.00000     0.00000     0.00000     0.00000     0.00000     0.00000     0.00000
   -28.92899     0.00000     0.00000     0.00000     0.00000     0.00000     0.00000     0.00000     0.00000     0.00000     0.00000
   -28.74599     0.00000     0.00000     0.00000     0.00000     0.00000     0.00000     0.00000     0.00000     0.00000     0.00000
   -28.56299     0.00000     0.00000     0.00000     0.00000     0.00000     0.00000     0.00000     0.00000     0.00000     0.00000
   -28.38099     0.00000     0.00000     0.00000     0.00000     0.00000     0.00000     0.00000     0.00000     0.00000     0.00000
   -28.19799     0.00000     0.00000     0.00000     0.00000     0.00000     0.00000     0.00000     0.00000     0.00000     0.00000
   -28.01499     0.00000     0.00000     0.00000     0.00000     0.00000     0.00000     0.00000     0.00000     0.00000     0.00000
   -27.83199     0.00000     0.00000     0.00000     0.00000     0.00000     0.00000     0.00000     0.00000     0.00000     0.00000
   -27.64899     0.00000     0.00000     0.00000     0.00000     0.00000     0.00000     0.00000     0.00000     0.00000     0.00000
   -27.46599     0.00000     0.00000     0.00000     0.00000     0.00000     0.00000     0.00000     0.00000     0.00000     0.00000
   -27.28399     0.00000     0.00000     0.00000     0.00000     0.00000     0.00000     0.00000     0.00000     0.00000     0.00000
   -27.10099     0.00000     0.00000     0.00000     0.00000     0.00000     0.00000     0.00000     0.00000     0.00000     0.00000
   -26.91799     0.00000     0.00000     0.00000     0.00000     0.00000     0.00000     0.00000     0.00000     0.00000     0.00000
   -26.73499     0.00000     0.00000     0.00000     0.00000     0.00000     0.00000     0.00000     0.00000     0.00000     0.00000
   -26.55199     0.00000     0.00000     0.00000     0.00000     0.00000     0.00000     0.00000     0.00000     0.00000     0.00000
   -26.36999     0.00000     0.00000     0.00000     0.00000     0.00000     0.00000     0.00000     0.00000     0.00000     0.00000
   -26.18699     0.00000     0.00000     0.00000     0.00000     0.00000     0.00000     0.00000     0.00000     0.00000     0.00000
   -26.00399     0.00000     0.00000     0.00000     0.00000     0.00000     0.00000     0.00000     0.00000     0.00000     0.00000
   -25.82099     0.00000     0.00000     0.00000     0.00000     0.00000     0.00000     0.00000     0.00000     0.00000     0.00000
   -25.63799     0.00000     0.00000     0.00000     0.00000     0.00000     0.00000     0.00000     0.00000     0.00000     0.00000
   -25.45499     0.00000     0.00000     0.00000     0.00000     0.00000     0.00000     0.00000     0.00000     0.00000     0.00000
   -25.27299     0.00000     0.00000     0.00000     0.00000     0.00000     0.00000     0.00000     0.00000     0.00000     0.00000
   -25.08999     0.00000     0.00000     0.00000     0.00000     0.00000     0.00000     0.00000     0.00000     0.00000     0.00000
   -24.90699     0.00000     0.00000     0.00000     0.00000     0.00000     0.00000     0.00000     0.00000     0.00000     0.00000
   -24.72399     0.00000     0.00000     0.00000     0.00000     0.00000     0.00000     0.00000     0.00000     0.00000     0.00000
   -24.54099     0.00000     0.00000     0.00000     0.00000     0.00000     0.00000     0.00000     0.00000     0.00000     0.00000
   -24.35799     0.00000     0.00000     0.00000     0.00000     0.03097     0.01334     0.00752     0.01334     0.03097     0.09614
   -24.17599     0.00001     0.00003     0.00005     0.00003     4.27300     4.25300     4.23200     4.25300     4.27300    21.28412
   -23.99299     0.00000     0.00000     0.00000     0.00000     0.01409     0.04310     0.05245     0.04310     0.01409     0.16683
   -23.80999     0.00000     0.00000     0.00000     0.00000     0.00000     0.00000     0.00000     0.00000     0.00000     0.00000
   -23.62699     0.00000     0.00000     0.00000     0.00000     0.00000     0.00000     0.00000     0.00000     0.00000     0.00000
   -23.44399     0.00000     0.00000     0.00000     0.00000     0.00000     0.00000     0.00000     0.00000     0.00000     0.00000
   -23.26099     0.00000     0.00000     0.00000     0.00000     0.00000     0.00000     0.00000     0.00000     0.00000     0.00000
   -23.07899     0.00000     0.00000     0.00000     0.00000     0.00000     0.00000     0.00000     0.00000     0.00000     0.00000
   -22.89599     0.00000     0.00000     0.00000     0.00000     0.00000     0.00000     0.00000     0.00000     0.00000     0.00000
   -22.71299     0.00000     0.00000     0.00000     0.00000     0.00000     0.00000     0.00000     0.00000     0.00000     0.00000
   -22.52999     0.00000     0.00000     0.00000     0.00000     0.00000     0.00000     0.00000     0.00000     0.00000     0.00000
   -22.34699     0.00000     0.00000     0.00000     0.00000     0.00000     0.00000     0.00000     0.00000     0.00000     0.00000
   -22.16399     0.00000     0.00000     0.00000     0.00000     0.00000     0.00000     0.00000     0.00000     0.00000     0.00000
   -21.98199     0.00000     0.00000     0.00000     0.00000     0.00000     0.00000     0.00000     0.00000     0.00000     0.00000
   -21.79899     0.00000     0.00000     0.00000     0.00000     0.00000     0.00000     0.00000     0.00000     0.00000     0.00000
   -21.61599     0.00000     0.00000     0.00000     0.00000     0.00000     0.00000     0.00000     0.00000     0.00000     0.00000
   -21.43299     0.00000     0.00000     0.00000     0.00000     0.00166     0.00033     0.00018     0.00033     0.00166     0.00417
   -21.24999     0.00004     0.00005     0.00005     0.00005     6.12300     5.74400     5.48100     5.74400     6.12300    29.21519
   -21.06699     0.00001     0.00001     0.00001     0.00001     0.35500     0.74700     1.03300     0.74710     0.35500     3.23712
   -20.88499     0.00000     0.00000     0.00000     0.00000     0.00000     0.00000     0.00000     0.00000     0.00000     0.00000
   -20.70199     0.00000     0.00000     0.00000     0.00000     0.00000     0.00000     0.00000     0.00000     0.00000     0.00000
   -20.51899     0.00000     0.00000     0.00000     0.00000     0.00000     0.00000     0.00000     0.00000     0.00000     0.00000
   -20.33599     0.00000     0.00000     0.00000     0.00000     0.00000     0.00000     0.00000     0.00000     0.00000     0.00000
   -20.15299     0.00000     0.00000     0.00000     0.00000     0.00000     0.00000     0.00000     0.00000     0.00000     0.00000
   -19.97099     0.00000     0.00000     0.00000     0.00000     0.00000     0.00000     0.00000     0.00000     0.00000     0.00000
   -19.78799     0.00000     0.00000     0.00000     0.00000     0.00000     0.00000     0.00000     0.00000     0.00000     0.00000
   -19.60499     0.00000     0.00000     0.00000     0.00000     0.00000     0.00000     0.00000     0.00000     0.00000     0.00000
   -19.42199     0.00000     0.00000     0.00000     0.00000     0.00000     0.00000     0.00000     0.00000     0.00000     0.00000
   -19.23899     0.00000     0.00000     0.00000     0.00000     0.00000     0.00000     0.00000     0.00000     0.00000     0.00000
   -19.05599     0.00000     0.00000     0.00000     0.00000     0.00000     0.00000     0.00000     0.00000     0.00000     0.00000
   -18.87399     0.00000     0.00000     0.00000     0.00000     0.00000     0.00000     0.00000     0.00000     0.00000     0.00000
   -18.69099     0.00000     0.00000     0.00000     0.00000     0.00000     0.00000     0.00000     0.00000     0.00000     0.00000
   -18.50799     0.00000     0.00000     0.00000     0.00000     0.00000     0.00000     0.00000     0.00000     0.00000     0.00000
   -18.32499     0.00000     0.00000     0.00000     0.00000     0.00000     0.00000     0.00000     0.00000     0.00000     0.00000
   -18.14199     0.00000     0.00000     0.00000     0.00000     0.00000     0.00000     0.00000     0.00000     0.00000     0.00000
   -17.95899     0.00000     0.00000     0.00000     0.00000     0.00000     0.00000     0.00000     0.00000     0.00000     0.00000
   -17.77699     0.00000     0.00000     0.00000     0.00000     0.00000     0.00000     0.00000     0.00000     0.00000     0.00000
   -17.59399     0.00000     0.00000     0.00000     0.00000     0.00000     0.00000     0.00000     0.00000     0.00000     0.00000
   -17.41099     0.00000     0.00000     0.00000     0.00000     0.00000     0.00000     0.00000     0.00000     0.00000     0.00000
   -17.22799     0.00000     0.00000     0.00000     0.00000     0.00000     0.00000     0.00000     0.00000     0.00000     0.00000
   -17.04499     0.00000     0.00000     0.00000     0.00000     0.00000     0.00000     0.00000     0.00000     0.00000     0.00000
   -16.86199     0.00000     0.00000     0.00000     0.00000     0.00000     0.00000     0.00000     0.00000     0.00000     0.00000
   -16.67999     0.00000     0.00000     0.00000     0.00000     0.00000     0.00000     0.00000     0.00000     0.00000     0.00000
   -16.49699     0.00000     0.00000     0.00000     0.00000     0.00000     0.00000     0.00000     0.00000     0.00000     0.00000
   -16.31399     0.00000     0.00000     0.00000     0.00000     0.00000     0.00000     0.00000     0.00000     0.00000     0.00000
   -16.13099     0.00000     0.00000     0.00000     0.00000     0.00000     0.00000     0.00000     0.00000     0.00000     0.00000
   -15.94799     0.00000     0.00000     0.00000     0.00000     0.00000     0.00000     0.00000     0.00000     0.00000     0.00000
   -15.76499     0.00000     0.00000     0.00000     0.00000     0.00000     0.00000     0.00000     0.00000     0.00000     0.00000
   -15.58299     0.00000     0.00000     0.00000     0.00000     0.00000     0.00000     0.00000     0.00000     0.00000     0.00000
   -15.39999     0.00000     0.00000     0.00000     0.00000     0.00000     0.00000     0.00000     0.00000     0.00000     0.00000
   -15.21699     0.00000     0.00000     0.00000     0.00000     0.00000     0.00000     0.00000     0.00000     0.00000     0.00000
   -15.03399     0.00000     0.00000     0.00000     0.00000     0.00000     0.00000     0.00000     0.00000     0.00000     0.00000
   -14.85099     0.00000     0.00000     0.00000     0.00000     0.00000     0.00000     0.00000     0.00000     0.00000     0.00000
   -14.66799     0.00000     0.00000     0.00000     0.00000     0.00000     0.00000     0.00000     0.00000     0.00000     0.00000
   -14.48599     0.00000     0.00000     0.00000     0.00000     0.00000     0.00000     0.00000     0.00000     0.00000     0.00000
   -14.30299     0.00000     0.00000     0.00000     0.00000     0.00000     0.00000     0.00000     0.00000     0.00000     0.00000
   -14.11999     0.00000     0.00000     0.00000     0.00000     0.00000     0.00000     0.00000     0.00000     0.00000     0.00000
   -13.93699     0.00000     0.00000     0.00000     0.00000     0.00000     0.00000     0.00000     0.00000     0.00000     0.00000
   -13.75399     0.00000     0.00000     0.00000     0.00000     0.00000     0.00000     0.00000     0.00000     0.00000     0.00000
   -13.57199     0.00000     0.00000     0.00000     0.00000     0.00000     0.00000     0.00000     0.00000     0.00000     0.00000
   -13.38899     0.00000     0.00000     0.00000     0.00000     0.00000     0.00000     0.00000     0.00000     0.00000     0.00000
   -13.20599     0.00000     0.00000     0.00000     0.00000     0.00000     0.00000     0.00000     0.00000     0.00000     0.00000
   -13.02299     0.00000     0.00000     0.00000     0.00000     0.00000     0.00000     0.00000     0.00000     0.00000     0.00000
   -12.83999     0.00000     0.00000     0.00000     0.00000     0.00000     0.00000     0.00000     0.00000     0.00000     0.00000
   -12.65699     0.00000     0.00000     0.00000     0.00000     0.00000     0.00000     0.00000     0.00000     0.00000     0.00000
   -12.47499     0.00000     0.00000     0.00000     0.00000     0.00000     0.00000     0.00000     0.00000     0.00000     0.00000
   -12.29199     0.00000     0.00000     0.00000     0.00000     0.00000     0.00000     0.00000     0.00000     0.00000     0.00000
   -12.10899     0.00000     0.00000     0.00000     0.00000     0.00000     0.00000     0.00000     0.00000     0.00000     0.00000
   -11.92599     0.00001     0.00000     0.00000     0.00000     0.00000     0.00000     0.00000     0.00000     0.00000     0.00001
   -11.74299     0.13840     0.00007     0.00116     0.00007     0.00001     0.00001     0.00017     0.00001     0.00001     0.13991
   -11.55999     0.39180     0.00066     0.00307     0.00066     0.00008     0.00008     0.00042     0.00008     0.00008     0.39696
   -11.37799     0.40820     0.00141     0.00285     0.00141     0.00019     0.00017     0.00033     0.00017     0.00019     0.41493
   -11.19499     0.44390     0.00216     0.00273     0.00216     0.00031     0.00027     0.00027     0.00027     0.00031     0.45239
   -11.01199     0.47160     0.00282     0.00251     0.00282     0.00043     0.00035     0.00021     0.00035     0.00043     0.48152
   -10.82899     0.57680     0.00389     0.00259     0.00389     0.00065     0.00048     0.00018     0.00048     0.00065     0.58960
   -10.64599     0.80120     0.00558     0.00288     0.00558     0.00105     0.00071     0.00015     0.00071     0.00105     0.81891
   -10.46299     0.80470     0.00540     0.00232     0.00540     0.00107     0.00070     0.00009     0.00070     0.00107     0.82144
   -10.28099     0.39600     0.00226     0.00082     0.00226     0.00040     0.00028     0.00002     0.00028     0.00040     0.40273
   -10.09799     0.16040     0.00042     0.00023     0.00042     0.00007     0.00005     0.00000     0.00005     0.00007     0.16171
    -9.91499     0.00087     0.00001     0.00000     0.00001     0.00000     0.00000     0.00000     0.00000     0.00000     0.00090
    -9.73199     0.02556     0.00231     0.00004     0.00231     0.00033     0.00028     0.00000     0.00028     0.00033     0.03143
    -9.54899     0.16920     0.00631     0.00009     0.00631     0.00081     0.00075     0.00001     0.00075     0.00081     0.18504
    -9.36599     0.45130     0.01319     0.00020     0.01319     0.00142     0.00151     0.00004     0.00151     0.00142     0.48377
    -9.18399     0.48190     0.01279     0.00033     0.01279     0.00125     0.00144     0.00006     0.00144     0.00125     0.51324
    -9.00099     0.32530     0.00760     0.00036     0.00760     0.00081     0.00089     0.00005     0.00089     0.00081     0.34430
    -8.81799     0.37190     0.00757     0.00073     0.00757     0.00088     0.00091     0.00007     0.00091     0.00088     0.39142
    -8.63499     0.34920     0.00605     0.00133     0.00605     0.00072     0.00074     0.00008     0.00074     0.00072     0.36565
    -8.45199     0.26160     0.00381     0.00158     0.00381     0.00047     0.00048     0.00007     0.00048     0.00047     0.27277
    -8.26899     0.27020     0.00321     0.00229     0.00321     0.00042     0.00042     0.00007     0.00042     0.00042     0.28067
    -8.08699     0.29060     0.00244     0.00372     0.00244     0.00033     0.00033     0.00008     0.00033     0.00033     0.30061
    -7.90399     0.28990     0.00129     0.00546     0.00129     0.00018     0.00018     0.00008     0.00018     0.00018     0.29876
    -7.72099     0.14420     0.00021     0.00350     0.00021     0.00003     0.00003     0.00004     0.00003     0.00003     0.14828
    -7.53799     0.00013     0.00000     0.00000     0.00000     0.00000     0.00000     0.00000     0.00000     0.00000     0.00014
    -7.35499     0.00000     0.00000     0.00000     0.00000     0.00000     0.00000     0.00000     0.00000     0.00000     0.00000
    -7.17299     0.00000     0.00000     0.00000     0.00000     0.00000     0.00000     0.00000     0.00000     0.00000     0.00000
    -6.98999     0.00000     0.00000     0.00000     0.00000     0.00000     0.00000     0.00000     0.00000     0.00000     0.00000
    -6.80699     0.00000     0.00000     0.00000     0.00000     0.00000     0.00000     0.00000     0.00000     0.00000     0.00000
    -6.62399     0.00000     0.00000     0.00000     0.00000     0.00000     0.00000     0.00000     0.00000     0.00000     0.00000
    -6.44099     0.00000     0.00000     0.00000     0.00000     0.00000     0.00000     0.00000     0.00000     0.00000     0.00000
    -6.25799     0.00000     0.00000     0.00000     0.00000     0.00000     0.00000     0.00000     0.00000     0.00000     0.00000
    -6.07599     0.00000     0.00000     0.00000     0.00000     0.00000     0.00000     0.00000     0.00000     0.00000     0.00000
    -5.89299     0.00000     0.00000     0.00000     0.00000     0.00000     0.00000     0.00000     0.00000     0.00000     0.00000
    -5.70999     0.00000     0.00000     0.00000     0.00000     0.00000     0.00000     0.00000     0.00000     0.00000     0.00000
    -5.52699     0.00000     0.00000     0.00000     0.00000     0.00000     0.00000     0.00000     0.00000     0.00000     0.00000
    -5.34399     0.00000     0.00000     0.00000     0.00000     0.00000     0.00000     0.00000     0.00000     0.00000     0.00000
    -5.16099     0.00000     0.00000     0.00000     0.00000     0.00000     0.00000     0.00000     0.00000     0.00000     0.00000
    -4.97899     0.00000     0.00000     0.00000     0.00000     0.00000     0.00000     0.00000     0.00000     0.00000     0.00000
    -4.79599     0.00000     0.00000     0.00000     0.00000     0.00000     0.00000     0.00000     0.00000     0.00000     0.00000
    -4.61299     0.00000     0.00000     0.00000     0.00000     0.00000     0.00000     0.00000     0.00000     0.00000     0.00000
    -4.42999     0.00000     0.00000     0.00000     0.00000     0.00000     0.00000     0.00000     0.00000     0.00000     0.00000
    -4.24699     0.00000     0.00000     0.00000     0.00000     0.00000     0.00000     0.00000     0.00000     0.00000     0.00000
    -4.06399     0.00000     0.00000     0.00000     0.00000     0.00000     0.00000     0.00000     0.00000     0.00000     0.00000
    -3.88199     0.00000     0.00000     0.00000     0.00000     0.00000     0.00000     0.00000     0.00000     0.00000     0.00000
    -3.69899     0.00000     0.00000     0.00000     0.00000     0.00000     0.00000     0.00000     0.00000     0.00000     0.00000
    -3.51599     0.00028     0.02391     0.00466     0.02391     0.00001     0.00029     0.00000     0.00029     0.00001     0.05336
    -3.33299     0.00165     0.07009     0.01606     0.07010     0.00010     0.00080     0.00002     0.00080     0.00010     0.15971
    -3.14999     0.00346     0.08227     0.02633     0.08227     0.00020     0.00084     0.00003     0.00084     0.00020     0.19644
    -2.96699     0.00871     0.14080     0.07671     0.14080     0.00046     0.00125     0.00011     0.00125     0.00046     0.37055
    -2.78499     0.01089     0.19850     0.14430     0.19850     0.00104     0.00181     0.00039     0.00181     0.00104     0.55828
    -2.60199     0.01794     0.16930     0.11770     0.16930     0.00109     0.00166     0.00029     0.00166     0.00109     0.48004
    -2.41899     0.01722     0.20390     0.15750     0.20390     0.00210     0.00172     0.00043     0.00172     0.00210     0.59060
    -2.23599     0.01393     0.23080     0.15740     0.23080     0.00235     0.00252     0.00049     0.00252     0.00235     0.64316
    -2.05299     0.00997     0.20900     0.13010     0.20890     0.00335     0.00260     0.00081     0.00260     0.00335     0.57070
    -1.86999     0.01440     0.24760     0.13900     0.24760     0.00435     0.00320     0.00089     0.00320     0.00435     0.66458
    -1.68799     0.00959     0.14870     0.08467     0.14870     0.00319     0.00191     0.00044     0.00191     0.00319     0.40230
    -1.50499     0.00509     0.06097     0.04294     0.06098     0.00176     0.00103     0.00024     0.00103     0.00176     0.17579
    -1.32199     0.00951     0.05330     0.08332     0.05330     0.00187     0.00092     0.00035     0.00092     0.00187     0.20538
    -1.13899     0.01870     0.05595     0.15420     0.05595     0.00179     0.00096     0.00036     0.00096     0.00179     0.29067
    -0.95599     0.03650     0.08059     0.29460     0.08059     0.00218     0.00182     0.00070     0.00182     0.00218     0.50096
    -0.77399     0.02928     0.05519     0.21740     0.05519     0.00134     0.00123     0.00097     0.00123     0.00134     0.36317
    -0.59099     0.02397     0.03771     0.16430     0.03771     0.00088     0.00078     0.00145     0.00078     0.00088     0.26847
    -0.40799     0.02423     0.03339     0.15610     0.03339     0.00096     0.00068     0.00229     0.00068     0.00096     0.25268
    -0.22499     0.02466     0.02873     0.15070     0.02873     0.00103     0.00061     0.00354     0.00061     0.00103     0.23964
    -0.04199     0.02997     0.01878     0.11570     0.01877     0.00093     0.00057     0.00573     0.00057     0.00093     0.19193
     0.14101     0.00797     0.00127     0.03165     0.00127     0.00034     0.00020     0.00235     0.00020     0.00034     0.04558
     0.32301     0.01025     0.00739     0.04118     0.00739     0.00050     0.00027     0.00172     0.00027     0.00050     0.06945
     0.50601     0.01387     0.01534     0.07791     0.01534     0.00100     0.00040     0.00142     0.00040     0.00100     0.12668
     0.68901     0.02573     0.03650     0.15210     0.03651     0.00377     0.00070     0.00190     0.00070     0.00377     0.26168
     0.87201     0.04954     0.07587     0.25840     0.07587     0.01029     0.00101     0.00371     0.00101     0.01029     0.48599
     1.05501     0.03845     0.06321     0.17750     0.06321     0.00756     0.00086     0.00257     0.00086     0.00756     0.36178
     1.23801     0.02090     0.03052     0.09184     0.03052     0.00295     0.00083     0.00092     0.00083     0.00295     0.18225
     1.42001     0.02793     0.05049     0.11340     0.05048     0.00488     0.00098     0.00133     0.00098     0.00488     0.25536
     1.60301     0.01275     0.02400     0.04564     0.02400     0.00160     0.00069     0.00039     0.00069     0.00160     0.11137
     1.78601     0.03165     0.16350     0.11790     0.16350     0.00801     0.00247     0.00078     0.00247     0.00801     0.49828
     1.96901     0.02576     0.12490     0.08043     0.12490     0.00521     0.00401     0.00056     0.00401     0.00521     0.37500
     2.15201     0.02065     0.11090     0.06098     0.11090     0.00402     0.00287     0.00073     0.00287     0.00402     0.31794
     2.33501     0.01025     0.06318     0.03489     0.06318     0.00224     0.00174     0.00052     0.00174     0.00224     0.17998
     2.51701     0.02260     0.31710     0.08514     0.31710     0.00963     0.01082     0.00120     0.01082     0.00962     0.78403
     2.70001     0.02120     0.29710     0.11810     0.29710     0.00632     0.01119     0.00166     0.01119     0.00632     0.77017
     2.88301     0.04242     0.35830     0.23170     0.35830     0.00565     0.01464     0.00238     0.01464     0.00565     1.03368
     3.06601     0.02621     0.25560     0.15310     0.25560     0.00340     0.01048     0.00084     0.01048     0.00340     0.71911
     3.24901     0.01906     0.36450     0.12670     0.36450     0.00381     0.01447     0.00108     0.01447     0.00381     0.91239
     3.43201     0.00905     0.14560     0.04712     0.14560     0.00117     0.00681     0.00063     0.00681     0.00117     0.36396
     3.61401     0.00008     0.00134     0.00043     0.00134     0.00001     0.00007     0.00001     0.00007     0.00001     0.00335
     3.79701     0.00010     0.00002     0.00038     0.00002     0.00000     0.00000     0.00001     0.00000     0.00000     0.00053
     3.98001     0.00427     0.00191     0.02252     0.00191     0.00014     0.00001     0.00049     0.00001     0.00014     0.03138
     4.16301     0.00351     0.00411     0.03616     0.00411     0.00049     0.00006     0.00129     0.00006     0.00049     0.05028
     4.34601     0.00236     0.00495     0.04081     0.00495     0.00085     0.00021     0.00201     0.00021     0.00085     0.05722
     4.52901     0.00440     0.00628     0.04315     0.00628     0.00130     0.00052     0.00285     0.00052     0.00130     0.06660
     4.71101     0.00678     0.00950     0.04505     0.00950     0.00216     0.00099     0.00365     0.00099     0.00216     0.08079
     4.89401     0.00548     0.01207     0.04094     0.01207     0.00347     0.00157     0.00370     0.00157     0.00347     0.08435
     5.07701     0.00458     0.01394     0.04075     0.01394     0.00513     0.00222     0.00477     0.00222     0.00513     0.09269
     5.26001     0.00910     0.01706     0.04292     0.01706     0.00678     0.00361     0.00677     0.00361     0.00678     0.11369
     5.44301     0.01202     0.02190     0.03769     0.02190     0.00847     0.00639     0.01002     0.00639     0.00847     0.13324
     5.62501     0.00929     0.02390     0.02974     0.02390     0.01028     0.00812     0.01203     0.00812     0.01028     0.13566
     5.80801     0.00470     0.01665     0.01633     0.01665     0.00859     0.00790     0.00805     0.00790     0.00859     0.09536
     5.99101     0.00946     0.01985     0.02430     0.01985     0.01052     0.00824     0.01062     0.00824     0.01052     0.12160
     6.17401     0.01726     0.03948     0.05475     0.03947     0.01485     0.02034     0.03091     0.02034     0.01485     0.25225
     6.35701     0.01941     0.04822     0.04795     0.04822     0.02287     0.02671     0.01729     0.02671     0.02287     0.28025
     6.54001     0.01656     0.03840     0.03337     0.03840     0.02114     0.02241     0.01594     0.02241     0.02114     0.22977
     6.72201     0.02974     0.06057     0.03513     0.06057     0.02079     0.01831     0.03904     0.01831     0.02079     0.30325
     6.90501     0.02519     0.04479     0.03637     0.04479     0.01382     0.00906     0.02287     0.00906     0.01382     0.21977
     7.08801     0.02145     0.04997     0.04877     0.04997     0.01201     0.00911     0.03354     0.00911     0.01201     0.24594
     7.27101     0.01122     0.04132     0.03576     0.04132     0.01303     0.01126     0.03497     0.01126     0.01303     0.21317
     7.45401     0.02824     0.06721     0.06699     0.06721     0.02049     0.01956     0.02572     0.01956     0.02049     0.33547
     7.63701     0.02013     0.05546     0.04947     0.05546     0.02038     0.01593     0.02478     0.01593     0.02038     0.27792
     7.81901     0.01379     0.07389     0.03472     0.07389     0.05393     0.03836     0.03479     0.03836     0.05393     0.41566
     8.00201     0.01267     0.05493     0.02694     0.05493     0.02662     0.01967     0.02559     0.01967     0.02662     0.26764
     8.18501     0.02112     0.04185     0.03759     0.04185     0.02169     0.02289     0.03718     0.02289     0.02169     0.26875
     8.36801     0.01565     0.04694     0.04867     0.04694     0.01619     0.01696     0.02535     0.01696     0.01619     0.24985
     8.55101     0.01303     0.05569     0.02667     0.05569     0.02087     0.01482     0.01206     0.01482     0.02087     0.23452
     8.73401     0.01387     0.05068     0.05287     0.05068     0.02214     0.01381     0.01499     0.01381     0.02214     0.25499
     8.91601     0.02023     0.05498     0.05364     0.05498     0.02403     0.01780     0.01773     0.01780     0.02403     0.28522
     9.09901     0.01340     0.05009     0.02910     0.05009     0.01700     0.01570     0.02096     0.01570     0.01700     0.22904
     9.28201     0.01657     0.03941     0.02847     0.03941     0.01218     0.01506     0.02111     0.01506     0.01218     0.19945
     9.46501     0.01600     0.05275     0.03505     0.05275     0.01208     0.02126     0.02211     0.02125     0.01208     0.24533
     9.64801     0.01586     0.07130     0.04005     0.07130     0.01762     0.02656     0.02867     0.02656     0.01762     0.31554
     9.83101     0.01330     0.04345     0.03087     0.04346     0.01532     0.02911     0.01500     0.02911     0.01532     0.23494
    10.01301     0.01129     0.03599     0.03742     0.03599     0.01803     0.03707     0.02656     0.03707     0.01803     0.25745
    10.19601     0.01770     0.03666     0.03079     0.03666     0.01533     0.03290     0.02021     0.03290     0.01533     0.23848
    10.37901     0.00992     0.02904     0.02688     0.02904     0.00963     0.02483     0.01638     0.02483     0.00963     0.18017
    10.56201     0.02116     0.03580     0.03449     0.03580     0.02371     0.03341     0.02209     0.03341     0.02371     0.26358
    10.74501     0.01275     0.01736     0.03080     0.01736     0.01377     0.02004     0.01806     0.02004     0.01377     0.16395
    10.92801     0.01361     0.01902     0.02653     0.01902     0.02120     0.02949     0.02081     0.02949     0.02120     0.20037
    11.11001     0.01618     0.02065     0.03715     0.02065     0.01906     0.03103     0.02016     0.03103     0.01906     0.21497
    11.29301     0.01156     0.02032     0.03241     0.02032     0.02326     0.02585     0.02262     0.02585     0.02326     0.20545
    11.47601     0.01980     0.02988     0.04403     0.02988     0.02285     0.03881     0.02353     0.03881     0.02285     0.27044
    11.65901     0.01447     0.02233     0.03600     0.02233     0.02259     0.03181     0.02401     0.03181     0.02258     0.22793
    11.84201     0.01630     0.01629     0.02690     0.01629     0.01678     0.02204     0.02256     0.02204     0.01678     0.17598
    12.02401     0.02436     0.02792     0.04157     0.02792     0.02220     0.02827     0.01999     0.02827     0.02220     0.24270
    12.20701     0.01448     0.01925     0.02803     0.01925     0.02105     0.02765     0.01668     0.02765     0.02105     0.19509
    12.39001     0.02066     0.02124     0.03895     0.02124     0.03149     0.03138     0.02385     0.03138     0.03149     0.25168
    12.57301     0.01373     0.01795     0.02930     0.01796     0.03184     0.02505     0.03810     0.02505     0.03184     0.23082
    12.75601     0.02105     0.02312     0.03432     0.02312     0.03786     0.03427     0.04548     0.03426     0.03785     0.29133
    12.93901     0.02006     0.01552     0.03025     0.01552     0.02070     0.01954     0.03446     0.01953     0.02071     0.19629
    13.12101     0.02055     0.01427     0.01889     0.01427     0.02105     0.02438     0.02496     0.02433     0.02108     0.18378
    13.30401     0.01325     0.01103     0.01989     0.01103     0.01675     0.02806     0.01862     0.02806     0.01676     0.16345
    13.48701     0.00676     0.01015     0.02006     0.01017     0.00875     0.01289     0.00569     0.01288     0.00873     0.09609
    13.67001     0.00427     0.00288     0.00868     0.00288     0.00308     0.00481     0.00452     0.00481     0.00307     0.03900
    13.85301     0.00217     0.00254     0.00622     0.00253     0.00149     0.00302     0.00369     0.00302     0.00149     0.02618
    14.03601     0.00091     0.00064     0.00104     0.00064     0.00043     0.00133     0.00112     0.00133     0.00044     0.00789
    14.21801     0.00002     0.00005     0.00003     0.00005     0.00008     0.00014     0.00005     0.00014     0.00008     0.00064
    14.40101     0.00000     0.00000     0.00000     0.00000     0.00000     0.00000     0.00000     0.00000     0.00000     0.00000
    14.58401     0.00000     0.00000     0.00000     0.00000     0.00000     0.00000     0.00000     0.00000     0.00000     0.00000
    14.76701     0.00000     0.00000     0.00000     0.00000     0.00000     0.00000     0.00000     0.00000     0.00000     0.00000
    14.95001     0.00000     0.00000     0.00000     0.00000     0.00000     0.00000     0.00000     0.00000     0.00000     0.00000
    15.13301     0.00000     0.00000     0.00000     0.00000     0.00000     0.00000     0.00000     0.00000     0.00000     0.00000
    15.31501     0.00000     0.00000     0.00000     0.00000     0.00000     0.00000     0.00000     0.00000     0.00000     0.00000
    15.49801     0.00000     0.00000     0.00000     0.00000     0.00000     0.00000     0.00000     0.00000     0.00000     0.00000
    15.68101     0.00000     0.00000     0.00000     0.00000     0.00000     0.00000     0.00000     0.00000     0.00000     0.00000
    15.86401     0.00000     0.00000     0.00000     0.00000     0.00000     0.00000     0.00000     0.00000     0.00000     0.00000
    16.04701     0.00000     0.00000     0.00000     0.00000     0.00000     0.00000     0.00000     0.00000     0.00000     0.00000
    16.23001     0.00000     0.00000     0.00000     0.00000     0.00000     0.00000     0.00000     0.00000     0.00000     0.00000
    16.41201     0.00000     0.00000     0.00000     0.00000     0.00000     0.00000     0.00000     0.00000     0.00000     0.00000
    16.59501     0.00000     0.00000     0.00000     0.00000     0.00000     0.00000     0.00000     0.00000     0.00000     0.00000
