      #Energy        TDOS
     -38.42584       0.00000
     -38.23484       0.00000
     -38.04384       0.00000
     -37.85284       0.00000
     -37.66184       0.00000
     -37.47084       0.00000
     -37.27984       0.00000
     -37.08884       0.00000
     -36.89784       0.00000
     -36.70684       0.00000
     -36.51584       0.00000
     -36.32484       0.00000
     -36.13384       0.00000
     -35.94284       0.00313
     -35.75184      19.56000
     -35.55984       1.37700
     -35.36884       0.00000
     -35.17784       0.15570
     -34.98684      31.05000
     -34.79584       0.20300
     -34.60484       0.00000
     -34.41384       0.00000
     -34.22284       0.00000
     -34.03184       0.00000
     -33.84084       0.00000
     -33.64984       0.00000
     -33.45884       0.00000
     -33.26784       0.00000
     -33.07684       0.00000
     -32.88584       0.00000
     -32.69484       0.00000
     -32.50384       0.00000
     -32.31284       0.00000
     -32.12084       0.00000
     -31.92984       0.00000
     -31.73884       0.00000
     -31.54784       0.00000
     -31.35684       0.00000
     -31.16584       0.00000
     -30.97484       0.00000
     -30.78384       0.00000
     -30.59284       0.00000
     -30.40184       0.00000
     -30.21084       0.00000
     -30.01984       0.00000
     -29.82884       0.00000
     -29.63784       0.00000
     -29.44684       0.00000
     -29.25584       0.00000
     -29.06484       0.00000
     -28.87384       0.00000
     -28.68184       0.00000
     -28.49084       0.00000
     -28.29984       0.00000
     -28.10884       0.00000
     -27.91784       0.00000
     -27.72684       0.00000
     -27.53584       0.00000
     -27.34484       0.00000
     -27.15384       0.00000
     -26.96284       0.00000
     -26.77184       0.00000
     -26.58084       0.00000
     -26.38984       0.00000
     -26.19884       0.00000
     -26.00784       0.00000
     -25.81684       0.00000
     -25.62584       0.00000
     -25.43484       0.00000
     -25.24284       0.00000
     -25.05184       0.00000
     -24.86084       0.00000
     -24.66984       0.00000
     -24.47884       0.00127
     -24.28784      17.61000
     -24.09684       3.32700
     -23.90584       0.00000
     -23.71484       0.00000
     -23.52384       0.00000
     -23.33284       0.00000
     -23.14184       0.00000
     -22.95084       0.00000
     -22.75984       0.00000
     -22.56884       0.00000
     -22.37784       0.00000
     -22.18684       0.00000
     -21.99484       0.00000
     -21.80384       0.00000
     -21.61284       0.00000
     -21.42184       3.61000
     -21.23084      27.78000
     -21.03984       0.01261
     -20.84884       0.00000
     -20.65784       0.00000
     -20.46684       0.00000
     -20.27584       0.00000
     -20.08484       0.00000
     -19.89384       0.00000
     -19.70284       0.00000
     -19.51184       0.00000
     -19.32084       0.00000
     -19.12984       0.00000
     -18.93884       0.00000
     -18.74784       0.00000
     -18.55584       0.00000
     -18.36484       0.00000
     -18.17384       0.00000
     -17.98284       0.00000
     -17.79184       0.00000
     -17.60084       0.00000
     -17.40984       0.00000
     -17.21884       0.00000
     -17.02784       0.00000
     -16.83684       0.00000
     -16.64584       0.00000
     -16.45484       0.00000
     -16.26384       0.00000
     -16.07284       0.00000
     -15.88184       0.00000
     -15.69084       0.00000
     -15.49984       0.00000
     -15.30884       0.00000
     -15.11684       0.00000
     -14.92584       0.00000
     -14.73484       0.00000
     -14.54384       0.00000
     -14.35284       0.00000
     -14.16184       0.00000
     -13.97084       0.00000
     -13.77984       0.00000
     -13.58884       0.00000
     -13.39784       0.00000
     -13.20684       0.00000
     -13.01584       0.00000
     -12.82484       0.00002
     -12.63384       0.27450
     -12.44284       0.76840
     -12.25184       0.78790
     -12.06084       0.68380
     -11.86984       0.73700
     -11.67784       1.02900
     -11.48684       0.81900
     -11.29584       0.82140
     -11.10484       1.36200
     -10.91384       1.18300
     -10.72284       1.07500
     -10.53184       0.66870
     -10.34084       0.19230
     -10.14984       0.06608
      -9.95884       0.13200
      -9.76784       0.25720
      -9.57684       0.67630
      -9.38584       1.70100
      -9.19484       1.00400
      -9.00384       1.06300
      -8.81284       1.05600
      -8.62184       0.68980
      -8.43084       0.88250
      -8.23884       0.99380
      -8.04784       1.16000
      -7.85684       0.85230
      -7.66584       0.00089
      -7.47484       0.00000
      -7.28384       0.00000
      -7.09284       0.00000
      -6.90184       0.00000
      -6.71084       0.00000
      -6.51984       0.00000
      -6.32884       0.00000
      -6.13784       0.00000
      -5.94684       0.00000
      -5.75584       0.00000
      -5.56484       0.00000
      -5.37384       0.00000
      -5.18284       0.00000
      -4.99084       0.00000
      -4.79984       0.00000
      -4.60884       0.00000
      -4.41784       0.00000
      -4.22684       0.00010
      -4.03584       0.20240
      -3.84484       0.47410
      -3.65384       0.87650
      -3.46284       2.01900
      -3.27184       2.19300
      -3.08084       1.42500
      -2.88984       1.28400
      -2.69884       1.58900
      -2.50784       1.75700
      -2.31684       1.57000
      -2.12584       2.55700
      -1.93484       1.45700
      -1.74384       1.39200
      -1.55184       2.58600
      -1.36084       2.50000
      -1.16984       1.67700
      -0.97884       1.54600
      -0.78784       1.40300
      -0.59684       1.72400
      -0.40584       1.09800
      -0.21484       0.07325
      -0.02384       0.00002
       0.16716       0.00000
       0.35816       0.03184
       0.54916       0.03890
       0.74016       0.13480
       0.93116       0.75490
       1.12216       1.59600
       1.31316       2.24700
       1.50416       1.47200
       1.69516       2.26100
       1.88716       1.07100
       2.07816       1.61300
       2.26916       1.28900
       2.46016       2.94800
       2.65116       1.67200
       2.84216       1.77300
       3.03316       1.92500
       3.22416       3.71900
       3.41516       4.06400
       3.60616       2.76900
       3.79716       0.20320
       3.98816       0.50950
       4.17916       0.61910
       4.37016       0.74680
       4.56116       1.62500
       4.75216       1.87300
       4.94316       2.66400
       5.13416       2.91800
       5.32616       3.91700
       5.51716       3.93100
       5.70816       3.67300
       5.89916       4.27200
       6.09016       4.70900
       6.28116       3.89600
       6.47216       5.79000
       6.66316       5.70500
       6.85416       5.49700
       7.04516       5.15400
       7.23616       7.27400
       7.42716       7.03000
       7.61816       6.63300
       7.80916       6.68100
       8.00016       8.00900
       8.19116       6.14600
       8.38216       6.82600
       8.57316       7.42700
       8.76516       6.92800
       8.95616       8.08300
       9.14716       7.15400
       9.33816       7.06200
       9.52916       8.33400
       9.72016       7.49500
       9.91116       7.44100
      10.10216       8.65600
      10.29316       7.68400
      10.48416       8.00600
      10.67516       7.99100
      10.86616       9.92500
      11.05716       8.22600
      11.24816       8.69400
      11.43916       9.41800
      11.63016       8.81100
      11.82116       8.56900
      12.01216       9.68500
      12.20416       9.43200
      12.39516       8.79100
      12.58616       9.53400
      12.77716      10.77000
      12.96816       8.71200
      13.15916       8.79300
      13.35016       9.35200
      13.54116      11.09000
      13.73216       9.30300
      13.92316      11.31000
      14.11416       9.65200
      14.30516       9.16600
      14.49616       6.50800
      14.68716       4.40800
      14.87816       1.84400
      15.06916       2.11900
      15.26016       1.51500
      15.45216       1.33500
      15.64316       1.07200
      15.83416       0.44090
      16.02516       0.62230
      16.21616       0.09077
      16.40716       0.05890
      16.59816       0.00001
      16.78916       0.00000
      16.98016       0.00000
      17.17116       0.00000
      17.36216       0.00000
      17.55316       0.00000
      17.74416       0.00000
      17.93516       0.00000
      18.12616       0.00000
      18.31716       0.00000
      18.50816       0.00000
      18.69916       0.00000
      18.89116       0.00000
