60   
8    

1    
  0.0066813860804750   0.0074403682733878   0.0000000000000000
  -0.0496348600   -0.0253711000    0.0623422100
  -0.0194094200    0.0000360200    0.0671849000
  -0.0194099000    0.0000371200    0.0671894600
  -0.0209098300    0.0013682900    0.0682654500
  -0.0195467300    0.0000343300    0.0670938900
  -0.0196669100   -0.0000743600    0.0669251600
  -0.0196298900    0.0000515700    0.0671840800
  -0.0194960600   -0.0000004700    0.0671298500
  -0.0194818300    0.0000127600    0.0671256500
  -0.0195658300   -0.0000061600    0.0671038300
  -0.0194949500    0.0000243000    0.0671328400
  -0.0195092200    0.0000111900    0.0671182700
  -0.0198442900    0.0004120300    0.0682946000
  -0.0195282900   -0.0001986700    0.0669503300
  -0.0194084000   -0.0000915800    0.0672221000
  -0.0206582500   -0.0008257100    0.0650093600
  -0.0195169400    0.0000234700    0.0671180100
  -0.0187693800    0.0008612200    0.0680433200
  -0.0179888000    0.0001693600    0.0675114200
  -0.0194815800   -0.0000086300    0.0671322300
  -0.0198767300   -0.0015270600    0.0660987100
  -0.0193989200    0.0000852900    0.0672244500
  -0.0195382400   -0.0000221700    0.0670656900
  -0.0194093500    0.0000782800    0.0670799100
  -0.0194956800    0.0000359600    0.0670946100
  -0.0194961900    0.0000125800    0.0671201600
  -0.0194963900    0.0000360000    0.0670740800
  -0.0194540800    0.0001189800    0.0669112100
  -0.0195203900   -0.0000384200    0.0670892000
  -0.0194459900    0.0001255700    0.0671221100
   0.0220122700    0.0079734100   -0.0629663000
   0.0195035500   -0.0000141800   -0.0671300900
   0.0197696800    0.0004816500   -0.0675845700
   0.0274158800    0.0126904000   -0.0808650200
   0.0194991400   -0.0000361200   -0.0671196200
   0.0193429100    0.0003275100   -0.0669088100
   0.0194309300   -0.0003573200   -0.0672013500
   0.0195305900    0.0000328500   -0.0670963900
   0.0194545500   -0.0000361100   -0.0671575000
   0.0195237600   -0.0000245900   -0.0671279500
   0.0195049900   -0.0000228100   -0.0671330700
   0.0195079000   -0.0000240700   -0.0671084700
   0.0197760200    0.0000448200   -0.0673538600
   0.0196088000    0.0000227600   -0.0670349800
   0.0194615400   -0.0000291800   -0.0671458900
   0.0198001000   -0.0003111200   -0.0665102400
   0.0195279200    0.0000234000   -0.0671719900
   0.0196525000   -0.0000324000   -0.0673020800
   0.0194017700    0.0003445300   -0.0671026200
   0.0195102800   -0.0000112900   -0.0671236000
   0.0388081100    0.0039055700   -0.0533634400
   0.0197094500   -0.0001914700   -0.0669215800
   0.0195387800    0.0001084000   -0.0670119600
   0.0197399200    0.0000474500   -0.0670046200
   0.0194814600   -0.0000592400   -0.0671526200
   0.0195029300   -0.0000207500   -0.0671291900
   0.0195313100   -0.0000500500   -0.0670138900
   0.0194571600   -0.0001072200   -0.0670626300
   0.0195281500   -0.0000203600   -0.0670982400
   0.0195509700   -0.0000244700   -0.0670544800

1    
 -0.0066813860804750  -0.0074403682733878   0.0000000000000000
   0.0106894000    0.0248586700    0.0726024500
  -0.0196127900   -0.0000377800    0.0670509400
  -0.0196133400   -0.0000367800    0.0670448600
  -0.0181058400   -0.0013583500    0.0659531200
  -0.0194782900   -0.0000320100    0.0671396500
  -0.0193567900    0.0000763200    0.0673099700
  -0.0193912800   -0.0000507400    0.0670496200
  -0.0195278200    0.0000006200    0.0671046300
  -0.0195421300   -0.0000117300    0.0671094500
  -0.0194553100    0.0000065900    0.0671303500
  -0.0195290700   -0.0000238400    0.0671020500
  -0.0195147000   -0.0000112200    0.0671169600
  -0.0191632300   -0.0004080100    0.0659180900
  -0.0194947900    0.0002003700    0.0672860900
  -0.0196165100    0.0000903500    0.0670128400
  -0.0183756700    0.0008333100    0.0692296600
  -0.0195065400   -0.0000228700    0.0671175600
  -0.0202600500   -0.0008694800    0.0661812600
  -0.0210337600   -0.0001658700    0.0667078000
  -0.0195422000    0.0000088300    0.0671034200
  -0.0191479000    0.0015273300    0.0681398400
  -0.0196224400   -0.0000859500    0.0670090100
  -0.0194860700    0.0000231500    0.0671690200
  -0.0196148000   -0.0000770400    0.0671561800
  -0.0195274800   -0.0000355700    0.0671407300
  -0.0195276500   -0.0000122600    0.0671149800
  -0.0195281000   -0.0000355400    0.0671611600
  -0.0195689400   -0.0001177800    0.0673226500
  -0.0195036600    0.0000385900    0.0671457500
  -0.0195786500   -0.0001271100    0.0671131200
   0.0170476600   -0.0080726300   -0.0713178500
   0.0195219300    0.0000142600   -0.0671056500
   0.0192464000   -0.0004818500   -0.0666510000
   0.0118124400   -0.0121865100   -0.0537034300
   0.0195258400    0.0000362100   -0.0671172600
   0.0196833500   -0.0003298100   -0.0673266600
   0.0195883500    0.0003613300   -0.0670279700
   0.0194958400   -0.0000315800   -0.0671383400
   0.0195702700    0.0000357200   -0.0670783200
   0.0195001000    0.0000251100   -0.0671072700
   0.0195203900    0.0000233600   -0.0671024900
   0.0195176300    0.0000243600   -0.0671267800
   0.0192458400   -0.0000507200   -0.0668776300
   0.0194165500   -0.0000227900   -0.0672010300
   0.0195639100    0.0000305900   -0.0670892000
   0.0192223000    0.0003057100   -0.0677251100
   0.0194969200   -0.0000225400   -0.0670640400
   0.0193714000    0.0000349300   -0.0669330900
   0.0196197800   -0.0003406600   -0.0671312600
   0.0195148100    0.0000110100   -0.0671123500
  -0.0001437400   -0.0038356100   -0.0811426200
   0.0193250900    0.0002000600   -0.0673075400
   0.0194861900   -0.0001080400   -0.0672242200
   0.0192873700   -0.0000492300   -0.0672291700
   0.0195441400    0.0000605300   -0.0670822300
   0.0195225600    0.0000209500   -0.0671062800
   0.0194938000    0.0000504700   -0.0672223300
   0.0195682600    0.0001069500   -0.0671728300
   0.0194969400    0.0000209500   -0.0671373300
   0.0194740800    0.0000252500   -0.0671819400

1    
  0.0000000000000000   0.0000000000000000   0.0100000000000000
  -0.0271409200    0.0000000500    0.0187711300
  -0.0194036900    0.0000000400    0.0670787300
  -0.0194125000    0.0000000000    0.0670790700
  -0.0177591000    0.0000180800    0.0660382800
  -0.0195770600    0.0001988900    0.0668565100
  -0.0196547900   -0.0000964800    0.0668563800
  -0.0194706600   -0.0000532000    0.0671679700
  -0.0195053300   -0.0000051400    0.0670988200
  -0.0194910800    0.0000022400    0.0670990300
  -0.0194706200    0.0000532200    0.0671680600
  -0.0195053700    0.0000051900    0.0670988500
  -0.0194911000   -0.0000022200    0.0670990100
  -0.0177590400   -0.0000180700    0.0660383100
  -0.0195770600   -0.0001988800    0.0668565300
  -0.0196547500    0.0000965400    0.0668564300
  -0.0195838200   -0.0013037300    0.0658488000
  -0.0195004300    0.0000093800    0.0670954200
  -0.0207837900    0.0016764100    0.0658460300
  -0.0195838200    0.0013037600    0.0658488300
  -0.0195004800   -0.0000093600    0.0670954100
  -0.0207838300   -0.0016763800    0.0658459600
  -0.0195359100    0.0000278200    0.0673408900
  -0.0195714200    0.0000158600    0.0669802400
  -0.0195851300   -0.0002075900    0.0673403600
  -0.0195759800    0.0000000500    0.0672168500
  -0.0195079200    0.0000000200    0.0670921700
  -0.0195465500    0.0000000400    0.0672169600
  -0.0195359800   -0.0000277800    0.0673409100
  -0.0195713200   -0.0000157900    0.0669802200
  -0.0195851700    0.0002076500    0.0673403400
   0.0122726800    0.0127101100   -0.0496466300
   0.0195207000    0.0000198600   -0.0671109900
   0.0192436500   -0.0005225700   -0.0665898400
   0.0122726800   -0.0127101500   -0.0496466300
   0.0195207000   -0.0000199000   -0.0671110100
   0.0192436500    0.0005225200   -0.0665898500
   0.0192945700    0.0000887200   -0.0670036600
   0.0196015100    0.0000020700   -0.0669579900
   0.0194714300    0.0000271800   -0.0671434200
   0.0195050200   -0.0000000200   -0.0671349000
   0.0195023000   -0.0000000200   -0.0670922000
   0.0195108700   -0.0000000200   -0.0671087700
   0.0192945700   -0.0000887600   -0.0670036700
   0.0196015100   -0.0000021200   -0.0669579800
   0.0194714300   -0.0000272200   -0.0671434100
   0.0201698800    0.0002702400   -0.0667975600
   0.0195201700   -0.0001235700   -0.0669839900
   0.0193653400   -0.0001530700   -0.0679194000
   0.0196699600   -0.0000000200   -0.0669896200
   0.0195008200   -0.0000000200   -0.0671143800
   0.0407500600   -0.0000000200   -0.0465830800
   0.0201698800   -0.0002702900   -0.0667975500
   0.0195201700    0.0001235300   -0.0669839900
   0.0193653400    0.0001530300   -0.0679194000
   0.0195431600   -0.0000627000   -0.0672208800
   0.0195292000    0.0000016700   -0.0670810600
   0.0195604900    0.0000154000   -0.0673293400
   0.0195431600    0.0000626600   -0.0672208900
   0.0195292000   -0.0000017100   -0.0670810600
   0.0195604900   -0.0000154400   -0.0673293400

1    
  0.0000000000000000   0.0000000000000000  -0.0100000000000000
  -0.0117726500   -0.0000000000    0.1155953400
  -0.0196200600   -0.0000000100    0.0671530100
  -0.0196129800    0.0000000100    0.0671534700
  -0.0212680400   -0.0000253700    0.0681620400
  -0.0194456700   -0.0002004100    0.0673793900
  -0.0193691500    0.0000984600    0.0673793700
  -0.0195516100    0.0000550400    0.0670666600
  -0.0195185800    0.0000047700    0.0671387500
  -0.0195330700   -0.0000015200    0.0671389000
  -0.0195516800   -0.0000549900    0.0670665500
  -0.0195186500   -0.0000047300    0.0671387800
  -0.0195330700    0.0000015500    0.0671389400
  -0.0212678400    0.0000254700    0.0681617500
  -0.0194458200    0.0002004600    0.0673793200
  -0.0193691800   -0.0000983900    0.0673793000
  -0.0194496300    0.0013194000    0.0683701800
  -0.0195224400   -0.0000095900    0.0671425900
  -0.0182271400   -0.0016998900    0.0683672100
  -0.0194495100   -0.0013193400    0.0683701600
  -0.0195224200    0.0000096300    0.0671426600
  -0.0182270100    0.0016999300    0.0683673600
  -0.0194855700   -0.0000294700    0.0668889500
  -0.0194517100   -0.0000156900    0.0672592900
  -0.0194387200    0.0002138100    0.0668883700
  -0.0194458500    0.0000000400    0.0670191000
  -0.0195156400    0.0000000200    0.0671469700
  -0.0194776500    0.0000000200    0.0670193000
  -0.0194857600    0.0000295100    0.0668890000
  -0.0194516600    0.0000157600    0.0672593800
  -0.0194386600   -0.0002137600    0.0668883400
   0.0268618700   -0.0129619300   -0.0846120500
   0.0195038100   -0.0000202500   -0.0671231100
   0.0197827300    0.0005264800   -0.0676400100
   0.0268618600    0.0129618800   -0.0846120700
   0.0195038100    0.0000202000   -0.0671231200
   0.0197827300   -0.0005265300   -0.0676399900
   0.0197298100   -0.0000834800   -0.0672224000
   0.0194224200   -0.0000015600   -0.0672789900
   0.0195535600   -0.0000287800   -0.0670895800
   0.0195191300   -0.0000000200   -0.0671015200
   0.0195220300   -0.0000000300   -0.0671447400
   0.0195139700   -0.0000000200   -0.0671267400
   0.0197298100    0.0000834400   -0.0672223900
   0.0194224200    0.0000015100   -0.0672789900
   0.0195535600    0.0000287300   -0.0670895700
   0.0188530000   -0.0002804600   -0.0674318700
   0.0195036900    0.0001245500   -0.0672530300
   0.0196549600    0.0001566000   -0.0662857100
   0.0193580000   -0.0000000200   -0.0672304000
   0.0195235500   -0.0000000300   -0.0671201000
  -0.0020773500   -0.0000000200   -0.0877129900
   0.0188530000    0.0002804200   -0.0674318600
   0.0195036900   -0.0001246000   -0.0672530200
   0.0196549600   -0.0001566500   -0.0662857000
   0.0194814100    0.0000649400   -0.0670125200
   0.0194948500   -0.0000021900   -0.0671558500
   0.0194619500   -0.0000155600   -0.0669018700
   0.0194814100   -0.0000649900   -0.0670125500
   0.0194948500    0.0000021500   -0.0671558500
   0.0194619600    0.0000155100   -0.0669018600

31   
  0.0066813860804750   0.0074403682733878   0.0000000000000000
  -0.0168475600    0.0078909900    0.0718144000
  -0.0193790500    0.0006002000    0.0665466800
  -0.0195128600   -0.0000225000    0.0671378100
  -0.0191926100    0.0000012000    0.0669059300
  -0.0195644100   -0.0000299900    0.0670688700
  -0.0194621600    0.0000635300    0.0671763600
  -0.0195002100   -0.0000241300    0.0671126700
  -0.0195185600   -0.0000232800    0.0671163800
  -0.0195213600   -0.0000227000    0.0671106900
  -0.0196431400   -0.0003108700    0.0670333600
  -0.0195710600   -0.0000351400    0.0671112300
  -0.0194524100   -0.0000079400    0.0671780700
  -0.0120145600    0.0123656800    0.0528687300
  -0.0195542000    0.0002137900    0.0673290500
  -0.0195364300   -0.0000263000    0.0671092800
   0.0001420700    0.0038351200    0.0815612700
  -0.0195154100   -0.0000088700    0.0671098200
  -0.0196208600    0.0003408800    0.0672205300
  -0.0193744900   -0.0000306500    0.0669050000
  -0.0195403200    0.0000614100    0.0670310600
  -0.0193332900   -0.0002048700    0.0677619600
  -0.0194710600   -0.0000280100    0.0671390700
  -0.0195104900   -0.0000089800    0.0671277600
  -0.0195835100   -0.0000933100    0.0671857900
  -0.0194991900   -0.0000455400    0.0671625100
  -0.0195110000   -0.0000316400    0.0671304400
  -0.0195303000   -0.0000717600    0.0670905400
  -0.0192856300    0.0000472200    0.0671358300
  -0.0194451600    0.0000712400    0.0672156300
  -0.0192143700   -0.0002986100    0.0673483600
  -0.0109467000   -0.0254514000   -0.0725626900
   0.0195880200    0.0000076600   -0.0670601500
   0.0195878200    0.0000087300   -0.0670837000
   0.0191914600    0.0006810400   -0.0661005200
   0.0196646100   -0.0001338600   -0.0669159500
   0.0195837600   -0.0002067500   -0.0672848700
   0.0194644700   -0.0000026900   -0.0671219000
   0.0195308100    0.0000163700   -0.0670989100
   0.0195404200    0.0000245300   -0.0670884400
   0.0194354700    0.0000231200   -0.0670494400
   0.0195268300    0.0000364000   -0.0671275800
   0.0195175700    0.0000282900   -0.0671097900
   0.0181991700    0.0015702100   -0.0655979200
   0.0193333100    0.0000186100   -0.0673072600
   0.0194135000    0.0000893200   -0.0672161400
   0.0191060100   -0.0015969500   -0.0683455600
   0.0195276400   -0.0000217400   -0.0670963100
   0.0211782600    0.0002638500   -0.0664296100
   0.0204138500    0.0009558700   -0.0662196400
   0.0195106400   -0.0000069600   -0.0671344500
   0.0183453200   -0.0009118600   -0.0695585300
   0.0195590900    0.0001196700   -0.0670516700
   0.0195554900   -0.0000448100   -0.0671133000
   0.0195302300    0.0000930800   -0.0673750800
   0.0195250500    0.0000331100   -0.0671280100
   0.0195212800    0.0000329500   -0.0671106700
   0.0195247100    0.0000330400   -0.0671555900
   0.0195751900    0.0000536200   -0.0671278400
   0.0194582200    0.0000419500   -0.0671964400
   0.0196020800    0.0000794100   -0.0669771100

31   
 -0.0066813860804750  -0.0074403682733878   0.0000000000000000
  -0.0222129000   -0.0077943200    0.0624615600
  -0.0196384200   -0.0006000300    0.0676873500
  -0.0195123400    0.0000228900    0.0670974500
  -0.0198284700    0.0000043500    0.0673246800
  -0.0194600100    0.0000288800    0.0671663700
  -0.0195625400   -0.0000626000    0.0670595200
  -0.0195226700    0.0000240900    0.0671222100
  -0.0195063600    0.0000234500    0.0671188300
  -0.0195033200    0.0000227400    0.0671244000
  -0.0193744800    0.0003080700    0.0671966700
  -0.0194531000    0.0000357500    0.0671246500
  -0.0195731900    0.0000075800    0.0670559900
  -0.0272111800   -0.0128736700    0.0817187800
  -0.0194714300   -0.0002099100    0.0669080800
  -0.0194879000    0.0000259600    0.0671272800
  -0.0388057800   -0.0039072000    0.0529467300
  -0.0195090800    0.0000094200    0.0671259300
  -0.0193996800   -0.0003447600    0.0670115200
  -0.0196484700    0.0000293400    0.0673295600
  -0.0194844200   -0.0000617400    0.0672042400
  -0.0196871400    0.0002114200    0.0664728300
  -0.0195536400    0.0000277300    0.0670965700
  -0.0195138100    0.0000088800    0.0671076000
  -0.0194412800    0.0000943000    0.0670490700
  -0.0195255700    0.0000453000    0.0670736300
  -0.0195137100    0.0000319800    0.0671049900
  -0.0194946600    0.0000711800    0.0671438000
  -0.0197405900   -0.0000451000    0.0670991500
  -0.0195793000   -0.0000710900    0.0670206600
  -0.0198179000    0.0002923600    0.0668789400
   0.0498478800    0.0259513700   -0.0623761400
   0.0194365400   -0.0000072600   -0.0671748300
   0.0194363200   -0.0000062300   -0.0671520300
   0.0198172300   -0.0006834400   -0.0681090800
   0.0193616300    0.0001351800   -0.0673184900
   0.0194394600    0.0002049500   -0.0669520900
   0.0195576900    0.0000029900   -0.0671117700
   0.0194934600   -0.0000161200   -0.0671370100
   0.0194841700   -0.0000247600   -0.0671464600
   0.0195864900   -0.0000234600   -0.0671840500
   0.0194974200   -0.0000369600   -0.0671080200
   0.0195069400   -0.0000282300   -0.0671247100
   0.0208184100   -0.0015845800   -0.0686267400
   0.0196907900   -0.0000200200   -0.0669289000
   0.0196119900   -0.0000917900   -0.0670165400
   0.0199189700    0.0015962200   -0.0658965500
   0.0194968600    0.0000223100   -0.0671395900
   0.0178457800   -0.0002658400   -0.0677924700
   0.0186142100   -0.0009502100   -0.0680041300
   0.0195134600    0.0000068800   -0.0671012700
   0.0206914000    0.0009047400   -0.0646782500
   0.0194658000   -0.0001180100   -0.0671838500
   0.0194693400    0.0000449400   -0.0671218600
   0.0194934100   -0.0000938900   -0.0668581900
   0.0194998500   -0.0000330100   -0.0671075000
   0.0195030600   -0.0000330200   -0.0671246200
   0.0194990300   -0.0000330500   -0.0670798600
   0.0194494900   -0.0000536900   -0.0671090700
   0.0195663500   -0.0000428800   -0.0670384400
   0.0194199200   -0.0000783600   -0.0672565200

31   
  0.0000000000000000   0.0000000000000000   0.0100000000000000
  -0.0265989400    0.0120359500    0.0845953500
  -0.0197052900   -0.0004554400    0.0676406600
  -0.0195223400   -0.0000076900    0.0671236500
  -0.0197549200   -0.0000991300    0.0672228600
  -0.0195631400    0.0000070900    0.0670907100
  -0.0194338700    0.0000426000    0.0672794400
  -0.0195273000    0.0000000300    0.0671020800
  -0.0194981100    0.0000000400    0.0671280100
  -0.0195349400   -0.0000000100    0.0671466700
  -0.0197551600    0.0000991300    0.0672228600
  -0.0195632800   -0.0000071200    0.0670907700
  -0.0194338700   -0.0000425200    0.0672792700
  -0.0265989100   -0.0120358500    0.0845951600
  -0.0197053100    0.0004555400    0.0676406500
  -0.0195222700    0.0000077200    0.0671236700
   0.0014345400    0.0000000100    0.0876988900
  -0.0195205900    0.0000000300    0.0671225200
  -0.0194941200    0.0000000200    0.0672297700
  -0.0195621400   -0.0002015100    0.0662860300
  -0.0194726600   -0.0001075100    0.0672544100
  -0.0189136500    0.0002833900    0.0674332500
  -0.0193841600   -0.0000274300    0.0669024300
  -0.0195058000    0.0000210800    0.0671559200
  -0.0194973100    0.0000619000    0.0670139900
  -0.0193842900    0.0000274900    0.0669023500
  -0.0195058200   -0.0000210600    0.0671561100
  -0.0194973800   -0.0000618400    0.0670140500
  -0.0195622600    0.0002015300    0.0662859600
  -0.0194726700    0.0001075700    0.0672544200
  -0.0189138800   -0.0002833600    0.0674332500
   0.0118251500   -0.0000000200   -0.1134469800
   0.0195639600   -0.0000000200   -0.0671353100
   0.0195983100   -0.0000000200   -0.0671339700
   0.0214002900    0.0003446100   -0.0687615100
   0.0193126000    0.0000453900   -0.0673812100
   0.0195211700   -0.0002638600   -0.0673816300
   0.0195581500    0.0000493100   -0.0671293700
   0.0195392900   -0.0000142500   -0.0671185000
   0.0195191900   -0.0000197900   -0.0671184100
   0.0195581500   -0.0000493600   -0.0671293700
   0.0195392800    0.0000142100   -0.0671185200
   0.0195191900    0.0000197400   -0.0671184100
   0.0214002900   -0.0003446500   -0.0687615100
   0.0193126000   -0.0000454300   -0.0673812000
   0.0195211700    0.0002638200   -0.0673816300
   0.0181913300   -0.0021152600   -0.0686241900
   0.0195154900   -0.0000258700   -0.0671381500
   0.0192642900    0.0014282200   -0.0686259400
   0.0181913200    0.0021152200   -0.0686241900
   0.0195155000    0.0000258200   -0.0671381400
   0.0192642900   -0.0014282600   -0.0686259300
   0.0194225400    0.0002711000   -0.0668600100
   0.0194557700   -0.0000564100   -0.0672732200
   0.0195544300   -0.0000519200   -0.0668617400
   0.0194545700   -0.0000000200   -0.0670171200
   0.0195223600   -0.0000000200   -0.0671264500
   0.0194964200   -0.0000000200   -0.0670175800
   0.0194225500   -0.0002711400   -0.0668600300
   0.0194557700    0.0000563600   -0.0672732400
   0.0195544400    0.0000518700   -0.0668617300

31   
  0.0000000000000000   0.0000000000000000  -0.0100000000000000
  -0.0125230900   -0.0118267800    0.0496298100
  -0.0193195400    0.0004529900    0.0665902700
  -0.0195019300    0.0000081800    0.0671109100
  -0.0192687700    0.0001036700    0.0670044600
  -0.0194605300   -0.0000074300    0.0671434300
  -0.0195893400   -0.0000409900    0.0669590000
  -0.0194964200   -0.0000000300    0.0671355100
  -0.0195251500   -0.0000000200    0.0671087800
  -0.0194887900    0.0000000700    0.0670913100
  -0.0192687200   -0.0001035700    0.0670043800
  -0.0194606500    0.0000075800    0.0671430900
  -0.0195893900    0.0000410200    0.0669588700
  -0.0125236000    0.0118267300    0.0496303600
  -0.0193195600   -0.0004530400    0.0665900200
  -0.0195019800   -0.0000081700    0.0671109900
  -0.0401408800    0.0000001700    0.0465690200
  -0.0195025100    0.0000000900    0.0671135900
  -0.0195375700    0.0000000400    0.0669901200
  -0.0194535800    0.0001974200    0.0679195400
  -0.0195502300    0.0001071000    0.0669832800
  -0.0201106400   -0.0002739700    0.0667981700
  -0.0196353800    0.0000273800    0.0673290100
  -0.0195174700   -0.0000210700    0.0670819700
  -0.0195274100   -0.0000595000    0.0672211900
  -0.0196355300   -0.0000273500    0.0673291700
  -0.0195174500    0.0000210500    0.0670821200
  -0.0195275200    0.0000595700    0.0672211200
  -0.0194536700   -0.0001973200    0.0679196600
  -0.0195502600   -0.0001070500    0.0669835100
  -0.0201107800    0.0002739000    0.0667980700
   0.0270723400   -0.0000000200   -0.0208432900
   0.0194610300   -0.0000000200   -0.0670976500
   0.0194265400   -0.0000000200   -0.0670962700
   0.0176300800   -0.0003414500   -0.0654492600
   0.0197109400   -0.0000440000   -0.0668541000
   0.0195024900    0.0002610200   -0.0668543700
   0.0194647300   -0.0000479400   -0.0671064200
   0.0194844600    0.0000146000   -0.0671185100
   0.0195049100    0.0000188000   -0.0671183900
   0.0194647400    0.0000479000   -0.0671064300
   0.0194844600   -0.0000146500   -0.0671185200
   0.0195049100   -0.0000188500   -0.0671183800
   0.0176300800    0.0003414000   -0.0654492400
   0.0197109400    0.0000439500   -0.0668540600
   0.0195024900   -0.0002610600   -0.0668543700
   0.0208228200    0.0020807700   -0.0655893500
   0.0195076200    0.0000255800   -0.0670997000
   0.0197617400   -0.0014165200   -0.0655909200
   0.0208228300   -0.0020808200   -0.0655893300
   0.0195076300   -0.0000256300   -0.0670996700
   0.0197617400    0.0014164700   -0.0655909100
   0.0196001000   -0.0002638700   -0.0673669300
   0.0195673100    0.0000559100   -0.0669661300
   0.0194690600    0.0000496800   -0.0673686400
   0.0195680000   -0.0000000200   -0.0672180700
   0.0195011700   -0.0000000200   -0.0671116200
   0.0195267000   -0.0000000200   -0.0672184600
   0.0196001000    0.0002638200   -0.0673669500
   0.0195673000   -0.0000559600   -0.0669661600
   0.0194690600   -0.0000497300   -0.0673686300
