#K-Path     Band-1    Band-2    Band-3    Band-4      ...     Band-n
  0.0000  -35.7200  -35.7200  -35.7200  -35.7200  -35.6918  -35.6918  -35.6918  -35.6918  -34.9982  -34.9982  -34.9982  -34.9982  -34.9754  -34.9754  -34.9754  -34.9754  -34.9614  -34.9614  -34.9614  -34.9614  -24.2492  -24.2492  -24.2486  -24.2486  -24.2116  -24.2116  -24.2097  -24.2097  -21.2989  -21.2989  -21.2975  -21.2975  -21.2670  -21.2670  -21.2666  -21.2666  -21.2425  -21.2425  -21.2409  -21.2409  -11.8487  -11.8487  -11.8302  -11.8302   -8.2125   -8.2125   -8.1870   -8.1870   -3.0352   -3.0352   -2.5206   -2.5206   -1.9105   -1.9105   -1.6658   -1.6658   -0.7441   -0.7441   -0.5172   -0.5172    0.6148    0.6148    0.8563    0.8563    2.4921    2.4921    3.0675    3.0675    3.2340    3.2340    3.4061    3.4061    4.6793    4.6794    4.6900    4.6900    5.1122
  0.0238  -35.7200  -35.7200  -35.7200  -35.7200  -35.6918  -35.6918  -35.6918  -35.6918  -34.9982  -34.9982  -34.9982  -34.9981  -34.9754  -34.9754  -34.9754  -34.9754  -34.9614  -34.9614  -34.9614  -34.9614  -24.2494  -24.2489  -24.2489  -24.2483  -24.2116  -24.2116  -24.2097  -24.2097  -21.2993  -21.2985  -21.2980  -21.2970  -21.2673  -21.2668  -21.2667  -21.2663  -21.2429  -21.2422  -21.2412  -21.2406  -11.9104  -11.8927  -11.7842  -11.7652   -8.2645   -8.2398   -8.1645   -8.1384   -3.1047   -2.9592   -2.6010   -2.4351   -1.9659   -1.8527   -1.7264   -1.6033   -0.7920   -0.6989   -0.5597   -0.4813    0.5982    0.6397    0.8493    0.8671    2.4575    2.5200    3.0375    3.0891    3.2085    3.2523    3.3846    3.4210    4.6228    4.6272    4.7359    4.7543    5.0514
  0.0475  -35.7200  -35.7200  -35.7200  -35.7199  -35.6918  -35.6918  -35.6918  -35.6918  -34.9982  -34.9982  -34.9981  -34.9981  -34.9754  -34.9754  -34.9754  -34.9754  -34.9614  -34.9614  -34.9614  -34.9614  -24.2497  -24.2492  -24.2486  -24.2481  -24.2116  -24.2116  -24.2097  -24.2097  -21.2997  -21.2986  -21.2981  -21.2966  -21.2676  -21.2670  -21.2663  -21.2660  -21.2432  -21.2418  -21.2415  -21.2402  -11.9692  -11.9522  -11.7172  -11.6975   -8.3205   -8.2971   -8.1206   -8.0942   -3.1675   -2.8769   -2.6761   -2.3450   -2.0189   -1.7927   -1.7849   -1.5390   -0.8420   -0.6569   -0.6080   -0.4523    0.5897    0.6724    0.8462    0.8813    2.4169    2.5411    2.9979    3.1030    3.1777    3.2623    3.3568    3.4291    4.5657    4.5657    4.7931    4.8199    4.9932
  0.0713  -35.7200  -35.7200  -35.7199  -35.7199  -35.6919  -35.6918  -35.6918  -35.6918  -34.9983  -34.9982  -34.9981  -34.9981  -34.9755  -34.9754  -34.9754  -34.9754  -34.9615  -34.9614  -34.9614  -34.9613  -24.2500  -24.2494  -24.2484  -24.2478  -24.2116  -24.2115  -24.2098  -24.2097  -21.3002  -21.2991  -21.2977  -21.2961  -21.2678  -21.2672  -21.2660  -21.2658  -21.2435  -21.2418  -21.2414  -21.2399  -12.0250  -12.0089  -11.6477  -11.6275   -8.3804   -8.3585   -8.0806   -8.0542   -3.2234   -2.7889   -2.7457   -2.2508   -2.0693   -1.8412   -1.7304   -1.4732   -0.8935   -0.6611   -0.6185   -0.4300    0.5885    0.7118    0.8469    0.8978    2.3713    2.5556    2.9474    3.1091    3.1448    3.2650    3.3237    3.4310    4.5058    4.5081    4.8516    4.8869    4.9389
  0.0951  -35.7200  -35.7200  -35.7199  -35.7199  -35.6919  -35.6918  -35.6918  -35.6918  -34.9983  -34.9983  -34.9981  -34.9981  -34.9755  -34.9754  -34.9754  -34.9754  -34.9615  -34.9615  -34.9614  -34.9613  -24.2502  -24.2497  -24.2481  -24.2475  -24.2116  -24.2115  -24.2098  -24.2097  -21.3007  -21.2997  -21.2974  -21.2958  -21.2680  -21.2674  -21.2657  -21.2655  -21.2438  -21.2421  -21.2410  -21.2396  -12.0778  -12.0625  -11.5759  -11.5553   -8.4440   -8.4239   -8.0443   -8.0184   -3.2724   -2.8100   -2.6956   -2.1536   -2.1168   -1.8951   -1.6657   -1.4061   -0.9455   -0.7177   -0.5837   -0.4138    0.5937    0.7560    0.8508    0.9147    2.3225    2.5640    2.8860    3.1065    3.1123    3.2624    3.2866    3.4274    4.4476    4.4503    4.8841    4.8985    4.9116
  0.1188  -35.7201  -35.7201  -35.7199  -35.7199  -35.6919  -35.6918  -35.6918  -35.6918  -34.9983  -34.9983  -34.9981  -34.9980  -34.9755  -34.9754  -34.9754  -34.9754  -34.9615  -34.9615  -34.9613  -34.9613  -24.2505  -24.2500  -24.2478  -24.2473  -24.2116  -24.2115  -24.2098  -24.2097  -21.3011  -21.3002  -21.2971  -21.2954  -21.2682  -21.2675  -21.2653  -21.2652  -21.2441  -21.2424  -21.2406  -21.2393  -12.1274  -12.1130  -11.5020  -11.4811   -8.5112   -8.4931   -8.0117   -7.9864   -3.3145   -2.8691   -2.5977   -2.1612   -2.0546   -1.9465   -1.5981   -1.3378   -0.9975   -0.7767   -0.5525   -0.4028    0.6044    0.8023    0.8574    0.9293    2.2729    2.5669    2.8152    3.0819    3.0944    3.2470    3.2574    3.4195    4.3916    4.3930    4.8331    4.8473    4.9731
  0.1426  -35.7201  -35.7201  -35.7199  -35.7199  -35.6919  -35.6918  -35.6918  -35.6918  -34.9983  -34.9983  -34.9980  -34.9980  -34.9754  -34.9754  -34.9754  -34.9754  -34.9615  -34.9615  -34.9613  -34.9613  -24.2507  -24.2502  -24.2476  -24.2471  -24.2116  -24.2114  -24.2099  -24.2097  -21.3016  -21.3008  -21.2968  -21.2951  -21.2683  -21.2677  -21.2650  -21.2649  -21.2444  -21.2427  -21.2403  -21.2390  -12.1738  -12.1604  -11.4264  -11.4052   -8.5816   -8.5656   -7.9825   -7.9581   -3.3499   -2.9232   -2.4959   -2.2023   -1.9953   -1.9556   -1.5266   -1.2686   -1.0486   -0.8369   -0.5247   -0.3959    0.6193    0.8474    0.8659    0.9383    2.2256    2.5653    2.7377    3.0547    3.0723    3.2066    3.2524    3.4083    4.3369    4.3380    4.7843    4.7983    5.0353
  0.1664  -35.7201  -35.7201  -35.7199  -35.7199  -35.6919  -35.6918  -35.6918  -35.6918  -34.9984  -34.9983  -34.9980  -34.9980  -34.9754  -34.9754  -34.9754  -34.9754  -34.9615  -34.9615  -34.9613  -34.9613  -24.2509  -24.2505  -24.2474  -24.2468  -24.2115  -24.2114  -24.2099  -24.2098  -21.3020  -21.3013  -21.2965  -21.2949  -21.2684  -21.2678  -21.2647  -21.2646  -21.2446  -21.2430  -21.2399  -21.2388  -12.2170  -12.2045  -11.3492  -11.3279   -8.6547   -8.6411   -7.9566   -7.9333   -3.3787   -2.9726   -2.3910   -2.2400   -2.0414   -1.8589   -1.4500   -1.1986   -1.0982   -0.8972   -0.4998   -0.3919    0.6376    0.8757    0.8874    0.9376    2.1840    2.5601    2.6569    3.0319    3.0414    3.1672    3.2487    3.3950    4.2826    4.2872    4.7379    4.7516    5.0972
  0.1901  -35.7201  -35.7201  -35.7199  -35.7198  -35.6919  -35.6919  -35.6918  -35.6918  -34.9984  -34.9983  -34.9980  -34.9980  -34.9754  -34.9754  -34.9754  -34.9754  -34.9615  -34.9615  -34.9613  -34.9613  -24.2511  -24.2507  -24.2471  -24.2466  -24.2115  -24.2113  -24.2100  -24.2098  -21.3024  -21.3018  -21.2963  -21.2947  -21.2685  -21.2679  -21.2643  -21.2643  -21.2448  -21.2432  -21.2395  -21.2385  -12.2568  -12.2453  -11.2709  -11.2497   -8.7301   -8.7189   -7.9337   -7.9117   -3.4013   -3.0178   -2.2842   -2.2739   -2.0849   -1.7673   -1.3667   -1.1456   -1.1280   -0.9567   -0.4773   -0.3899    0.6584    0.8861    0.9182    0.9232    2.1512    2.5525    2.5761    3.0036    3.0146    3.1308    3.2461    3.3805    4.2309    4.2397    4.6941    4.7074    5.1577
  0.2139  -35.7201  -35.7201  -35.7199  -35.7199  -35.6919  -35.6919  -35.6918  -35.6918  -34.9984  -34.9984  -34.9980  -34.9980  -34.9754  -34.9754  -34.9754  -34.9754  -34.9615  -34.9615  -34.9613  -34.9613  -24.2513  -24.2509  -24.2469  -24.2465  -24.2115  -24.2113  -24.2100  -24.2099  -21.3028  -21.3023  -21.2961  -21.2946  -21.2686  -21.2680  -21.2641  -21.2640  -21.2450  -21.2435  -21.2392  -21.2383  -12.2933  -12.2828  -11.1919  -11.1710   -8.8072   -8.7983   -7.9135   -7.8931   -3.4180   -3.0592   -2.3039   -2.1765   -2.1256   -1.6837   -1.2750   -1.1902   -1.0567   -1.0146   -0.4566   -0.3889    0.6810    0.8921    0.8963    0.9353    2.1293    2.4989    2.5435    2.9612    3.0043    3.0994    3.2445    3.3655    4.1823    4.1955    4.6530    4.6658    5.2153
  0.2377  -35.7201  -35.7201  -35.7198  -35.7198  -35.6919  -35.6919  -35.6918  -35.6918  -34.9984  -34.9984  -34.9980  -34.9980  -34.9754  -34.9754  -34.9754  -34.9754  -34.9615  -34.9615  -34.9613  -34.9613  -24.2515  -24.2512  -24.2467  -24.2463  -24.2114  -24.2112  -24.2101  -24.2099  -21.3032  -21.3028  -21.2959  -21.2944  -21.2686  -21.2680  -21.2638  -21.2638  -21.2451  -21.2438  -21.2389  -21.2380  -12.3263  -12.3168  -11.1129  -11.0923   -8.8852   -8.8786   -7.8959   -7.8772   -3.4291   -3.0972   -2.3299   -2.1636   -2.0693   -1.6101   -1.2314   -1.1744   -1.0702   -0.9847   -0.4371   -0.3881    0.7047    0.8429    0.9058    0.9348    2.1183    2.4280    2.5343    2.9162    3.0026    3.0753    3.2435    3.3507    4.1372    4.1549    4.6149    4.6271    5.2687
  0.2614  -35.7201  -35.7201  -35.7198  -35.7198  -35.6919  -35.6919  -35.6918  -35.6918  -34.9984  -34.9984  -34.9980  -34.9979  -34.9754  -34.9754  -34.9754  -34.9754  -34.9615  -34.9615  -34.9613  -34.9613  -24.2517  -24.2513  -24.2465  -24.2461  -24.2114  -24.2111  -24.2102  -24.2099  -21.3036  -21.3032  -21.2957  -21.2944  -21.2686  -21.2681  -21.2635  -21.2635  -21.2452  -21.2440  -21.2386  -21.2378  -12.3559  -12.3474  -11.0345  -11.0146   -8.9631   -8.9587   -7.8807   -7.8638   -3.4350   -3.1323   -2.3517   -2.1988   -1.9642   -1.5474   -1.2688   -1.1229   -1.0655   -0.9118   -0.4181   -0.3870    0.7289    0.7764    0.9139    0.9140    2.1160    2.3656    2.5260    2.8701    3.0103    3.0603    3.2430    3.3364    4.0959    4.1180    4.5799    4.5915    5.3181
  0.2852  -35.7201  -35.7201  -35.7198  -35.7198  -35.6919  -35.6919  -35.6918  -35.6918  -34.9984  -34.9984  -34.9979  -34.9979  -34.9754  -34.9754  -34.9754  -34.9754  -34.9616  -34.9615  -34.9613  -34.9613  -24.2518  -24.2515  -24.2463  -24.2460  -24.2113  -24.2110  -24.2102  -24.2100  -21.3039  -21.3036  -21.2956  -21.2943  -21.2686  -21.2681  -21.2633  -21.2633  -21.2453  -21.2442  -21.2383  -21.2377  -12.3820  -12.3746  -10.9577  -10.9387   -9.0399   -9.0375   -7.8677   -7.8527   -3.4362   -3.1650   -2.3693   -2.2312   -1.8631   -1.4955   -1.3017   -1.1720   -0.9504   -0.8374   -0.3990   -0.3850    0.6951    0.7532    0.8715    0.9203    2.1191    2.3124    2.5194    2.8243    3.0278    3.0561    3.2429    3.3229    4.0588    4.0847    4.5481    4.5591    5.3609
  0.3090  -35.7201  -35.7201  -35.7198  -35.7198  -35.6919  -35.6919  -35.6918  -35.6917  -34.9985  -34.9984  -34.9979  -34.9979  -34.9754  -34.9754  -34.9754  -34.9754  -34.9616  -34.9615  -34.9613  -34.9613  -24.2519  -24.2517  -24.2462  -24.2459  -24.2112  -24.2110  -24.2103  -24.2101  -21.3042  -21.3040  -21.2954  -21.2943  -21.2686  -21.2682  -21.2631  -21.2631  -21.2454  -21.2444  -21.2381  -21.2375  -12.4047  -12.3983  -10.8836  -10.8660   -9.1141   -9.1134   -7.8566   -7.8437   -3.4330   -3.1956   -2.3827   -2.2609   -1.7678   -1.4538   -1.3299   -1.2171   -0.8325   -0.7613   -0.3817   -0.3786    0.6023    0.7770    0.8085    0.9244    2.1242    2.2683    2.5155    2.7798    3.0538    3.0631    3.2433    3.3104    4.0261    4.0550    4.5198    4.5300    5.3318
  0.3327  -35.7202  -35.7201  -35.7198  -35.7198  -35.6919  -35.6919  -35.6918  -35.6918  -34.9985  -34.9985  -34.9979  -34.9979  -34.9754  -34.9754  -34.9754  -34.9754  -34.9616  -34.9615  -34.9613  -34.9613  -24.2520  -24.2518  -24.2460  -24.2458  -24.2112  -24.2109  -24.2104  -24.2101  -21.3045  -21.3043  -21.2953  -21.2943  -21.2686  -21.2682  -21.2629  -21.2629  -21.2454  -21.2446  -21.2378  -21.2374  -12.4237  -12.4184  -10.8140  -10.7980   -9.1847   -9.1840   -7.8474   -7.8365   -3.4261   -3.2244   -2.3919   -2.2878   -1.6803   -1.4220   -1.3528   -1.2577   -0.7165   -0.6833   -0.3768   -0.3547    0.5020    0.7274    0.8001    0.9260    2.1287    2.2322    2.5149    2.7373    3.0803    3.0860    3.2442    3.2991    3.9982    4.0287    4.4951    4.5043    5.2936
  0.3565  -35.7202  -35.7202  -35.7198  -35.7198  -35.6919  -35.6919  -35.6918  -35.6917  -34.9985  -34.9985  -34.9979  -34.9979  -34.9754  -34.9754  -34.9754  -34.9754  -34.9616  -34.9615  -34.9613  -34.9612  -24.2521  -24.2520  -24.2459  -24.2457  -24.2111  -24.2108  -24.2105  -24.2102  -21.3047  -21.3045  -21.2951  -21.2944  -21.2685  -21.2682  -21.2628  -21.2627  -21.2455  -21.2448  -21.2376  -21.2373  -12.4393  -12.4350  -10.7507  -10.7369   -9.2490   -9.2475   -7.8398   -7.8310   -3.4157   -3.2518   -2.3970   -2.3120   -1.6026   -1.3996   -1.3703   -1.2934   -0.6100   -0.6043   -0.3691   -0.3231    0.3991    0.6321    0.8220    0.9249    2.1316    2.2030    2.5180    2.6975    3.1052    3.1205    3.2458    3.2889    3.9757    4.0057    4.4743    4.4822    5.2641
  0.3803  -35.7202  -35.7202  -35.7198  -35.7198  -35.6919  -35.6919  -35.6918  -35.6917  -34.9985  -34.9985  -34.9979  -34.9979  -34.9754  -34.9754  -34.9754  -34.9754  -34.9616  -34.9616  -34.9613  -34.9612  -24.2522  -24.2520  -24.2458  -24.2457  -24.2110  -24.2107  -24.2106  -24.2103  -21.3048  -21.3047  -21.2950  -21.2944  -21.2685  -21.2683  -21.2627  -21.2626  -21.2454  -21.2449  -21.2375  -21.2372  -12.4513  -12.4481  -10.6963  -10.6852   -9.3037   -9.3018   -7.8338   -7.8272   -3.4022   -3.2778   -2.3982   -2.3333   -1.5360   -1.3869   -1.3819   -1.3238   -0.5285   -0.5251   -0.3552   -0.2776    0.3002    0.5268    0.8425    0.9210    2.1331    2.1800    2.5254    2.6609    3.1337    3.1528    3.2479    3.2798    3.9590    3.9859    4.4577    4.4641    5.2517
  0.4040  -35.7202  -35.7202  -35.7198  -35.7198  -35.6919  -35.6919  -35.6918  -35.6917  -34.9985  -34.9985  -34.9979  -34.9979  -34.9754  -34.9754  -34.9754  -34.9754  -34.9616  -34.9616  -34.9612  -34.9612  -24.2522  -24.2521  -24.2457  -24.2456  -24.2110  -24.2107  -24.2106  -24.2103  -21.3050  -21.3049  -21.2949  -21.2945  -21.2684  -21.2683  -21.2626  -21.2626  -21.2454  -21.2451  -21.2374  -21.2372  -12.4597  -12.4576  -10.6537  -10.6458   -9.3458   -9.3441   -7.8292   -7.8248   -3.3862   -3.3025   -2.3956   -2.3519   -1.4816   -1.3876   -1.3839   -1.3486   -0.4707   -0.4682   -0.3252   -0.2218    0.2186    0.4169    0.8612    0.9142    2.1343    2.1624    2.5371    2.6279    3.1611    3.1780    3.2509    3.2719    3.9488    3.9693    4.4457    4.4502    5.2434
  0.4278  -35.7202  -35.7202  -35.7198  -35.7198  -35.6919  -35.6919  -35.6918  -35.6918  -34.9985  -34.9985  -34.9979  -34.9979  -34.9754  -34.9754  -34.9754  -34.9754  -34.9616  -34.9616  -34.9612  -34.9612  -24.2522  -24.2522  -24.2457  -24.2456  -24.2109  -24.2107  -24.2106  -24.2104  -21.3050  -21.3050  -21.2948  -21.2946  -21.2684  -21.2683  -21.2625  -21.2625  -21.2454  -21.2452  -21.2373  -21.2372  -12.4645  -12.4635  -10.6257  -10.6216   -9.3723   -9.3713   -7.8261   -7.8239   -3.3679   -3.3258   -2.3896   -2.3675   -1.4395   -1.3913   -1.3871   -1.3675   -0.4425   -0.4379   -0.2706   -0.1882    0.1834    0.3099    0.8780    0.9047    2.1367    2.1498    2.5533    2.5988    3.1825    3.1924    3.2547    3.2652    3.9452    3.9564    4.4388    4.4412    5.2269
  0.4516  -35.7202  -35.7202  -35.7198  -35.7198  -35.6919  -35.6919  -35.6918  -35.6918  -34.9985  -34.9985  -34.9979  -34.9979  -34.9754  -34.9754  -34.9754  -34.9754  -34.9616  -34.9616  -34.9612  -34.9612  -24.2522  -24.2522  -24.2456  -24.2456  -24.2108  -24.2108  -24.2105  -24.2105  -21.3050  -21.3050  -21.2947  -21.2947  -21.2684  -21.2684  -21.2625  -21.2625  -21.2453  -21.2453  -21.2372  -21.2372  -12.4658  -12.4658  -10.6147  -10.6147   -9.3810   -9.3810   -7.8243   -7.8243   -3.3477   -3.3477   -2.3801   -2.3801   -1.4096   -1.4096   -1.3804   -1.3804   -0.4321   -0.4321   -0.2116   -0.2116    0.2215    0.2215    0.8926    0.8926    2.1415    2.1415    2.5739    2.5739    3.1938    3.1938    3.2594    3.2594    3.9480    3.9481    4.4373    4.4373    5.2178
  0.4516  -35.7202  -35.7202  -35.7198  -35.7198  -35.6919  -35.6919  -35.6918  -35.6918  -34.9985  -34.9985  -34.9979  -34.9979  -34.9754  -34.9754  -34.9754  -34.9754  -34.9616  -34.9616  -34.9612  -34.9612  -24.2522  -24.2522  -24.2456  -24.2456  -24.2108  -24.2108  -24.2105  -24.2105  -21.3050  -21.3050  -21.2947  -21.2947  -21.2684  -21.2684  -21.2625  -21.2625  -21.2453  -21.2453  -21.2372  -21.2372  -12.4658  -12.4658  -10.6147  -10.6147   -9.3810   -9.3810   -7.8243   -7.8243   -3.3477   -3.3477   -2.3801   -2.3801   -1.4096   -1.4096   -1.3804   -1.3804   -0.4321   -0.4321   -0.2116   -0.2116    0.2215    0.2215    0.8926    0.8926    2.1415    2.1415    2.5739    2.5739    3.1938    3.1938    3.2594    3.2594    3.9480    3.9481    4.4373    4.4373    5.2179
  0.4965  -35.7202  -35.7202  -35.7198  -35.7198  -35.6919  -35.6919  -35.6917  -35.6917  -34.9985  -34.9985  -34.9979  -34.9979  -34.9754  -34.9754  -34.9754  -34.9754  -34.9616  -34.9616  -34.9612  -34.9612  -24.2523  -24.2521  -24.2460  -24.2453  -24.2110  -24.2106  -24.2106  -24.2104  -21.3051  -21.3049  -21.2955  -21.2938  -21.2690  -21.2678  -21.2627  -21.2624  -21.2455  -21.2450  -21.2373  -21.2372  -12.4605  -12.4585  -10.6215  -10.6169   -9.3794   -9.3737   -7.8304   -7.8254   -3.4053   -3.2946   -2.4445   -2.3253   -1.5143   -1.3947   -1.3678   -1.3625   -0.5098   -0.4715   -0.2695   -0.1946    0.2232    0.4020    0.8847    0.9524    2.1291    2.1535    2.5006    2.6426    3.1555    3.1916    3.2117    3.3112    3.9499    3.9654    4.4444    4.4489    5.2254
  0.5414  -35.7202  -35.7202  -35.7198  -35.7198  -35.6919  -35.6919  -35.6918  -35.6917  -34.9985  -34.9985  -34.9979  -34.9979  -34.9754  -34.9754  -34.9754  -34.9754  -34.9616  -34.9616  -34.9613  -34.9612  -24.2522  -24.2520  -24.2465  -24.2449  -24.2111  -24.2108  -24.2105  -24.2103  -21.3050  -21.3046  -21.2962  -21.2929  -21.2696  -21.2674  -21.2630  -21.2624  -21.2456  -21.2447  -21.2375  -21.2372  -12.4425  -12.4386  -10.6367  -10.6278   -9.3693   -9.3580   -7.8438   -7.8340   -3.4639   -3.2485   -2.5129   -2.2862   -1.6725   -1.4106   -1.3737   -1.3534   -0.6800   -0.5756   -0.2944   -0.2310    0.3901    0.6379    0.9279    1.0578    2.1087    2.1695    2.4268    2.7043    3.1041    3.1134    3.2190    3.3450    3.9735    3.9981    4.4693    4.4778    5.2564
  0.5864  -35.7202  -35.7201  -35.7198  -35.7198  -35.6919  -35.6919  -35.6918  -35.6918  -34.9985  -34.9984  -34.9979  -34.9979  -34.9755  -34.9754  -34.9754  -34.9754  -34.9616  -34.9615  -34.9613  -34.9613  -24.2521  -24.2517  -24.2469  -24.2446  -24.2113  -24.2109  -24.2103  -24.2101  -21.3048  -21.3041  -21.2968  -21.2920  -21.2703  -21.2670  -21.2633  -21.2625  -21.2456  -21.2444  -21.2377  -21.2373  -12.4119  -12.4061  -10.6590  -10.6463   -9.3524   -9.3360   -7.8650   -7.8506   -3.5198   -3.2103   -2.5815   -2.2675   -1.8704   -1.4491   -1.4244   -1.3322   -0.8732   -0.6692   -0.3166   -0.2717    0.6072    0.8642    1.0151    1.1977    2.0724    2.1941    2.3578    2.7554    3.0359    3.0578    3.2356    3.3623    4.0180    4.0444    4.5100    4.5215    5.3120
  0.6313  -35.7202  -35.7201  -35.7198  -35.7198  -35.6919  -35.6919  -35.6918  -35.6918  -34.9985  -34.9984  -34.9979  -34.9979  -34.9755  -34.9754  -34.9754  -34.9754  -34.9615  -34.9615  -34.9613  -34.9613  -24.2520  -24.2515  -24.2473  -24.2444  -24.2114  -24.2110  -24.2102  -24.2100  -21.3044  -21.3036  -21.2973  -21.2911  -21.2710  -21.2666  -21.2637  -21.2626  -21.2455  -21.2439  -21.2379  -21.2374  -12.3690  -12.3613  -10.6863  -10.6704   -9.3312   -9.3100   -7.8950   -7.8764   -3.5694   -3.1787   -2.6475   -2.2706   -2.0899   -1.5933   -1.4318   -1.3018   -1.0306   -0.7562   -0.3447   -0.3101    0.8262    1.0444    1.1336    1.3574    2.0224    2.2375    2.3010    2.7830    2.9827    3.0351    3.2755    3.3677    4.0805    4.1045    4.5642    4.5782    5.3756
  0.6762  -35.7201  -35.7201  -35.7198  -35.7198  -35.6919  -35.6919  -35.6918  -35.6918  -34.9984  -34.9984  -34.9980  -34.9979  -34.9755  -34.9754  -34.9754  -34.9754  -34.9615  -34.9615  -34.9613  -34.9613  -24.2518  -24.2512  -24.2477  -24.2442  -24.2115  -24.2110  -24.2100  -24.2099  -21.3040  -21.3030  -21.2978  -21.2903  -21.2716  -21.2664  -21.2641  -21.2628  -21.2453  -21.2435  -21.2382  -21.2375  -12.3139  -12.3043  -10.7167  -10.6982   -9.3082   -9.2830   -7.9349   -7.9127   -3.6094   -3.1507   -2.7094   -2.3150   -2.2915   -1.7873   -1.4309   -1.2646   -1.1499   -0.8433   -0.3813   -0.3437    1.0175    1.1518    1.2689    1.5201    1.9769    2.2645    2.3160    2.7648    2.9876    3.0450    3.3385    3.3674    4.1574    4.1795    4.6306    4.6463    5.4511
  0.7211  -35.7201  -35.7201  -35.7198  -35.7198  -35.6919  -35.6919  -35.6918  -35.6918  -34.9984  -34.9984  -34.9980  -34.9979  -34.9755  -34.9754  -34.9754  -34.9754  -34.9615  -34.9615  -34.9613  -34.9613  -24.2515  -24.2508  -24.2480  -24.2441  -24.2116  -24.2111  -24.2099  -24.2098  -21.3035  -21.3023  -21.2982  -21.2896  -21.2720  -21.2662  -21.2646  -21.2631  -21.2450  -21.2430  -21.2384  -21.2377  -12.2468  -12.2355  -10.7483  -10.7279   -9.2863   -9.2578   -7.9860   -7.9610   -3.6374   -3.1221   -2.7659   -2.5335   -2.3228   -1.9993   -1.4232   -1.2508   -1.2262   -0.9338   -0.4282   -0.3734    1.1395    1.1947    1.4059    1.6693    1.9669    2.2550    2.4346    2.7234    3.0375    3.0848    3.3686    3.4150    4.2457    4.2693    4.7079    4.7247    5.5284
  0.7661  -35.7201  -35.7201  -35.7198  -35.7198  -35.6919  -35.6919  -35.6918  -35.6918  -34.9984  -34.9983  -34.9980  -34.9979  -34.9755  -34.9754  -34.9754  -34.9754  -34.9615  -34.9615  -34.9613  -34.9613  -24.2512  -24.2505  -24.2483  -24.2440  -24.2116  -24.2112  -24.2098  -24.2097  -21.3030  -21.3016  -21.2985  -21.2892  -21.2723  -21.2660  -21.2650  -21.2634  -21.2446  -21.2425  -21.2387  -21.2379  -12.1682  -12.1553  -10.7795  -10.7578   -9.2675   -9.2366   -8.0497   -8.0228   -3.6515   -3.0889   -2.8158   -2.7368   -2.3557   -2.2072   -1.4123   -1.3465   -1.1930   -1.0277   -0.4850   -0.4063    1.1321    1.2389    1.5317    1.7955    2.0157    2.2695    2.5761    2.6952    3.0981    3.1447    3.3789    3.4926    4.3428    4.3705    4.7951    4.8123    5.6269
  0.8110  -35.7201  -35.7201  -35.7199  -35.7198  -35.6919  -35.6918  -35.6918  -35.6918  -34.9984  -34.9983  -34.9980  -34.9979  -34.9755  -34.9754  -34.9754  -34.9754  -34.9615  -34.9615  -34.9613  -34.9613  -24.2509  -24.2501  -24.2486  -24.2440  -24.2116  -24.2112  -24.2097  -24.2097  -21.3025  -21.3009  -21.2989  -21.2891  -21.2724  -21.2658  -21.2654  -21.2637  -21.2442  -21.2419  -21.2389  -21.2380  -12.0787  -12.0641  -10.8090  -10.7865   -9.2536   -9.2212   -8.1268   -8.0993   -3.6514   -3.0496   -2.9187   -2.8563   -2.3992   -2.3820   -1.4415   -1.4027   -1.1706   -1.1235   -0.5526   -0.4499    1.0803    1.2485    1.6378    1.9051    2.1109    2.2882    2.6986    2.7152    3.1443    3.2145    3.4016    3.5604    4.4465    4.4787    4.8920    4.9091    5.6691
  0.8559  -35.7201  -35.7200  -35.7199  -35.7198  -35.6919  -35.6918  -35.6918  -35.6918  -34.9983  -34.9983  -34.9980  -34.9980  -34.9755  -34.9754  -34.9754  -34.9754  -34.9615  -34.9615  -34.9613  -34.9613  -24.2505  -24.2497  -24.2488  -24.2441  -24.2116  -24.2112  -24.2097  -24.2096  -21.3020  -21.3003  -21.2992  -21.2892  -21.2722  -21.2658  -21.2657  -21.2640  -21.2437  -21.2414  -21.2391  -21.2382  -11.9787  -11.9628  -10.8358  -10.8132   -9.2454   -9.2127   -8.2182   -8.1912   -3.6379   -3.0749   -3.0117   -2.8777   -2.5692   -2.3949   -1.5363   -1.3975   -1.2191   -1.1626   -0.6315   -0.5102    1.0289    1.2382    1.7223    2.0134    2.2198    2.2890    2.7337    2.8323    3.1612    3.2853    3.4243    3.6111    4.5538    4.5911    4.9994    5.0170    5.6651
  0.9008  -35.7201  -35.7200  -35.7199  -35.7198  -35.6919  -35.6918  -35.6918  -35.6918  -34.9983  -34.9983  -34.9980  -34.9980  -34.9755  -34.9755  -34.9754  -34.9754  -34.9615  -34.9615  -34.9613  -34.9613  -24.2502  -24.2493  -24.2490  -24.2443  -24.2116  -24.2112  -24.2096  -24.2096  -21.3015  -21.2997  -21.2996  -21.2897  -21.2718  -21.2661  -21.2655  -21.2643  -21.2432  -21.2409  -21.2393  -21.2383  -11.8693  -11.8522  -10.8593  -10.8371   -9.2434   -9.2114   -8.3236   -8.2986   -3.6130   -3.2027   -3.0012   -2.8529   -2.7142   -2.3888   -1.6301   -1.3982   -1.3126   -1.1698   -0.7210   -0.5900    0.9948    1.2299    1.7892    2.1264    2.2690    2.3179    2.7820    2.9160    3.1504    3.3510    3.4197    3.6421    4.6633    4.7081    5.1187    5.1380    5.6565
  0.9458  -35.7200  -35.7200  -35.7199  -35.7198  -35.6919  -35.6918  -35.6918  -35.6918  -34.9983  -34.9982  -34.9980  -34.9980  -34.9755  -34.9755  -34.9754  -34.9754  -34.9615  -34.9614  -34.9613  -34.9613  -24.2498  -24.2491  -24.2490  -24.2445  -24.2115  -24.2111  -24.2096  -24.2096  -21.3010  -21.2999  -21.2992  -21.2904  -21.2712  -21.2663  -21.2654  -21.2645  -21.2425  -21.2404  -21.2394  -21.2383  -11.7515  -11.7336  -10.8792  -10.8579   -9.2471   -9.2167   -8.4423   -8.4202   -3.5797   -3.3010   -3.0202   -2.8336   -2.7808   -2.3606   -1.7210   -1.4041   -1.4029   -1.1908   -0.8183   -0.6880    0.9844    1.2328    1.8398    2.2013    2.2686    2.3936    2.8210    2.9613    3.1312    3.3696    3.4086    3.6562    4.7769    4.8314    5.2501    5.2721    5.6369
  0.9907  -35.7200  -35.7200  -35.7199  -35.7199  -35.6918  -35.6918  -35.6918  -35.6918  -34.9982  -34.9982  -34.9980  -34.9980  -34.9755  -34.9755  -34.9754  -34.9754  -34.9614  -34.9614  -34.9613  -34.9613  -24.2494  -24.2492  -24.2487  -24.2449  -24.2114  -24.2111  -24.2096  -24.2096  -21.3006  -21.3001  -21.2988  -21.2914  -21.2705  -21.2665  -21.2652  -21.2648  -21.2419  -21.2400  -21.2394  -21.2384  -11.6270  -11.6086  -10.8954  -10.8755   -9.2556   -9.2277   -8.5721   -8.5538   -3.5413   -3.3701   -3.0481   -2.9284   -2.6840   -2.3103   -1.8071   -1.4896   -1.4125   -1.2222   -0.9191   -0.7986    0.9974    1.2483    1.8657    2.1517    2.3562    2.4436    2.8399    2.9688    3.1339    3.2855    3.4574    3.6598    4.8967    4.9610    5.3906    5.4153    5.6028
  1.0356  -35.7200  -35.7200  -35.7199  -35.7199  -35.6918  -35.6918  -35.6918  -35.6918  -34.9982  -34.9982  -34.9981  -34.9980  -34.9755  -34.9754  -34.9754  -34.9754  -34.9614  -34.9614  -34.9613  -34.9613  -24.2491  -24.2490  -24.2484  -24.2452  -24.2113  -24.2110  -24.2097  -24.2096  -21.3003  -21.3003  -21.2985  -21.2925  -21.2697  -21.2665  -21.2651  -21.2650  -21.2413  -21.2395  -21.2394  -21.2384  -11.4980  -11.4795  -10.9081  -10.8899   -9.2676   -9.2428   -8.7099   -8.6960   -3.5009   -3.4115   -3.0780   -3.0016   -2.5724   -2.2420   -1.8858   -1.5727   -1.4194   -1.2592   -1.0184   -0.9144    1.0298    1.2738    1.8469    2.0697    2.4118    2.4708    2.8566    2.9441    3.1401    3.2406    3.4986    3.6589    5.0202    5.0919    5.5340    5.5535    5.5600
  1.0805  -35.7200  -35.7200  -35.7199  -35.7199  -35.6918  -35.6918  -35.6918  -35.6918  -34.9982  -34.9982  -34.9981  -34.9980  -34.9755  -34.9755  -34.9754  -34.9754  -34.9614  -34.9614  -34.9614  -34.9613  -24.2491  -24.2487  -24.2481  -24.2456  -24.2111  -24.2109  -24.2098  -24.2097  -21.3004  -21.2999  -21.2984  -21.2936  -21.2690  -21.2666  -21.2652  -21.2650  -21.2407  -21.2394  -21.2392  -21.2384  -11.3675  -11.3495  -10.9174  -10.9014   -9.2814   -9.2603   -8.8512   -8.8417   -3.4603   -3.4279   -3.1086   -3.0578   -2.4524   -2.1641   -1.9538   -1.6531   -1.4201   -1.2961   -1.1112   -1.0270    1.0763    1.3043    1.7668    1.9625    2.4310    2.4818    2.8478    2.8957    3.1499    3.3031    3.5332    3.6569    5.1377    5.2109    5.4955    5.5721    5.6841
  1.1255  -35.7200  -35.7199  -35.7199  -35.7199  -35.6918  -35.6918  -35.6918  -35.6918  -34.9981  -34.9981  -34.9981  -34.9981  -34.9754  -34.9754  -34.9754  -34.9754  -34.9614  -34.9614  -34.9614  -34.9613  -24.2489  -24.2484  -24.2479  -24.2460  -24.2110  -24.2108  -24.2098  -24.2098  -21.3004  -21.2996  -21.2983  -21.2948  -21.2683  -21.2665  -21.2653  -21.2650  -21.2402  -21.2393  -21.2389  -21.2385  -11.2400  -11.2234  -10.9237  -10.9104   -9.2954   -9.2783   -8.9900   -8.9844   -3.4226   -3.4205   -3.1395   -3.1025   -2.3313   -2.0886   -2.0071   -1.7318   -1.4112   -1.3259   -1.1929   -1.1285    1.1312    1.3336    1.6405    1.8263    2.4471    2.4854    2.7857    2.8327    3.2482    3.3979    3.5621    3.6548    5.2328    5.2976    5.4383    5.4944    5.8196
  1.1704  -35.7199  -35.7199  -35.7199  -35.7199  -35.6918  -35.6918  -35.6918  -35.6918  -34.9981  -34.9981  -34.9981  -34.9981  -34.9754  -34.9754  -34.9754  -34.9754  -34.9614  -34.9614  -34.9614  -34.9614  -24.2487  -24.2482  -24.2478  -24.2465  -24.2108  -24.2107  -24.2099  -24.2099  -21.3002  -21.2994  -21.2983  -21.2959  -21.2676  -21.2664  -21.2655  -21.2651  -21.2397  -21.2391  -21.2387  -21.2385  -11.1222  -11.1079  -10.9276  -10.9173   -9.3079   -9.2949   -9.1180   -9.1156   -3.3996   -3.3818   -3.1711   -3.1421   -2.2183   -2.0413   -2.0279   -1.8090   -1.3931   -1.3419   -1.2592   -1.2130    1.1893    1.3555    1.5047    1.6710    2.4720    2.4904    2.7176    2.7631    3.3784    3.4954    3.5860    3.6521    5.2918    5.3399    5.3899    5.4284    5.9688
  1.2153  -35.7199  -35.7199  -35.7199  -35.7199  -35.6918  -35.6918  -35.6918  -35.6918  -34.9981  -34.9981  -34.9981  -34.9981  -34.9754  -34.9754  -34.9754  -34.9754  -34.9614  -34.9614  -34.9614  -34.9614  -24.2484  -24.2480  -24.2477  -24.2469  -24.2106  -24.2106  -24.2100  -24.2100  -21.2999  -21.2991  -21.2984  -21.2970  -21.2670  -21.2662  -21.2656  -21.2653  -21.2393  -21.2390  -21.2386  -21.2386  -11.0233  -11.0126  -10.9294  -10.9223   -9.3174   -9.3086   -9.2247   -9.2242   -3.3636   -3.3442   -3.2036   -3.1820   -2.1226   -2.0528   -1.9919   -1.8831   -1.3717   -1.3412   -1.3067   -1.2766    1.2455    1.3647    1.3933    1.5205    2.5030    2.5043    2.6606    2.6933    3.4992    3.5776    3.6054    3.6480    5.3180    5.3484    5.3554    5.3789    6.1253
  1.2602  -35.7199  -35.7199  -35.7199  -35.7199  -35.6918  -35.6918  -35.6918  -35.6918  -34.9981  -34.9981  -34.9981  -34.9981  -34.9754  -34.9754  -34.9754  -34.9754  -34.9614  -34.9614  -34.9614  -34.9614  -24.2481  -24.2478  -24.2477  -24.2473  -24.2105  -24.2104  -24.2102  -24.2101  -21.2994  -21.2989  -21.2985  -21.2979  -21.2664  -21.2661  -21.2658  -21.2656  -21.2390  -21.2389  -21.2386  -21.2386  -10.9549  -10.9491  -10.9296  -10.9260   -9.3226   -9.3183   -9.2973   -9.2969   -3.3194   -3.3075   -3.2372   -3.2251   -2.0506   -2.0400   -1.9843   -1.9501   -1.3516   -1.3342   -1.3329   -1.3180    1.2952    1.3315    1.3576    1.4010    2.5316    2.5371    2.6139    2.6287    3.5884    3.6209    3.6277    3.6418    5.3276    5.3366    5.3421    5.3477    6.2903
  1.3052  -35.7199  -35.7199  -35.7199  -35.7199  -35.6918  -35.6918  -35.6918  -35.6918  -34.9981  -34.9981  -34.9981  -34.9981  -34.9754  -34.9754  -34.9754  -34.9754  -34.9614  -34.9614  -34.9614  -34.9614  -24.2477  -24.2477  -24.2477  -24.2477  -24.2103  -24.2103  -24.2103  -24.2103  -21.2987  -21.2987  -21.2987  -21.2987  -21.2659  -21.2659  -21.2659  -21.2659  -21.2387  -21.2387  -21.2387  -21.2387  -10.9284  -10.9284  -10.9284  -10.9284   -9.3230   -9.3230   -9.3230   -9.3230   -3.2718   -3.2718   -3.2718   -3.2718   -2.0043   -2.0043   -2.0043   -2.0043   -1.3368   -1.3368   -1.3368   -1.3368    1.3338    1.3338    1.3338    1.3338    2.5736    2.5736    2.5736    2.5736    3.6329    3.6329    3.6329    3.6329    5.3340    5.3340    5.3340    5.3340    6.4113
  1.3052  -35.7199  -35.7199  -35.7199  -35.7199  -35.6918  -35.6918  -35.6918  -35.6918  -34.9981  -34.9981  -34.9981  -34.9981  -34.9754  -34.9754  -34.9754  -34.9754  -34.9614  -34.9614  -34.9614  -34.9614  -24.2477  -24.2477  -24.2477  -24.2477  -24.2103  -24.2103  -24.2103  -24.2103  -21.2987  -21.2987  -21.2987  -21.2987  -21.2659  -21.2659  -21.2659  -21.2659  -21.2387  -21.2387  -21.2387  -21.2387  -10.9284  -10.9284  -10.9284  -10.9284   -9.3230   -9.3230   -9.3230   -9.3230   -3.2718   -3.2718   -3.2718   -3.2718   -2.0043   -2.0043   -2.0043   -2.0043   -1.3368   -1.3368   -1.3368   -1.3368    1.3338    1.3338    1.3338    1.3338    2.5736    2.5736    2.5736    2.5736    3.6329    3.6329    3.6329    3.6329    5.3340    5.3340    5.3340    5.3340    6.4113
  1.3501  -35.7199  -35.7199  -35.7199  -35.7199  -35.6918  -35.6918  -35.6918  -35.6918  -34.9981  -34.9981  -34.9981  -34.9981  -34.9754  -34.9754  -34.9754  -34.9754  -34.9614  -34.9614  -34.9614  -34.9614  -24.2481  -24.2478  -24.2477  -24.2473  -24.2105  -24.2104  -24.2102  -24.2101  -21.2994  -21.2989  -21.2985  -21.2979  -21.2664  -21.2661  -21.2658  -21.2656  -21.2390  -21.2389  -21.2386  -21.2386  -10.9549  -10.9491  -10.9296  -10.9260   -9.3226   -9.3183   -9.2973   -9.2969   -3.3194   -3.3075   -3.2372   -3.2251   -2.0506   -2.0400   -1.9843   -1.9501   -1.3516   -1.3342   -1.3329   -1.3180    1.2952    1.3315    1.3576    1.4010    2.5316    2.5371    2.6139    2.6287    3.5884    3.6209    3.6277    3.6418    5.3276    5.3366    5.3421    5.3477    6.2902
  1.3950  -35.7199  -35.7199  -35.7199  -35.7199  -35.6918  -35.6918  -35.6918  -35.6918  -34.9981  -34.9981  -34.9981  -34.9981  -34.9754  -34.9754  -34.9754  -34.9754  -34.9614  -34.9614  -34.9614  -34.9614  -24.2484  -24.2480  -24.2477  -24.2469  -24.2106  -24.2106  -24.2100  -24.2100  -21.2999  -21.2991  -21.2984  -21.2970  -21.2670  -21.2662  -21.2656  -21.2653  -21.2393  -21.2390  -21.2386  -21.2386  -11.0233  -11.0126  -10.9294  -10.9223   -9.3174   -9.3086   -9.2247   -9.2242   -3.3636   -3.3442   -3.2036   -3.1820   -2.1226   -2.0528   -1.9919   -1.8831   -1.3717   -1.3412   -1.3067   -1.2766    1.2455    1.3647    1.3933    1.5205    2.5030    2.5043    2.6606    2.6933    3.4992    3.5776    3.6054    3.6480    5.3180    5.3484    5.3554    5.3789    6.1206
  1.4399  -35.7199  -35.7199  -35.7199  -35.7199  -35.6918  -35.6918  -35.6918  -35.6918  -34.9981  -34.9981  -34.9981  -34.9981  -34.9754  -34.9754  -34.9754  -34.9754  -34.9614  -34.9614  -34.9614  -34.9614  -24.2487  -24.2482  -24.2478  -24.2465  -24.2108  -24.2107  -24.2099  -24.2099  -21.3002  -21.2994  -21.2983  -21.2959  -21.2676  -21.2664  -21.2655  -21.2651  -21.2397  -21.2391  -21.2387  -21.2385  -11.1222  -11.1079  -10.9276  -10.9173   -9.3079   -9.2949   -9.1180   -9.1156   -3.3996   -3.3818   -3.1711   -3.1421   -2.2183   -2.0413   -2.0279   -1.8090   -1.3931   -1.3419   -1.2592   -1.2130    1.1893    1.3555    1.5047    1.6710    2.4720    2.4904    2.7176    2.7631    3.3784    3.4954    3.5860    3.6521    5.2918    5.3399    5.3899    5.4284    5.9615
  1.4849  -35.7200  -35.7199  -35.7199  -35.7199  -35.6918  -35.6918  -35.6918  -35.6918  -34.9981  -34.9981  -34.9981  -34.9981  -34.9754  -34.9754  -34.9754  -34.9754  -34.9614  -34.9614  -34.9614  -34.9613  -24.2489  -24.2484  -24.2479  -24.2460  -24.2110  -24.2108  -24.2098  -24.2098  -21.3004  -21.2996  -21.2983  -21.2948  -21.2683  -21.2665  -21.2653  -21.2650  -21.2402  -21.2393  -21.2389  -21.2385  -11.2400  -11.2234  -10.9237  -10.9104   -9.2954   -9.2783   -8.9900   -8.9844   -3.4226   -3.4205   -3.1395   -3.1025   -2.3313   -2.0886   -2.0071   -1.7318   -1.4112   -1.3259   -1.1929   -1.1285    1.1312    1.3336    1.6405    1.8263    2.4471    2.4854    2.7857    2.8327    3.2482    3.3979    3.5621    3.6548    5.2328    5.2976    5.4383    5.4944    5.8167
  1.5298  -35.7200  -35.7200  -35.7199  -35.7199  -35.6918  -35.6918  -35.6918  -35.6918  -34.9982  -34.9982  -34.9981  -34.9980  -34.9755  -34.9755  -34.9754  -34.9754  -34.9614  -34.9614  -34.9614  -34.9613  -24.2491  -24.2487  -24.2481  -24.2456  -24.2111  -24.2109  -24.2098  -24.2097  -21.3004  -21.2999  -21.2984  -21.2936  -21.2690  -21.2666  -21.2652  -21.2650  -21.2407  -21.2394  -21.2392  -21.2384  -11.3675  -11.3495  -10.9174  -10.9014   -9.2814   -9.2603   -8.8512   -8.8417   -3.4603   -3.4279   -3.1086   -3.0578   -2.4524   -2.1641   -1.9538   -1.6531   -1.4201   -1.2961   -1.1112   -1.0270    1.0763    1.3043    1.7668    1.9625    2.4310    2.4818    2.8478    2.8957    3.1499    3.3031    3.5332    3.6569    5.1377    5.2109    5.4955    5.5721    5.6775
  1.5747  -35.7200  -35.7200  -35.7199  -35.7199  -35.6918  -35.6918  -35.6918  -35.6918  -34.9982  -34.9982  -34.9981  -34.9980  -34.9755  -34.9754  -34.9754  -34.9754  -34.9614  -34.9614  -34.9613  -34.9613  -24.2491  -24.2490  -24.2484  -24.2452  -24.2113  -24.2110  -24.2097  -24.2096  -21.3003  -21.3003  -21.2985  -21.2925  -21.2697  -21.2665  -21.2651  -21.2650  -21.2413  -21.2395  -21.2394  -21.2384  -11.4980  -11.4795  -10.9081  -10.8899   -9.2676   -9.2428   -8.7099   -8.6960   -3.5009   -3.4115   -3.0780   -3.0016   -2.5724   -2.2420   -1.8858   -1.5727   -1.4194   -1.2592   -1.0184   -0.9144    1.0298    1.2738    1.8469    2.0697    2.4118    2.4708    2.8566    2.9441    3.1401    3.2406    3.4986    3.6589    5.0202    5.0919    5.5340    5.5536    5.5600
  1.6196  -35.7200  -35.7200  -35.7199  -35.7199  -35.6918  -35.6918  -35.6918  -35.6918  -34.9982  -34.9982  -34.9980  -34.9980  -34.9755  -34.9755  -34.9754  -34.9754  -34.9614  -34.9614  -34.9613  -34.9613  -24.2494  -24.2492  -24.2487  -24.2449  -24.2114  -24.2111  -24.2096  -24.2096  -21.3006  -21.3001  -21.2988  -21.2914  -21.2705  -21.2665  -21.2652  -21.2648  -21.2419  -21.2400  -21.2394  -21.2384  -11.6270  -11.6086  -10.8954  -10.8755   -9.2556   -9.2277   -8.5721   -8.5538   -3.5413   -3.3701   -3.0481   -2.9284   -2.6840   -2.3103   -1.8071   -1.4896   -1.4125   -1.2222   -0.9191   -0.7986    0.9974    1.2483    1.8657    2.1517    2.3562    2.4436    2.8399    2.9688    3.1339    3.2855    3.4574    3.6598    4.8967    4.9610    5.3906    5.4153    5.6028
  1.6646  -35.7200  -35.7200  -35.7199  -35.7198  -35.6919  -35.6918  -35.6918  -35.6918  -34.9983  -34.9982  -34.9980  -34.9980  -34.9755  -34.9755  -34.9754  -34.9754  -34.9615  -34.9614  -34.9613  -34.9613  -24.2498  -24.2491  -24.2490  -24.2445  -24.2115  -24.2111  -24.2096  -24.2096  -21.3010  -21.2999  -21.2992  -21.2904  -21.2712  -21.2663  -21.2654  -21.2645  -21.2425  -21.2404  -21.2394  -21.2383  -11.7515  -11.7336  -10.8792  -10.8579   -9.2471   -9.2167   -8.4423   -8.4202   -3.5797   -3.3010   -3.0202   -2.8336   -2.7808   -2.3606   -1.7210   -1.4041   -1.4029   -1.1908   -0.8183   -0.6880    0.9844    1.2328    1.8398    2.2013    2.2686    2.3936    2.8210    2.9613    3.1312    3.3696    3.4086    3.6562    4.7769    4.8314    5.2501    5.2721    5.6369
  1.7095  -35.7201  -35.7200  -35.7199  -35.7198  -35.6919  -35.6918  -35.6918  -35.6918  -34.9983  -34.9983  -34.9980  -34.9980  -34.9755  -34.9755  -34.9754  -34.9754  -34.9615  -34.9615  -34.9613  -34.9613  -24.2502  -24.2493  -24.2490  -24.2443  -24.2116  -24.2112  -24.2096  -24.2096  -21.3015  -21.2997  -21.2996  -21.2897  -21.2718  -21.2661  -21.2655  -21.2643  -21.2432  -21.2409  -21.2393  -21.2383  -11.8693  -11.8522  -10.8593  -10.8371   -9.2434   -9.2114   -8.3236   -8.2986   -3.6130   -3.2027   -3.0012   -2.8529   -2.7142   -2.3888   -1.6301   -1.3982   -1.3126   -1.1698   -0.7210   -0.5900    0.9948    1.2299    1.7892    2.1264    2.2690    2.3179    2.7820    2.9160    3.1504    3.3510    3.4197    3.6421    4.6633    4.7081    5.1187    5.1380    5.6564
  1.7544  -35.7201  -35.7200  -35.7199  -35.7198  -35.6919  -35.6918  -35.6918  -35.6918  -34.9983  -34.9983  -34.9980  -34.9980  -34.9755  -34.9754  -34.9754  -34.9754  -34.9615  -34.9615  -34.9613  -34.9613  -24.2505  -24.2497  -24.2488  -24.2441  -24.2116  -24.2112  -24.2097  -24.2096  -21.3020  -21.3003  -21.2992  -21.2892  -21.2722  -21.2658  -21.2657  -21.2640  -21.2437  -21.2414  -21.2391  -21.2382  -11.9787  -11.9628  -10.8358  -10.8132   -9.2454   -9.2127   -8.2182   -8.1912   -3.6379   -3.0749   -3.0117   -2.8777   -2.5692   -2.3949   -1.5363   -1.3975   -1.2191   -1.1626   -0.6315   -0.5102    1.0289    1.2382    1.7223    2.0134    2.2198    2.2890    2.7337    2.8323    3.1612    3.2853    3.4243    3.6111    4.5538    4.5911    4.9994    5.0170    5.6650
  1.7993  -35.7201  -35.7201  -35.7199  -35.7198  -35.6919  -35.6918  -35.6918  -35.6918  -34.9984  -34.9983  -34.9980  -34.9979  -34.9755  -34.9754  -34.9754  -34.9754  -34.9615  -34.9615  -34.9613  -34.9613  -24.2509  -24.2501  -24.2486  -24.2440  -24.2116  -24.2112  -24.2097  -24.2097  -21.3025  -21.3009  -21.2989  -21.2891  -21.2724  -21.2658  -21.2654  -21.2637  -21.2442  -21.2419  -21.2389  -21.2380  -12.0787  -12.0641  -10.8090  -10.7865   -9.2536   -9.2212   -8.1268   -8.0993   -3.6514   -3.0496   -2.9187   -2.8563   -2.3992   -2.3820   -1.4415   -1.4027   -1.1706   -1.1235   -0.5526   -0.4499    1.0803    1.2485    1.6378    1.9051    2.1109    2.2882    2.6986    2.7152    3.1443    3.2145    3.4016    3.5604    4.4465    4.4787    4.8920    4.9091    5.6641
  1.8443  -35.7201  -35.7201  -35.7198  -35.7198  -35.6919  -35.6919  -35.6918  -35.6918  -34.9984  -34.9983  -34.9980  -34.9979  -34.9755  -34.9754  -34.9754  -34.9754  -34.9615  -34.9615  -34.9613  -34.9613  -24.2512  -24.2505  -24.2483  -24.2440  -24.2116  -24.2112  -24.2098  -24.2097  -21.3030  -21.3016  -21.2985  -21.2892  -21.2723  -21.2660  -21.2650  -21.2634  -21.2446  -21.2425  -21.2387  -21.2379  -12.1682  -12.1553  -10.7795  -10.7578   -9.2675   -9.2366   -8.0497   -8.0228   -3.6515   -3.0889   -2.8158   -2.7368   -2.3557   -2.2072   -1.4123   -1.3465   -1.1930   -1.0277   -0.4850   -0.4063    1.1321    1.2389    1.5317    1.7955    2.0157    2.2695    2.5761    2.6952    3.0981    3.1447    3.3789    3.4926    4.3428    4.3705    4.7951    4.8123    5.6146
  1.8892  -35.7201  -35.7201  -35.7198  -35.7198  -35.6919  -35.6919  -35.6918  -35.6918  -34.9984  -34.9984  -34.9980  -34.9979  -34.9755  -34.9754  -34.9754  -34.9754  -34.9615  -34.9615  -34.9613  -34.9613  -24.2515  -24.2508  -24.2480  -24.2441  -24.2116  -24.2111  -24.2099  -24.2098  -21.3035  -21.3023  -21.2982  -21.2896  -21.2720  -21.2662  -21.2646  -21.2631  -21.2450  -21.2430  -21.2384  -21.2377  -12.2468  -12.2355  -10.7483  -10.7279   -9.2863   -9.2578   -7.9860   -7.9610   -3.6374   -3.1221   -2.7659   -2.5335   -2.3228   -1.9993   -1.4232   -1.2508   -1.2262   -0.9338   -0.4282   -0.3734    1.1395    1.1947    1.4059    1.6693    1.9669    2.2550    2.4346    2.7234    3.0375    3.0848    3.3686    3.4150    4.2457    4.2693    4.7079    4.7247    5.5315
  1.9341  -35.7201  -35.7201  -35.7198  -35.7198  -35.6919  -35.6919  -35.6918  -35.6918  -34.9984  -34.9984  -34.9980  -34.9979  -34.9755  -34.9754  -34.9754  -34.9754  -34.9615  -34.9615  -34.9613  -34.9613  -24.2518  -24.2512  -24.2477  -24.2442  -24.2115  -24.2110  -24.2100  -24.2099  -21.3040  -21.3030  -21.2978  -21.2903  -21.2716  -21.2664  -21.2641  -21.2628  -21.2453  -21.2435  -21.2382  -21.2375  -12.3139  -12.3043  -10.7167  -10.6982   -9.3082   -9.2830   -7.9349   -7.9127   -3.6094   -3.1507   -2.7094   -2.3150   -2.2915   -1.7873   -1.4309   -1.2646   -1.1499   -0.8433   -0.3813   -0.3437    1.0175    1.1518    1.2689    1.5201    1.9769    2.2645    2.3160    2.7648    2.9876    3.0450    3.3385    3.3674    4.1574    4.1795    4.6306    4.6463    5.4492
  1.9790  -35.7202  -35.7201  -35.7198  -35.7198  -35.6919  -35.6919  -35.6918  -35.6918  -34.9985  -34.9984  -34.9979  -34.9979  -34.9755  -34.9754  -34.9754  -34.9754  -34.9615  -34.9615  -34.9613  -34.9613  -24.2520  -24.2515  -24.2473  -24.2444  -24.2114  -24.2110  -24.2102  -24.2100  -21.3044  -21.3036  -21.2973  -21.2911  -21.2710  -21.2666  -21.2637  -21.2626  -21.2455  -21.2439  -21.2379  -21.2374  -12.3690  -12.3613  -10.6863  -10.6704   -9.3312   -9.3100   -7.8950   -7.8764   -3.5694   -3.1787   -2.6475   -2.2706   -2.0899   -1.5933   -1.4318   -1.3018   -1.0306   -0.7562   -0.3447   -0.3101    0.8262    1.0444    1.1336    1.3574    2.0224    2.2375    2.3010    2.7830    2.9827    3.0351    3.2755    3.3677    4.0805    4.1045    4.5642    4.5782    5.3755
  2.0240  -35.7202  -35.7201  -35.7198  -35.7198  -35.6919  -35.6919  -35.6918  -35.6918  -34.9985  -34.9984  -34.9979  -34.9979  -34.9755  -34.9754  -34.9754  -34.9754  -34.9616  -34.9615  -34.9613  -34.9613  -24.2521  -24.2517  -24.2469  -24.2446  -24.2113  -24.2109  -24.2103  -24.2101  -21.3048  -21.3041  -21.2968  -21.2920  -21.2703  -21.2670  -21.2633  -21.2625  -21.2456  -21.2444  -21.2377  -21.2373  -12.4119  -12.4061  -10.6590  -10.6463   -9.3524   -9.3360   -7.8650   -7.8506   -3.5198   -3.2103   -2.5815   -2.2675   -1.8704   -1.4491   -1.4244   -1.3322   -0.8732   -0.6692   -0.3166   -0.2717    0.6072    0.8642    1.0151    1.1977    2.0724    2.1941    2.3578    2.7554    3.0359    3.0578    3.2356    3.3623    4.0180    4.0444    4.5100    4.5215    5.3091
  2.0689  -35.7202  -35.7202  -35.7198  -35.7198  -35.6919  -35.6919  -35.6918  -35.6917  -34.9985  -34.9985  -34.9979  -34.9979  -34.9754  -34.9754  -34.9754  -34.9754  -34.9616  -34.9616  -34.9613  -34.9612  -24.2522  -24.2520  -24.2465  -24.2449  -24.2111  -24.2108  -24.2105  -24.2103  -21.3050  -21.3046  -21.2962  -21.2929  -21.2696  -21.2674  -21.2630  -21.2624  -21.2456  -21.2447  -21.2375  -21.2372  -12.4425  -12.4386  -10.6367  -10.6278   -9.3693   -9.3580   -7.8438   -7.8340   -3.4639   -3.2485   -2.5129   -2.2862   -1.6725   -1.4106   -1.3737   -1.3534   -0.6800   -0.5756   -0.2944   -0.2310    0.3901    0.6379    0.9279    1.0578    2.1087    2.1695    2.4268    2.7043    3.1041    3.1134    3.2190    3.3450    3.9735    3.9981    4.4693    4.4778    5.2630
  2.1138  -35.7202  -35.7202  -35.7198  -35.7198  -35.6919  -35.6919  -35.6917  -35.6917  -34.9985  -34.9985  -34.9979  -34.9979  -34.9754  -34.9754  -34.9754  -34.9754  -34.9616  -34.9616  -34.9612  -34.9612  -24.2523  -24.2521  -24.2460  -24.2453  -24.2110  -24.2106  -24.2106  -24.2104  -21.3051  -21.3049  -21.2955  -21.2938  -21.2690  -21.2678  -21.2627  -21.2624  -21.2455  -21.2450  -21.2373  -21.2372  -12.4605  -12.4585  -10.6215  -10.6169   -9.3794   -9.3737   -7.8304   -7.8254   -3.4053   -3.2946   -2.4445   -2.3253   -1.5143   -1.3947   -1.3678   -1.3625   -0.5098   -0.4715   -0.2695   -0.1946    0.2232    0.4020    0.8847    0.9524    2.1291    2.1535    2.5006    2.6426    3.1555    3.1916    3.2117    3.3112    3.9499    3.9654    4.4444    4.4489    5.2276
  2.1587  -35.7202  -35.7202  -35.7198  -35.7198  -35.6919  -35.6919  -35.6918  -35.6918  -34.9985  -34.9985  -34.9979  -34.9979  -34.9754  -34.9754  -34.9754  -34.9754  -34.9616  -34.9616  -34.9612  -34.9612  -24.2522  -24.2522  -24.2456  -24.2456  -24.2108  -24.2108  -24.2105  -24.2105  -21.3050  -21.3050  -21.2947  -21.2947  -21.2684  -21.2684  -21.2625  -21.2625  -21.2453  -21.2453  -21.2372  -21.2372  -12.4658  -12.4658  -10.6147  -10.6147   -9.3810   -9.3810   -7.8243   -7.8243   -3.3477   -3.3477   -2.3801   -2.3801   -1.4096   -1.4096   -1.3804   -1.3804   -0.4321   -0.4321   -0.2116   -0.2116    0.2215    0.2215    0.8926    0.8926    2.1415    2.1415    2.5739    2.5739    3.1938    3.1938    3.2594    3.2594    3.9480    3.9481    4.4373    4.4373    5.2179
  2.1587  -35.7202  -35.7202  -35.7198  -35.7198  -35.6919  -35.6919  -35.6918  -35.6918  -34.9985  -34.9985  -34.9979  -34.9979  -34.9754  -34.9754  -34.9754  -34.9754  -34.9616  -34.9616  -34.9612  -34.9612  -24.2522  -24.2522  -24.2456  -24.2456  -24.2108  -24.2108  -24.2105  -24.2105  -21.3050  -21.3050  -21.2947  -21.2947  -21.2684  -21.2684  -21.2625  -21.2625  -21.2453  -21.2453  -21.2372  -21.2372  -12.4658  -12.4658  -10.6147  -10.6147   -9.3810   -9.3810   -7.8243   -7.8243   -3.3477   -3.3477   -2.3801   -2.3801   -1.4096   -1.4096   -1.3804   -1.3804   -0.4321   -0.4321   -0.2116   -0.2116    0.2215    0.2215    0.8926    0.8926    2.1415    2.1415    2.5739    2.5739    3.1938    3.1938    3.2594    3.2594    3.9480    3.9481    4.4373    4.4373    5.2178
  2.1969  -35.7202  -35.7202  -35.7198  -35.7198  -35.6919  -35.6919  -35.6917  -35.6917  -34.9985  -34.9985  -34.9979  -34.9979  -34.9754  -34.9754  -34.9754  -34.9754  -34.9616  -34.9616  -34.9612  -34.9612  -24.2523  -24.2521  -24.2460  -24.2453  -24.2109  -24.2107  -24.2106  -24.2104  -21.3051  -21.3049  -21.2954  -21.2938  -21.2690  -21.2678  -21.2627  -21.2624  -21.2455  -21.2451  -21.2373  -21.2372  -12.4621  -12.4605  -10.6112  -10.6091   -9.3886   -9.3830   -7.8294   -7.8250   -3.4025   -3.2992   -2.4455   -2.3271   -1.5042   -1.3933   -1.3756   -1.3609   -0.5021   -0.4604   -0.2415   -0.1966    0.2144    0.3673    0.8888    0.9508    2.1303    2.1493    2.5018    2.6370    3.1632    3.1910    3.2156    3.3110    3.9490    3.9608    4.4420    4.4460    5.2246
  2.2350  -35.7202  -35.7202  -35.7198  -35.7198  -35.6919  -35.6919  -35.6918  -35.6917  -34.9985  -34.9985  -34.9979  -34.9979  -34.9754  -34.9754  -34.9754  -34.9754  -34.9616  -34.9616  -34.9612  -34.9612  -24.2523  -24.2520  -24.2464  -24.2449  -24.2111  -24.2107  -24.2105  -24.2103  -21.3051  -21.3047  -21.2961  -21.2929  -21.2696  -21.2673  -21.2629  -21.2623  -21.2456  -21.2448  -21.2374  -21.2371  -12.4493  -12.4460  -10.5988  -10.5946   -9.4057   -9.3945   -7.8404   -7.8316   -3.4632   -3.2575   -2.5195   -2.2867   -1.6389   -1.4146   -1.3781   -1.3590   -0.6466   -0.5408   -0.2581   -0.2212    0.3397    0.5789    0.9400    1.0566    2.1146    2.1561    2.4223    2.6890    3.1108    3.1324    3.2236    3.3470    3.9648    3.9855    4.4597    4.4676    5.2690
  2.2731  -35.7202  -35.7201  -35.7198  -35.7198  -35.6919  -35.6919  -35.6918  -35.6918  -34.9985  -34.9985  -34.9979  -34.9979  -34.9754  -34.9754  -34.9754  -34.9754  -34.9616  -34.9615  -34.9613  -34.9613  -24.2523  -24.2518  -24.2468  -24.2445  -24.2112  -24.2108  -24.2104  -24.2102  -21.3050  -21.3043  -21.2967  -21.2920  -21.2704  -21.2669  -21.2632  -21.2623  -21.2456  -21.2445  -21.2375  -21.2372  -12.4275  -12.4226  -10.5774  -10.5713   -9.4323   -9.4158   -7.8574   -7.8445   -3.5293   -3.2245   -2.5951   -2.2564   -1.8021   -1.4434   -1.4031   -1.3865   -0.8234   -0.6120   -0.2852   -0.2656    0.5303    0.8084    1.0408    1.1985    2.0938    2.1674    2.3384    2.7232    3.0342    3.1092    3.2185    3.3722    3.9953    4.0207    4.4893    4.5012    5.2812
  2.3112  -35.7202  -35.7201  -35.7198  -35.7198  -35.6919  -35.6919  -35.6918  -35.6918  -34.9985  -34.9984  -34.9979  -34.9979  -34.9754  -34.9754  -34.9754  -34.9754  -34.9616  -34.9615  -34.9613  -34.9613  -24.2522  -24.2516  -24.2472  -24.2442  -24.2114  -24.2109  -24.2102  -24.2101  -21.3049  -21.3039  -21.2972  -21.2909  -21.2711  -21.2666  -21.2635  -21.2623  -21.2456  -21.2442  -21.2376  -21.2372  -12.3967  -12.3903  -10.5472  -10.5392   -9.4686   -9.4470   -7.8809   -7.8641   -3.5994   -3.2040   -2.6624   -2.2317   -1.9805   -1.4919   -1.4782   -1.4000   -0.9935   -0.6789   -0.3328   -0.3117    0.7465    1.0323    1.1798    1.3607    2.0687    2.1920    2.2562    2.7234    2.9908    3.0966    3.2061    3.3925    4.0390    4.0660    4.5299    4.5454    5.3395
  2.3493  -35.7202  -35.7201  -35.7198  -35.7198  -35.6919  -35.6919  -35.6918  -35.6918  -34.9985  -34.9984  -34.9979  -34.9979  -34.9754  -34.9754  -34.9754  -34.9754  -34.9616  -34.9615  -34.9613  -34.9613  -24.2521  -24.2513  -24.2475  -24.2438  -24.2115  -24.2109  -24.2101  -24.2100  -21.3047  -21.3034  -21.2976  -21.2899  -21.2719  -21.2663  -21.2639  -21.2624  -21.2455  -21.2438  -21.2378  -21.2373  -12.3571  -12.3490  -10.5082  -10.4986   -9.5145   -9.4882   -7.9114   -7.8909   -3.6712   -3.2015   -2.7102   -2.2080   -2.1625   -1.6169   -1.5181   -1.4187   -1.1495   -0.7522   -0.3989   -0.3496    0.9686    1.2344    1.3394    1.5237    2.0424    2.1856    2.2405    2.6899    2.9993    3.0899    3.1961    3.4124    4.0946    4.1212    4.5805    4.5995    5.3904
  2.3875  -35.7201  -35.7201  -35.7198  -35.7198  -35.6919  -35.6919  -35.6918  -35.6918  -34.9984  -34.9984  -34.9979  -34.9979  -34.9755  -34.9754  -34.9754  -34.9754  -34.9615  -34.9615  -34.9613  -34.9613  -24.2520  -24.2510  -24.2478  -24.2436  -24.2116  -24.2110  -24.2100  -24.2099  -21.3045  -21.3028  -21.2979  -21.2889  -21.2726  -21.2661  -21.2643  -21.2625  -21.2453  -21.2434  -21.2379  -21.2373  -12.3088  -12.2991  -10.4607  -10.4498   -9.5702   -9.5395   -7.9493   -7.9258   -3.7416   -3.2201   -2.7301   -2.3399   -2.1810   -1.7623   -1.5624   -1.4434   -1.2983   -0.8426   -0.4683   -0.3840    1.1825    1.4033    1.4863    1.6725    2.0196    2.1386    2.3230    2.6670    3.0424    3.0778    3.1999    3.4354    4.1608    4.1863    4.6408    4.6630    5.4537
  2.4256  -35.7201  -35.7201  -35.7198  -35.7198  -35.6919  -35.6919  -35.6918  -35.6918  -34.9984  -34.9984  -34.9979  -34.9979  -34.9755  -34.9754  -34.9754  -34.9754  -34.9615  -34.9615  -34.9613  -34.9613  -24.2519  -24.2507  -24.2481  -24.2433  -24.2116  -24.2110  -24.2099  -24.2098  -21.3042  -21.3021  -21.2982  -21.2879  -21.2734  -21.2659  -21.2647  -21.2627  -21.2451  -21.2430  -21.2381  -21.2374  -12.2518  -12.2406  -10.4051  -10.3932   -9.6354   -9.6007   -7.9954   -7.9692   -3.8071   -3.2555   -2.7228   -2.5068   -2.1479   -1.9119   -1.6108   -1.4752   -1.4489   -0.9566   -0.5339   -0.4154    1.3717    1.5414    1.5667    1.8146    2.0043    2.1208    2.4427    2.7003    3.0552    3.1037    3.2192    3.4632    4.2370    4.2609    4.7105    4.7356    5.5256
  2.4637  -35.7201  -35.7201  -35.7198  -35.7198  -35.6919  -35.6919  -35.6918  -35.6918  -34.9984  -34.9984  -34.9980  -34.9979  -34.9755  -34.9755  -34.9754  -34.9754  -34.9615  -34.9615  -34.9613  -34.9613  -24.2518  -24.2503  -24.2484  -24.2431  -24.2117  -24.2111  -24.2098  -24.2098  -21.3039  -21.3014  -21.2984  -21.2870  -21.2741  -21.2658  -21.2652  -21.2628  -21.2448  -21.2426  -21.2382  -21.2375  -12.1865  -12.1738  -10.3419  -10.3296   -9.7097   -9.6710   -8.0500   -8.0218   -3.8644   -3.2977   -2.6957   -2.6590   -2.1067   -2.0542   -1.6627   -1.6057   -1.5155   -1.0943   -0.5943   -0.4456    1.5087    1.5742    1.6771    1.9195    1.9988    2.1529    2.5911    2.7975    3.0254    3.1776    3.2459    3.4967    4.3218    4.3444    4.7896    4.8173    5.5919
  2.5018  -35.7201  -35.7201  -35.7198  -35.7198  -35.6919  -35.6919  -35.6918  -35.6918  -34.9984  -34.9984  -34.9980  -34.9979  -34.9755  -34.9755  -34.9754  -34.9754  -34.9615  -34.9615  -34.9613  -34.9613  -24.2516  -24.2499  -24.2486  -24.2430  -24.2118  -24.2111  -24.2097  -24.2097  -21.3037  -21.3006  -21.2985  -21.2863  -21.2747  -21.2657  -21.2657  -21.2630  -21.2445  -21.2422  -21.2384  -21.2376  -12.1130  -12.0988  -10.2722  -10.2609   -9.7920   -9.7487   -8.1137   -8.0841   -3.9105   -3.3369   -2.7937   -2.6575   -2.1825   -2.0568   -1.7688   -1.7165   -1.5652   -1.2507   -0.6522   -0.4774    1.5499    1.5890    1.8239    1.9335    2.0053    2.2641    2.7518    2.9268    2.9926    3.2613    3.2717    3.5362    4.4139    4.4362    4.8783    4.9078    5.6643
  2.5400  -35.7201  -35.7201  -35.7198  -35.7198  -35.6919  -35.6919  -35.6918  -35.6918  -34.9984  -34.9983  -34.9980  -34.9979  -34.9755  -34.9755  -34.9754  -34.9754  -34.9615  -34.9615  -34.9613  -34.9613  -24.2515  -24.2494  -24.2488  -24.2429  -24.2118  -24.2111  -24.2097  -24.2096  -21.3033  -21.2997  -21.2986  -21.2857  -21.2752  -21.2663  -21.2657  -21.2632  -21.2441  -21.2418  -21.2385  -21.2377  -12.0316  -12.0160  -10.1994  -10.1913   -9.8789   -9.8290   -8.1866   -8.1563   -3.9429   -3.3667   -2.9096   -2.6161   -2.2928   -1.9982   -1.9361   -1.7692   -1.6246   -1.4201   -0.7108   -0.5134    1.5213    1.6425    1.9116    1.9546    2.0307    2.3918    2.8930    2.9757    3.0522    3.2923    3.3494    3.5815    4.5114    4.5357    4.9770    5.0075    5.7416
  2.5781  -35.7201  -35.7201  -35.7198  -35.7198  -35.6919  -35.6918  -35.6918  -35.6918  -34.9984  -34.9983  -34.9980  -34.9979  -34.9755  -34.9755  -34.9754  -34.9754  -34.9615  -34.9615  -34.9613  -34.9613  -24.2513  -24.2490  -24.2489  -24.2429  -24.2118  -24.2112  -24.2096  -24.2095  -21.3030  -21.2988  -21.2988  -21.2854  -21.2755  -21.2668  -21.2656  -21.2634  -21.2436  -21.2414  -21.2386  -21.2379  -11.9426  -11.9257  -10.1420  -10.1354   -9.9545   -9.8942   -8.2687   -8.2381   -3.9600   -3.3827   -3.0059   -2.5789   -2.3830   -2.1045   -1.9312   -1.8153   -1.6936   -1.5970   -0.7730   -0.5559    1.5011    1.6879    1.8917    2.0226    2.1088    2.4972    2.8937    3.0860    3.1512    3.3080    3.4321    3.6316    4.6129    4.6424    5.0859    5.1163    5.8534
  2.6162  -35.7201  -35.7200  -35.7198  -35.7198  -35.6919  -35.6918  -35.6918  -35.6918  -34.9983  -34.9983  -34.9980  -34.9979  -34.9755  -34.9754  -34.9754  -34.9754  -34.9615  -34.9615  -34.9613  -34.9613  -24.2512  -24.2492  -24.2484  -24.2429  -24.2118  -24.2112  -24.2096  -24.2095  -21.3027  -21.2989  -21.2978  -21.2854  -21.2755  -21.2674  -21.2655  -21.2636  -21.2432  -21.2411  -21.2388  -21.2380  -11.8464  -11.8283  -10.1588  -10.1509   -9.9509   -9.8950   -8.3598   -8.3293   -3.9608   -3.3828   -3.0835   -2.5543   -2.4523   -2.2700   -1.8581   -1.8464   -1.7770   -1.7697   -0.8405   -0.6067    1.4949    1.7332    1.8848    2.0606    2.2009    2.5711    2.8509    3.2132    3.2134    3.3292    3.4987    3.6835    4.7177    4.7567    5.2052    5.2347    5.9076
  2.6543  -35.7201  -35.7200  -35.7198  -35.7198  -35.6919  -35.6918  -35.6918  -35.6918  -34.9983  -34.9983  -34.9980  -34.9979  -34.9755  -34.9755  -34.9754  -34.9754  -34.9615  -34.9615  -34.9613  -34.9613  -24.2510  -24.2494  -24.2479  -24.2430  -24.2118  -24.2112  -24.2095  -24.2094  -21.3024  -21.2990  -21.2968  -21.2856  -21.2753  -21.2680  -21.2654  -21.2637  -21.2427  -21.2407  -21.2389  -21.2381  -11.7434  -11.7242  -10.2528  -10.2360   -9.8707   -9.8262   -8.4593   -8.4291   -3.9449   -3.3658   -3.1445   -2.5503   -2.5019   -2.4268   -1.9565   -1.8667   -1.8479   -1.7705   -0.9143   -0.6665    1.5044    1.7806    1.8942    2.0992    2.2721    2.6130    2.8029    3.2357    3.2827    3.3957    3.5438    3.7327    4.8265    4.8790    5.3348    5.3626    5.9905
  2.6925  -35.7201  -35.7200  -35.7199  -35.7198  -35.6918  -35.6918  -35.6918  -35.6918  -34.9983  -34.9982  -34.9980  -34.9979  -34.9755  -34.9755  -34.9754  -34.9754  -34.9615  -34.9614  -34.9613  -34.9613  -24.2509  -24.2495  -24.2474  -24.2432  -24.2117  -24.2112  -24.2095  -24.2094  -21.3021  -21.2992  -21.2958  -21.2861  -21.2750  -21.2686  -21.2654  -21.2639  -21.2423  -21.2404  -21.2391  -21.2382  -11.6342  -11.6138  -10.3688  -10.3471   -9.7693   -9.7300   -8.5664   -8.5364   -3.9123   -3.3311   -3.1935   -2.5823   -2.5706   -2.5193   -2.1324   -1.9491   -1.8339   -1.6834   -0.9943   -0.7356    1.5296    1.8288    1.9201    2.1382    2.3209    2.6250    2.7538    3.2201    3.3086    3.4959    3.5681    3.7748    4.9411    5.0101    5.4741    5.4999    6.0845
  2.7306  -35.7200  -35.7200  -35.7199  -35.7198  -35.6918  -35.6918  -35.6918  -35.6918  -34.9983  -34.9982  -34.9980  -34.9979  -34.9755  -34.9755  -34.9754  -34.9754  -34.9614  -34.9614  -34.9613  -34.9613  -24.2507  -24.2497  -24.2469  -24.2434  -24.2117  -24.2113  -24.2095  -24.2094  -21.3018  -21.2994  -21.2947  -21.2868  -21.2745  -21.2693  -21.2653  -21.2641  -21.2418  -21.2401  -21.2392  -21.2384  -11.5193  -11.4979  -10.4930  -10.4692   -9.6589   -9.6221   -8.6799   -8.6500   -3.8637   -3.2788   -3.2382   -2.7044   -2.6117   -2.5296   -2.3012   -2.0401   -1.7882   -1.5900   -1.0803   -0.8135    1.5691    1.8716    1.9614    2.1735    2.3524    2.6107    2.7095    3.1723    3.3347    3.5754    3.5894    3.8072    5.0634    5.1507    5.6221    5.6458    6.1913
  2.7687  -35.7200  -35.7200  -35.7199  -35.7198  -35.6918  -35.6918  -35.6918  -35.6918  -34.9982  -34.9982  -34.9980  -34.9979  -34.9755  -34.9754  -34.9754  -34.9754  -34.9614  -34.9614  -34.9613  -34.9613  -24.2506  -24.2498  -24.2463  -24.2437  -24.2116  -24.2113  -24.2095  -24.2094  -21.3015  -21.2997  -21.2936  -21.2876  -21.2739  -21.2699  -21.2651  -21.2643  -21.2413  -21.2398  -21.2394  -21.2386  -11.3993  -11.3770  -10.6217  -10.5970   -9.5424   -9.5073   -8.7987   -8.7686   -3.8002   -3.2903   -3.2094   -2.7965   -2.6656   -2.5286   -2.4515   -2.1308   -1.7220   -1.4925   -1.1711   -0.8991    1.6204    1.8977    2.0159    2.2070    2.3663    2.5740    2.6837    3.1007    3.3683    3.5689    3.6687    3.8283    5.1950    5.3012    5.7775    5.7992    6.1207
  2.8068  -35.7200  -35.7199  -35.7199  -35.7198  -35.6918  -35.6918  -35.6918  -35.6918  -34.9982  -34.9981  -34.9981  -34.9980  -34.9755  -34.9755  -34.9754  -34.9754  -34.9614  -34.9614  -34.9613  -34.9613  -24.2504  -24.2499  -24.2458  -24.2441  -24.2116  -24.2113  -24.2094  -24.2094  -21.3012  -21.3000  -21.2926  -21.2885  -21.2733  -21.2706  -21.2650  -21.2644  -21.2409  -21.2396  -21.2396  -21.2387  -11.2750  -11.2519  -10.7529  -10.7280   -9.4217   -9.3877   -8.9213   -8.8908   -3.7235   -3.3599   -3.1240   -2.8475   -2.7234   -2.6273   -2.4735   -2.2179   -1.6417   -1.3921   -1.2655   -0.9912    1.6803    1.8945    2.0807    2.2477    2.3520    2.5202    2.6961    3.0139    3.4080    3.5512    3.7327    3.8372    5.3366    5.4619    5.9376    5.9577    5.9726
  2.8450  -35.7200  -35.7199  -35.7199  -35.7199  -35.6918  -35.6918  -35.6918  -35.6918  -34.9982  -34.9981  -34.9981  -34.9980  -34.9755  -34.9755  -34.9754  -34.9754  -34.9614  -34.9614  -34.9614  -34.9614  -24.2503  -24.2501  -24.2453  -24.2445  -24.2115  -24.2114  -24.2094  -24.2094  -21.3009  -21.3003  -21.2915  -21.2895  -21.2726  -21.2713  -21.2649  -21.2646  -21.2405  -21.2399  -21.2394  -21.2389  -11.1472  -11.1235  -10.8850  -10.8604   -9.2979   -9.2649   -9.0463   -9.0152   -3.6361   -3.4467   -3.0241   -2.8635   -2.7764   -2.7581   -2.4302   -2.2988   -1.5526   -1.3619   -1.2902   -1.0882    1.7445    1.8611    2.1520    2.2771    2.3318    2.4551    2.7497    2.9206    3.4497    3.5241    3.7812    3.8329    5.4878    5.6323    5.8107    5.9966    6.0989
  2.8831  -35.7199  -35.7199  -35.7199  -35.7199  -35.6918  -35.6918  -35.6918  -35.6918  -34.9981  -34.9981  -34.9980  -34.9980  -34.9755  -34.9755  -34.9754  -34.9754  -34.9614  -34.9614  -34.9614  -34.9614  -24.2502  -24.2502  -24.2449  -24.2449  -24.2114  -24.2114  -24.2094  -24.2094  -21.3006  -21.3006  -21.2905  -21.2905  -21.2719  -21.2719  -21.2647  -21.2647  -21.2402  -21.2402  -21.2391  -21.2391  -11.0169  -11.0169  -10.9926  -10.9926   -9.1723   -9.1723   -9.1403   -9.1403   -3.5418   -3.5418   -2.9166   -2.9166   -2.8111   -2.8111   -2.3705   -2.3705   -1.4584   -1.4584   -1.1884   -1.1884    1.8075    1.8075    2.2237    2.2237    2.3862    2.3862    2.8293    2.8293    3.4895    3.4895    3.8145    3.8145    5.6470    5.6470    5.8115    5.8115    6.2556
