#K-Path     Band-1    Band-2    Band-3    Band-4      ...     Band-n
  0.0000  -22.8042  -22.7902  -22.7876  -22.7762  -22.7606  -22.7560  -22.7552  -22.7519  -22.7509  -22.7505  -22.7485  -22.7472  -22.7462  -22.7405  -22.7356  -22.7356  -22.7343  -22.7331  -22.7306  -22.7299  -22.7283  -22.7280  -22.7247  -22.7223  -22.7204  -22.7182  -22.7168  -22.7163  -22.7145  -22.7144  -22.7128  -22.7127  -22.7116  -22.7106  -22.7101  -22.7090  -22.7079  -22.7079  -22.7070  -22.7050  -22.7022  -22.7015  -22.6997  -22.6969  -22.6954  -22.6928  -22.6886  -22.6884  -22.6875  -22.6861  -22.6856  -22.6851  -22.6830  -22.6827  -22.6825  -22.6782  -22.6745  -22.6681  -22.6596  -22.6582  -22.5996  -22.5978  -22.5968  -22.5667  -22.5641  -22.5588  -22.5404  -22.5324  -22.5301  -22.5119  -10.8242  -10.7499  -10.7497  -10.7393  -10.7391  -10.7290  -10.7260  -10.7168  -10.7151  -10.7110  -10.7016  -10.6880  -10.6067  -10.2459   -8.6387   -8.4770   -8.4722   -8.4556   -8.4395   -8.4328   -8.4081   -8.4017   -8.3800   -8.3671   -8.3596   -8.3415   -8.3059   -8.2404   -3.5520   -3.3719   -3.2822   -3.2736   -3.2683   -3.2496   -3.2493   -3.2353   -3.2131   -3.1852   -3.1648   -3.0048   -2.9771   -2.8278   -2.7869   -2.6586   -2.5806   -2.5356   -2.4327   -2.3546   -2.2957   -2.1186   -2.1170   -1.9459   -1.9001   -1.8483   -1.8304   -1.8128   -1.7790   -1.7609   -1.7389   -1.6937   -1.6833   -1.6738   -1.6397   -1.6171   -1.5773   -1.5445   -1.5087   -1.4868   -1.4698   -0.1981   -0.1488    1.2735    1.3111    1.3745    1.5146    1.5166    1.6340    1.6483    1.6545    1.6606    1.7144    1.7688    1.8498    1.8547    2.7903    2.9724    2.9881    3.1119    3.4054    3.7024    3.7977    4.0009    4.0797    4.6420    5.5138    5.5706    5.5741    5.9424    6.8729    7.6082    8.9685    9.2726   10.7676   11.7283   11.9256   12.3608
  0.0388  -22.8042  -22.7902  -22.7877  -22.7761  -22.7606  -22.7559  -22.7551  -22.7519  -22.7508  -22.7504  -22.7484  -22.7471  -22.7462  -22.7405  -22.7357  -22.7357  -22.7342  -22.7332  -22.7307  -22.7300  -22.7284  -22.7277  -22.7248  -22.7223  -22.7204  -22.7181  -22.7168  -22.7164  -22.7145  -22.7145  -22.7128  -22.7127  -22.7116  -22.7107  -22.7101  -22.7091  -22.7080  -22.7079  -22.7070  -22.7049  -22.7021  -22.7015  -22.6996  -22.6970  -22.6954  -22.6928  -22.6887  -22.6884  -22.6874  -22.6861  -22.6856  -22.6851  -22.6831  -22.6828  -22.6824  -22.6783  -22.6745  -22.6681  -22.6597  -22.6582  -22.5997  -22.5977  -22.5967  -22.5667  -22.5642  -22.5588  -22.5404  -22.5324  -22.5301  -22.5119  -10.8494  -10.8465  -10.8287  -10.8059  -10.7786  -10.7475  -10.7194  -10.6956  -10.6774  -10.6641  -10.6597  -10.6448  -10.5797  -10.2384   -8.6272   -8.4869   -8.4810   -8.4647   -8.4563   -8.4441   -8.4258   -8.4047   -8.4014   -8.3770   -8.3280   -8.2833   -8.2398   -8.1998   -3.5522   -3.3773   -3.2879   -3.2767   -3.2728   -3.2683   -3.2578   -3.2515   -3.2396   -3.1929   -3.1082   -3.0098   -2.9847   -2.8435   -2.7706   -2.6211   -2.5544   -2.5160   -2.4181   -2.3404   -2.2727   -2.1445   -2.0647   -1.9610   -1.8733   -1.8528   -1.8272   -1.8156   -1.8001   -1.7777   -1.7502   -1.6980   -1.6884   -1.6746   -1.6410   -1.6277   -1.5949   -1.5841   -1.4955   -1.4215   -1.3737   -0.2005   -0.1502    1.5215    1.6471    1.6970    1.8383    1.9062    1.9228    2.0031    2.0042    2.0546    2.1996    2.7231    3.0604    3.1285    3.1486    3.2148    3.4702    4.0173    4.2481    4.2832    4.4560    4.7279    4.7616    5.7052    5.8006    6.6292    7.0282    7.6154    7.6746    7.9343    7.9357    8.2097    9.1357    9.7896    9.9320   10.3471
  0.0776  -22.8043  -22.7901  -22.7879  -22.7760  -22.7606  -22.7558  -22.7550  -22.7517  -22.7507  -22.7502  -22.7483  -22.7470  -22.7462  -22.7403  -22.7359  -22.7359  -22.7342  -22.7333  -22.7309  -22.7302  -22.7286  -22.7273  -22.7250  -22.7226  -22.7202  -22.7180  -22.7168  -22.7165  -22.7147  -22.7143  -22.7127  -22.7126  -22.7116  -22.7108  -22.7100  -22.7093  -22.7082  -22.7080  -22.7069  -22.7049  -22.7021  -22.7015  -22.6996  -22.6973  -22.6954  -22.6928  -22.6889  -22.6884  -22.6873  -22.6862  -22.6858  -22.6852  -22.6832  -22.6829  -22.6824  -22.6784  -22.6747  -22.6683  -22.6599  -22.6583  -22.6000  -22.5976  -22.5965  -22.5665  -22.5646  -22.5588  -22.5402  -22.5326  -22.5302  -22.5120  -10.9547  -10.9310  -10.9127  -10.8897  -10.8527  -10.8057  -10.7566  -10.7072  -10.6629  -10.6239  -10.5936  -10.5774  -10.5249  -10.2193   -8.5936   -8.5223   -8.5156   -8.5015   -8.4778   -8.4508   -8.4359   -8.4229   -8.3753   -8.3135   -8.2496   -8.1947   -8.1501   -8.1220   -3.5519   -3.3966   -3.3474   -3.3115   -3.2855   -3.2761   -3.2706   -3.2561   -3.2355   -3.1737   -3.0854   -3.0324   -2.9936   -2.8734   -2.6949   -2.5442   -2.4801   -2.4677   -2.3793   -2.3069   -2.2069   -2.1498   -2.0051   -1.9789   -1.8833   -1.8576   -1.8384   -1.8184   -1.7875   -1.7781   -1.7679   -1.7438   -1.7281   -1.6995   -1.6609   -1.6211   -1.5996   -1.5099   -1.4047   -1.3227   -1.2720   -0.2072   -0.1544    1.1929    1.2449    1.4541    1.4793    1.5656    1.5790    1.7132    1.8343    2.3474    2.3486    2.3672    2.9255    2.9989    3.0040    3.0206    3.2822    3.3118    3.3155    3.4508    3.5088    3.5463    3.8864    4.2727    4.4343    5.2789    5.4219    6.1030    6.4566    7.3346    7.9022    7.9410    9.1184    9.1369    9.5717   10.4235
  0.1164  -22.8045  -22.7899  -22.7883  -22.7757  -22.7606  -22.7556  -22.7547  -22.7515  -22.7506  -22.7499  -22.7480  -22.7468  -22.7462  -22.7401  -22.7363  -22.7362  -22.7342  -22.7333  -22.7312  -22.7305  -22.7287  -22.7267  -22.7255  -22.7229  -22.7200  -22.7178  -22.7170  -22.7165  -22.7151  -22.7141  -22.7126  -22.7124  -22.7116  -22.7109  -22.7100  -22.7097  -22.7085  -22.7081  -22.7069  -22.7048  -22.7019  -22.7016  -22.6995  -22.6977  -22.6953  -22.6927  -22.6893  -22.6883  -22.6871  -22.6863  -22.6860  -22.6854  -22.6833  -22.6831  -22.6823  -22.6785  -22.6749  -22.6685  -22.6603  -22.6584  -22.6005  -22.5973  -22.5961  -22.5662  -22.5651  -22.5589  -22.5400  -22.5328  -22.5302  -22.5122  -11.0635  -11.0362  -11.0091  -10.9768  -10.9333  -10.8751  -10.8098  -10.7396  -10.6716  -10.6073  -10.5532  -10.5180  -10.4705  -10.1968   -8.5747   -8.5547   -8.5411   -8.5214   -8.4902   -8.4586   -8.4263   -8.3770   -8.3111   -8.2372   -8.1644   -8.1032   -8.0570   -8.0358   -3.5493   -3.4410   -3.3963   -3.3404   -3.2931   -3.2759   -3.2724   -3.2544   -3.2250   -3.1584   -3.0952   -3.0627   -2.9928   -2.8914   -2.5662   -2.4604   -2.4110   -2.3821   -2.3214   -2.2766   -2.1627   -2.0922   -2.0452   -1.9504   -1.8929   -1.8755   -1.8457   -1.8399   -1.8187   -1.8094   -1.7813   -1.7265   -1.7037   -1.6972   -1.6121   -1.5684   -1.5488   -1.4333   -1.3161   -1.2289   -1.1769   -0.2164   -0.1604    1.1291    1.1486    1.2865    1.3209    1.3771    1.4761    1.5306    1.5528    1.6661    1.6881    1.7094    1.8171    2.5877    2.9188    2.9449    2.9512    3.0118    3.0589    3.0614    3.2137    3.5545    4.2762    4.3012    4.9460    5.7985    6.4100    6.4449    6.8690    6.9715    6.9767    8.4057    9.0031    9.2116    9.9060   10.7991
  0.1553  -22.8048  -22.7897  -22.7888  -22.7753  -22.7606  -22.7554  -22.7544  -22.7512  -22.7504  -22.7495  -22.7477  -22.7466  -22.7462  -22.7398  -22.7368  -22.7365  -22.7345  -22.7331  -22.7315  -22.7310  -22.7287  -22.7261  -22.7261  -22.7234  -22.7197  -22.7175  -22.7175  -22.7163  -22.7155  -22.7138  -22.7124  -22.7121  -22.7115  -22.7109  -22.7102  -22.7099  -22.7089  -22.7082  -22.7068  -22.7046  -22.7017  -22.7017  -22.6995  -22.6982  -22.6952  -22.6927  -22.6898  -22.6882  -22.6868  -22.6866  -22.6863  -22.6857  -22.6835  -22.6833  -22.6822  -22.6787  -22.6752  -22.6688  -22.6607  -22.6585  -22.6011  -22.5969  -22.5956  -22.5659  -22.5659  -22.5590  -22.5397  -22.5331  -22.5303  -22.5124  -11.1730  -11.1436  -11.1120  -11.0715  -11.0203  -10.9529  -10.8746  -10.7874  -10.6989  -10.6114  -10.5340  -10.4774  -10.4271  -10.1793   -8.6148   -8.5804   -8.5381   -8.4910   -8.4712   -8.4382   -8.3839   -8.3158   -8.2377   -8.1553   -8.0767   -8.0120   -7.9647   -7.9489   -3.5435   -3.4892   -3.4239   -3.3541   -3.2945   -3.2707   -3.2652   -3.2442   -3.2063   -3.1481   -3.1168   -3.0739   -2.9762   -2.8883   -2.4091   -2.3847   -2.3712   -2.3488   -2.2837   -2.2128   -2.1545   -2.0734   -1.9936   -1.9686   -1.9248   -1.9061   -1.8833   -1.8634   -1.8167   -1.7684   -1.7338   -1.6857   -1.6371   -1.6116   -1.5314   -1.5208   -1.4699   -1.3623   -1.2339   -1.1432   -1.0912   -0.2247   -0.1663    1.0578    1.0754    1.2178    1.2639    1.3161    1.4193    1.4410    1.4873    1.6065    1.6231    1.6505    1.7495    1.9788    2.1059    2.3556    2.7370    3.1243    3.3818    3.4470    8.1351    8.3681    8.3782    8.4056    8.4750    9.0279    9.3902   10.1737   11.6102   12.8135   13.1082   13.2756   13.6486   14.0878   14.2928   18.7332
  0.1941  -22.8051  -22.7894  -22.7894  -22.7749  -22.7606  -22.7550  -22.7541  -22.7508  -22.7501  -22.7490  -22.7474  -22.7464  -22.7462  -22.7394  -22.7374  -22.7370  -22.7350  -22.7328  -22.7319  -22.7315  -22.7286  -22.7268  -22.7255  -22.7240  -22.7193  -22.7181  -22.7171  -22.7161  -22.7161  -22.7134  -22.7124  -22.7118  -22.7115  -22.7110  -22.7108  -22.7099  -22.7095  -22.7082  -22.7068  -22.7044  -22.7018  -22.7015  -22.6994  -22.6989  -22.6950  -22.6927  -22.6904  -22.6880  -22.6870  -22.6866  -22.6865  -22.6860  -22.6836  -22.6836  -22.6821  -22.6789  -22.6756  -22.6691  -22.6612  -22.6586  -22.6018  -22.5966  -22.5950  -22.5668  -22.5654  -22.5591  -22.5393  -22.5335  -22.5304  -22.5127  -11.2814  -11.2505  -11.2159  -11.1695  -11.1114  -11.0362  -10.9475  -10.8463  -10.7407  -10.6332  -10.5342  -10.4568  -10.3992  -10.1724   -8.6386   -8.5923   -8.5360   -8.4732   -8.4117   -8.3788   -8.3256   -8.2460   -8.1595   -8.0716   -7.9898   -7.9238   -7.8769   -7.8650   -3.5436   -3.5102   -3.4359   -3.3526   -3.2849   -3.2559   -3.2469   -3.2211   -3.1787   -3.1504   -3.1245   -3.0488   -2.9391   -2.8606   -2.4024   -2.3793   -2.3357   -2.3111   -2.2264   -2.2134   -2.1035   -2.0292   -2.0112   -1.9782   -1.9202   -1.9142   -1.8544   -1.7971   -1.7609   -1.7358   -1.6585   -1.5995   -1.5515   -1.5367   -1.4681   -1.4229   -1.3714   -1.2962   -1.1602   -1.0679   -1.0170   -0.2277   -0.1691    0.9860    1.0219    1.1437    1.2330    1.2679    1.3710    1.3788    1.4562    1.5593    1.5877    1.6013    1.6967    1.9852    2.0295    4.1447    5.4099    6.8410    7.0940    8.6923    8.9507    9.2938    9.3380   10.2438   10.6598   11.2732   11.5396   11.6970   12.3744   13.1283   13.3517   14.3839   18.6371   18.9680   19.1761   19.6126
  0.2329  -22.8055  -22.7901  -22.7891  -22.7744  -22.7607  -22.7547  -22.7537  -22.7504  -22.7498  -22.7485  -22.7471  -22.7462  -22.7461  -22.7390  -22.7382  -22.7375  -22.7356  -22.7324  -22.7323  -22.7322  -22.7283  -22.7277  -22.7252  -22.7244  -22.7189  -22.7188  -22.7168  -22.7167  -22.7159  -22.7130  -22.7124  -22.7117  -22.7116  -22.7113  -22.7107  -22.7101  -22.7098  -22.7083  -22.7067  -22.7041  -22.7019  -22.7012  -22.6997  -22.6994  -22.6947  -22.6927  -22.6910  -22.6879  -22.6875  -22.6869  -22.6863  -22.6862  -22.6839  -22.6837  -22.6820  -22.6792  -22.6760  -22.6695  -22.6618  -22.6588  -22.6027  -22.5961  -22.5943  -22.5680  -22.5649  -22.5592  -22.5389  -22.5339  -22.5305  -22.5130  -11.3869  -11.3551  -11.3183  -11.2676  -11.2039  -11.1222  -11.0250  -10.9126  -10.7931  -10.6687  -10.5511  -10.4548  -10.3879  -10.1787   -8.6462   -8.5890   -8.5191   -8.4400   -8.3580   -8.2930   -8.2577   -8.1723   -8.0800   -7.9891   -7.9062   -7.8410   -7.7966   -7.7857   -3.5521   -3.4986   -3.4251   -3.3356   -3.2614   -3.2279   -3.2149   -3.1823   -3.1545   -3.1480   -3.0939   -2.9923   -2.8783   -2.8062   -2.4706   -2.4432   -2.3833   -2.3087   -2.2614   -2.1683   -2.0545   -2.0220   -2.0049   -1.8957   -1.8645   -1.8482   -1.7771   -1.7416   -1.6874   -1.6475   -1.5722   -1.5065   -1.4865   -1.4498   -1.3790   -1.3112   -1.2698   -1.2272   -1.0959   -1.0045   -0.9560   -0.2189   -0.1644    0.9372    0.9672    1.1086    1.2030    1.2244    1.3435    1.3524    1.4240    1.5238    1.5546    1.5808    1.6628    1.9876    3.4675    3.5669    5.1168    7.2986    8.6398    9.0333    9.1425    9.8860   10.4910   10.5867   10.9073   11.1777   11.2297   11.2839   11.8128   12.1273   12.4908   13.1806   13.7475   13.7900   14.3734   16.6897
  0.2717  -22.8059  -22.7910  -22.7887  -22.7738  -22.7607  -22.7542  -22.7533  -22.7501  -22.7494  -22.7479  -22.7470  -22.7462  -22.7459  -22.7391  -22.7387  -22.7380  -22.7361  -22.7330  -22.7326  -22.7319  -22.7287  -22.7280  -22.7258  -22.7241  -22.7196  -22.7184  -22.7176  -22.7162  -22.7158  -22.7126  -22.7125  -22.7123  -22.7116  -22.7109  -22.7106  -22.7106  -22.7098  -22.7083  -22.7067  -22.7038  -22.7020  -22.7008  -22.7006  -22.6993  -22.6944  -22.6927  -22.6917  -22.6881  -22.6877  -22.6873  -22.6867  -22.6858  -22.6842  -22.6837  -22.6819  -22.6795  -22.6765  -22.6700  -22.6624  -22.6591  -22.6037  -22.5956  -22.5935  -22.5692  -22.5643  -22.5593  -22.5384  -22.5344  -22.5306  -22.5133  -11.4883  -11.4559  -11.4175  -11.3635  -11.2953  -11.2082  -11.1042  -10.9829  -10.8522  -10.7142  -10.5811  -10.4687  -10.3922  -10.1980   -8.6396   -8.5725   -8.4897   -8.3958   -8.2985   -8.2057   -8.1828   -8.0980   -8.0022   -7.9103   -7.8283   -7.7656   -7.7259   -7.7123   -3.5467   -3.4756   -3.3905   -3.3018   -3.2238   -3.1846   -3.1672   -3.1351   -3.1328   -3.1077   -3.0258   -2.9097   -2.7930   -2.7244   -2.5466   -2.5233   -2.4415   -2.3676   -2.3074   -2.2402   -2.0888   -1.9767   -1.8433   -1.8411   -1.8164   -1.7270   -1.6923   -1.6532   -1.5972   -1.5445   -1.4854   -1.4460   -1.3865   -1.3550   -1.2827   -1.2103   -1.1763   -1.1412   -1.0413   -0.9540   -0.9090   -0.1913   -0.1460    0.9149    0.9241    1.1079    1.1590    1.2225    1.3432    1.3508    1.3989    1.5031    1.5442    1.5813    1.6518    2.0369    2.0437    2.8710    2.9537    2.9813    3.1684    3.2675    3.4411    3.4633    3.6312    3.7353    3.7558    3.8403    3.8695    4.0958    4.2057    4.2667    5.1123    6.3180    6.5746    7.2178    7.7491    8.1078
  0.3105  -22.8064  -22.7918  -22.7884  -22.7732  -22.7607  -22.7538  -22.7529  -22.7498  -22.7491  -22.7474  -22.7470  -22.7461  -22.7457  -22.7400  -22.7391  -22.7379  -22.7367  -22.7336  -22.7330  -22.7315  -22.7296  -22.7277  -22.7265  -22.7237  -22.7203  -22.7184  -22.7178  -22.7158  -22.7156  -22.7135  -22.7123  -22.7121  -22.7117  -22.7111  -22.7105  -22.7103  -22.7096  -22.7082  -22.7066  -22.7034  -22.7021  -22.7015  -22.7005  -22.6993  -22.6941  -22.6927  -22.6925  -22.6887  -22.6877  -22.6876  -22.6870  -22.6855  -22.6846  -22.6836  -22.6818  -22.6797  -22.6770  -22.6704  -22.6630  -22.6593  -22.6047  -22.5951  -22.5926  -22.5706  -22.5637  -22.5595  -22.5379  -22.5349  -22.5307  -22.5136  -11.5845  -11.5517  -11.5121  -11.4556  -11.3839  -11.2924  -11.1829  -11.0544  -10.9148  -10.7658  -10.6202  -10.4948  -10.4096  -10.2280   -8.6221   -8.5465   -8.4520   -8.3454   -8.2362   -8.1290   -8.0998   -8.0253   -7.9281   -7.8371   -7.7576   -7.6991   -7.6645   -7.6467   -3.5236   -3.4421   -3.3385   -3.2500   -3.1736   -3.1261   -3.1050   -3.0831   -3.0824   -3.0297   -2.9312   -2.8035   -2.6905   -2.6326   -2.6045   -2.5942   -2.4988   -2.4349   -2.3602   -2.3074   -2.1424   -1.9283   -1.8378   -1.7786   -1.6467   -1.6399   -1.5922   -1.5249   -1.5065   -1.4836   -1.3987   -1.3177   -1.3062   -1.2763   -1.1929   -1.1256   -1.0829   -1.0535   -0.9957   -0.9163   -0.8755   -0.1378   -0.1072    0.9056    0.9218    1.1301    1.1355    1.2514    1.3645    1.3730    1.3860    1.5053    1.5574    1.6034    1.6664    1.9330    2.0164    2.6911    2.7343    2.9034    3.1257    3.3197    3.3385    3.3412    3.3767    3.3956    3.5916    3.6045    3.7902    3.9223    4.0684    4.0887    4.1594    4.4990    4.5875    6.2353    7.8914    9.6552
  0.3493  -22.8069  -22.7928  -22.7879  -22.7726  -22.7607  -22.7533  -22.7527  -22.7497  -22.7487  -22.7471  -22.7471  -22.7457  -22.7455  -22.7408  -22.7399  -22.7378  -22.7370  -22.7342  -22.7332  -22.7312  -22.7305  -22.7275  -22.7271  -22.7235  -22.7210  -22.7192  -22.7172  -22.7158  -22.7151  -22.7144  -22.7122  -22.7119  -22.7114  -22.7114  -22.7104  -22.7098  -22.7093  -22.7081  -22.7065  -22.7030  -22.7025  -22.7021  -22.7002  -22.6991  -22.6937  -22.6932  -22.6926  -22.6893  -22.6881  -22.6875  -22.6874  -22.6851  -22.6849  -22.6834  -22.6817  -22.6800  -22.6775  -22.6709  -22.6636  -22.6595  -22.6058  -22.5946  -22.5917  -22.5720  -22.5630  -22.5596  -22.5374  -22.5354  -22.5309  -22.5139  -11.6746  -11.6416  -11.6011  -11.5426  -11.4681  -11.3730  -11.2590  -11.1248  -10.9782  -10.8206  -10.6651  -10.5291  -10.4365  -10.2656   -8.5977   -8.5147   -8.4101   -8.2929   -8.1748   -8.0626   -8.0174   -7.9545   -7.8589   -7.7708   -7.6953   -7.6426   -7.6116   -7.5903   -3.4851   -3.3981   -3.2785   -3.1793   -3.1121   -3.0553   -3.0294   -3.0090   -3.0010   -2.9267   -2.8172   -2.7063   -2.6924   -2.6513   -2.5724   -2.5137   -2.5068   -2.4634   -2.3984   -2.3619   -2.1902   -1.9011   -1.8429   -1.7236   -1.5672   -1.5498   -1.4796   -1.4439   -1.4186   -1.3296   -1.3147   -1.2488   -1.2117   -1.1823   -1.1148   -1.0501   -1.0029   -0.9816   -0.9558   -0.8900   -0.8538   -0.0550   -0.0433    0.9216    0.9556    1.1310    1.1881    1.3071    1.3778    1.4160    1.4178    1.5327    1.5920    1.6465    1.7063    1.8883    2.0129    2.1717    2.8323    2.9464    3.1520    3.1534    3.2543    3.3527    3.7715    3.9563    4.0485    4.1798    4.2656    4.6146    4.6974    5.1975    6.0753    6.4419    9.1951    9.6462    9.8255   10.3714
  0.3881  -22.8075  -22.7937  -22.7875  -22.7720  -22.7608  -22.7529  -22.7526  -22.7496  -22.7485  -22.7473  -22.7470  -22.7454  -22.7451  -22.7416  -22.7406  -22.7380  -22.7372  -22.7346  -22.7337  -22.7311  -22.7311  -22.7280  -22.7269  -22.7235  -22.7215  -22.7200  -22.7166  -22.7160  -22.7154  -22.7147  -22.7121  -22.7118  -22.7116  -22.7111  -22.7103  -22.7093  -22.7091  -22.7079  -22.7064  -22.7034  -22.7025  -22.7023  -22.7001  -22.6988  -22.6940  -22.6936  -22.6924  -22.6900  -22.6885  -22.6877  -22.6875  -22.6852  -22.6847  -22.6832  -22.6815  -22.6802  -22.6779  -22.6713  -22.6642  -22.6597  -22.6069  -22.5941  -22.5908  -22.5735  -22.5624  -22.5598  -22.5368  -22.5359  -22.5310  -22.5143  -11.7579  -11.7247  -11.6835  -11.6235  -11.5467  -11.4488  -11.3312  -11.1924  -11.0402  -10.8758  -10.7125  -10.5684  -10.4697  -10.3076   -8.5698   -8.4808   -8.3676   -8.2419   -8.1176   -8.0045   -7.9439   -7.8854   -7.7957   -7.7123   -7.6423   -7.5960   -7.5665   -7.5430   -3.4362   -3.3481   -3.2210   -3.0907   -3.0469   -2.9754   -2.9415   -2.9134   -2.8975   -2.8059   -2.7772   -2.7290   -2.6598   -2.5871   -2.5628   -2.5011   -2.4406   -2.3982   -2.3599   -2.2909   -2.2208   -1.9123   -1.8124   -1.6798   -1.5559   -1.5001   -1.3960   -1.3511   -1.2603   -1.2527   -1.2491   -1.1576   -1.1195   -1.0858   -1.0458   -0.9895   -0.9442   -0.9347   -0.9123   -0.8722   -0.8412    0.0446    0.0544    0.9750    1.0126    1.1699    1.2609    1.3827    1.3960    1.4769    1.4830    1.5779    1.6418    1.7016    1.7614    1.8512    1.9753    2.0136    2.5717    2.7898    3.0077    3.0752    3.1188    3.1845    3.4947    3.6417    3.6453    3.6942    3.7029    3.8029    3.9297    3.9553    4.0593    4.3451    4.4418    4.8326    5.0437   12.9771
  0.4270  -22.8080  -22.7947  -22.7871  -22.7715  -22.7608  -22.7529  -22.7524  -22.7497  -22.7484  -22.7476  -22.7469  -22.7454  -22.7444  -22.7422  -22.7414  -22.7384  -22.7372  -22.7349  -22.7343  -22.7312  -22.7311  -22.7284  -22.7267  -22.7236  -22.7219  -22.7208  -22.7163  -22.7162  -22.7161  -22.7142  -22.7122  -22.7117  -22.7115  -22.7109  -22.7099  -22.7089  -22.7087  -22.7077  -22.7062  -22.7043  -22.7024  -22.7020  -22.7002  -22.6984  -22.6947  -22.6935  -22.6921  -22.6906  -22.6890  -22.6881  -22.6876  -22.6855  -22.6844  -22.6829  -22.6813  -22.6804  -22.6784  -22.6718  -22.6648  -22.6600  -22.6080  -22.5936  -22.5898  -22.5749  -22.5617  -22.5599  -22.5364  -22.5363  -22.5311  -22.5146  -11.8338  -11.8005  -11.7587  -11.6975  -11.6190  -11.5187  -11.3983  -11.2558  -11.0991  -10.9294  -10.7600  -10.6095  -10.5060  -10.3512   -8.5415   -8.4474   -8.3272   -8.1950   -8.0667   -7.9546   -7.8816   -7.8199   -7.7388   -7.6620   -7.5986   -7.5582   -7.5290   -7.5045   -3.3839   -3.2997   -3.1763   -3.0158   -2.9828   -2.8969   -2.8592   -2.8481   -2.7853   -2.7733   -2.7237   -2.6544   -2.5948   -2.5585   -2.4935   -2.4627   -2.4068   -2.3137   -2.2510   -2.1540   -2.1028   -1.9195   -1.7813   -1.6487   -1.5538   -1.4547   -1.3293   -1.2963   -1.2275   -1.2046   -1.1102   -1.0759   -1.0302   -0.9920   -0.9769   -0.9411   -0.9049   -0.9012   -0.8720   -0.8573   -0.8322    0.1484    0.1810    1.0640    1.0889    1.2484    1.3395    1.4293    1.4839    1.5375    1.5603    1.6187    1.6911    1.7412    1.7739    1.8637    2.0055    2.6330    2.6941    2.9526    3.2647    3.4719    3.5730    3.5857    3.7445    3.9568    4.0777    4.0803    4.0821    4.2011    4.6583    4.9852    5.0277    5.5197    6.4131    7.3156    9.9740   11.5510
  0.4658  -22.8086  -22.7956  -22.7867  -22.7709  -22.7609  -22.7533  -22.7520  -22.7498  -22.7485  -22.7479  -22.7470  -22.7455  -22.7437  -22.7426  -22.7421  -22.7387  -22.7375  -22.7354  -22.7347  -22.7313  -22.7309  -22.7287  -22.7267  -22.7238  -22.7222  -22.7215  -22.7171  -22.7165  -22.7155  -22.7138  -22.7123  -22.7115  -22.7112  -22.7108  -22.7094  -22.7086  -22.7082  -22.7075  -22.7059  -22.7052  -22.7025  -22.7016  -22.7003  -22.6979  -22.6953  -22.6936  -22.6916  -22.6912  -22.6894  -22.6884  -22.6877  -22.6858  -22.6840  -22.6826  -22.6810  -22.6806  -22.6788  -22.6722  -22.6654  -22.6601  -22.6091  -22.5931  -22.5889  -22.5763  -22.5611  -22.5601  -22.5368  -22.5357  -22.5313  -22.5149  -11.9018  -11.8684  -11.8262  -11.7640  -11.6841  -11.5819  -11.4592  -11.3137  -11.1536  -10.9796  -10.8055  -10.6501  -10.5427  -10.3940   -8.5147   -8.4166   -8.2907   -8.1536   -8.0233   -7.9123   -7.8295   -7.7614   -7.6886   -7.6198   -7.5640   -7.5276   -7.4985   -7.4738   -3.3369   -3.2617   -3.1533   -3.0195   -2.9166   -2.8884   -2.8434   -2.7713   -2.6734   -2.6385   -2.6322   -2.5506   -2.5071   -2.4891   -2.4281   -2.3843   -2.3180   -2.2138   -2.1207   -1.9530   -1.9136   -1.8803   -1.7580   -1.6263   -1.5424   -1.4230   -1.2856   -1.2569   -1.2075   -1.1608   -1.0799   -0.9996   -0.9535   -0.9291   -0.9214   -0.8846   -0.8777   -0.8661   -0.8456   -0.8205   -0.7987    0.2535    0.3093    1.1790    1.1854    1.3545    1.4003    1.5030    1.5434    1.5889    1.6298    1.6431    1.7022    1.7242    1.7440    1.7771    2.2422    2.3198    2.3777    2.4689    2.5057    2.5532    2.7047    2.7067    2.7431    2.7534    2.7806    2.8502    2.9591    3.0259    3.0633    3.4353    3.5177    3.5662    4.1306    7.4891    9.6409   10.4631
  0.5046  -22.8091  -22.7964  -22.7863  -22.7704  -22.7610  -22.7538  -22.7518  -22.7499  -22.7487  -22.7484  -22.7470  -22.7458  -22.7431  -22.7426  -22.7426  -22.7391  -22.7378  -22.7362  -22.7345  -22.7317  -22.7305  -22.7287  -22.7269  -22.7239  -22.7224  -22.7222  -22.7176  -22.7167  -22.7150  -22.7136  -22.7123  -22.7114  -22.7108  -22.7107  -22.7090  -22.7083  -22.7078  -22.7074  -22.7060  -22.7056  -22.7026  -22.7011  -22.7004  -22.6975  -22.6960  -22.6937  -22.6917  -22.6912  -22.6898  -22.6887  -22.6879  -22.6860  -22.6837  -22.6824  -22.6808  -22.6807  -22.6792  -22.6726  -22.6658  -22.6603  -22.6101  -22.5926  -22.5881  -22.5776  -22.5605  -22.5602  -22.5372  -22.5352  -22.5314  -22.5151  -11.9614  -11.9280  -11.8854  -11.8225  -11.7415  -11.6378  -11.5132  -11.3654  -11.2025  -11.0252  -10.8475  -10.6884  -10.5779  -10.4340   -8.4908   -8.3896   -8.2593   -8.1188   -7.9877   -7.8769   -7.7861   -7.7125   -7.6455   -7.5853   -7.5372   -7.5027   -7.4747   -7.4499   -3.3020   -3.2400   -3.1523   -3.0487   -2.9577   -2.8830   -2.8004   -2.6877   -2.5532   -2.5067   -2.4862   -2.4552   -2.3879   -2.3547   -2.3292   -2.3211   -2.1432   -2.1217   -1.9123   -1.8579   -1.7419   -1.7294   -1.6558   -1.6050   -1.5172   -1.4023   -1.2622   -1.2275   -1.1857   -1.1272   -1.0632   -0.9804   -0.9238   -0.9098   -0.8862   -0.8658   -0.8616   -0.8426   -0.8224   -0.7259   -0.7041    0.3419    0.4172    1.2970    1.3021    1.4385    1.4690    1.5096    1.5724    1.6002    1.6120    1.6295    1.6497    1.6656    1.7036    1.7470    2.4464    2.4842    2.5126    2.5259    2.5541    2.5897    2.6960    2.7256    2.7927    2.8667    2.9868    3.0195    3.0256    3.0926    3.3678    3.4486    3.4645    3.4986    3.5016    3.9024    4.5753    8.9123
  0.5434  -22.8096  -22.7972  -22.7859  -22.7699  -22.7610  -22.7545  -22.7517  -22.7501  -22.7492  -22.7488  -22.7470  -22.7461  -22.7429  -22.7426  -22.7425  -22.7394  -22.7383  -22.7369  -22.7343  -22.7321  -22.7300  -22.7286  -22.7273  -22.7240  -22.7228  -22.7226  -22.7180  -22.7170  -22.7146  -22.7134  -22.7123  -22.7113  -22.7106  -22.7103  -22.7085  -22.7081  -22.7076  -22.7074  -22.7065  -22.7052  -22.7027  -22.7007  -22.7005  -22.6970  -22.6965  -22.6938  -22.6922  -22.6907  -22.6901  -22.6890  -22.6880  -22.6863  -22.6834  -22.6822  -22.6810  -22.6803  -22.6796  -22.6729  -22.6663  -22.6605  -22.6110  -22.5922  -22.5873  -22.5788  -22.5604  -22.5599  -22.5376  -22.5348  -22.5316  -22.5154  -12.0123  -11.9789  -11.9361  -11.8726  -11.7907  -11.6859  -11.5597  -11.4102  -11.2451  -11.0652  -10.8847  -10.7227  -10.6100  -10.4699   -8.4706   -8.3670   -8.2333   -8.0906   -7.9596   -7.8477   -7.7507   -7.6737   -7.6103   -7.5578   -7.5164   -7.4826   -7.4566   -7.4316   -3.2817   -3.2340   -3.1653   -3.0818   -3.0003   -2.9054   -2.7793   -2.6195   -2.4340   -2.3731   -2.3356   -2.3082   -2.2695   -2.2325   -2.2043   -2.1717   -2.0060   -1.9440   -1.7729   -1.7274   -1.6958   -1.5929   -1.4943   -1.4665   -1.4233   -1.3793   -1.2486   -1.2074   -1.1543   -1.1037   -1.0556   -0.9675   -0.9109   -0.8995   -0.8865   -0.8661   -0.8497   -0.8329   -0.7963   -0.6373   -0.5918    0.3948    0.4760    1.3875    1.3924    1.4275    1.4510    1.4648    1.4949    1.5175    1.5519    1.5628    1.5983    1.6463    1.7160    1.7429    2.2519    2.3117    2.3760    2.4743    2.4818    2.6198    2.6262    2.6942    2.7694    2.8683    2.9187    2.9692    3.1361    3.4136    3.5747    3.6972    3.7058    3.8693    4.2804    7.4890    9.2060   11.3656
  0.5822  -22.8100  -22.7979  -22.7856  -22.7695  -22.7611  -22.7551  -22.7518  -22.7504  -22.7497  -22.7489  -22.7471  -22.7466  -22.7430  -22.7424  -22.7420  -22.7398  -22.7389  -22.7372  -22.7341  -22.7326  -22.7296  -22.7285  -22.7277  -22.7242  -22.7233  -22.7227  -22.7182  -22.7172  -22.7144  -22.7134  -22.7123  -22.7111  -22.7104  -22.7099  -22.7082  -22.7078  -22.7078  -22.7073  -22.7065  -22.7049  -22.7028  -22.7006  -22.7004  -22.6970  -22.6966  -22.6939  -22.6926  -22.6904  -22.6903  -22.6892  -22.6881  -22.6864  -22.6833  -22.6819  -22.6811  -22.6800  -22.6799  -22.6732  -22.6666  -22.6606  -22.6118  -22.5919  -22.5866  -22.5799  -22.5604  -22.5595  -22.5379  -22.5343  -22.5317  -22.5156  -12.0544  -12.0209  -11.9779  -11.9140  -11.8314  -11.7257  -11.5984  -11.4474  -11.2807  -11.0989  -10.9162  -10.7522  -10.6376  -10.5006   -8.4543   -8.3488   -8.2127   -8.0688   -7.9381   -7.8244   -7.7228   -7.6441   -7.5834   -7.5367   -7.4999   -7.4667   -7.4434   -7.4179   -3.2737   -3.2387   -3.1837   -3.1115   -3.0360   -2.9322   -2.7783   -2.5779   -2.3429   -2.2250   -2.1792   -2.1577   -2.1226   -2.1116   -2.0625   -2.0026   -1.8456   -1.7720   -1.7367   -1.6275   -1.5835   -1.4965   -1.3880   -1.3779   -1.2997   -1.2318   -1.1841   -1.1653   -1.1075   -1.0809   -1.0438   -0.9560   -0.9076   -0.8986   -0.8812   -0.8698   -0.8444   -0.8287   -0.7642   -0.5702   -0.4908    0.3989    0.4642    1.2694    1.2843    1.3299    1.3429    1.3767    1.4304    1.4383    1.4925    1.5493    1.5518    1.6307    1.6523    1.7394    1.7892    2.0512    2.2215    2.3755    2.4589    2.4955    2.6934    3.0182    3.0197    3.1544    3.3645    3.4357    3.5235    3.6132    3.6648    3.8970    3.9461    4.3686    4.4883    5.8904    6.1830   11.3459
  0.6210  -22.8103  -22.7985  -22.7853  -22.7692  -22.7612  -22.7557  -22.7521  -22.7506  -22.7502  -22.7488  -22.7471  -22.7470  -22.7430  -22.7422  -22.7415  -22.7402  -22.7395  -22.7374  -22.7339  -22.7330  -22.7292  -22.7283  -22.7280  -22.7245  -22.7237  -22.7227  -22.7182  -22.7174  -22.7142  -22.7133  -22.7122  -22.7111  -22.7103  -22.7095  -22.7082  -22.7079  -22.7076  -22.7071  -22.7063  -22.7046  -22.7028  -22.7007  -22.7001  -22.6973  -22.6963  -22.6940  -22.6929  -22.6906  -22.6900  -22.6894  -22.6883  -22.6866  -22.6832  -22.6817  -22.6812  -22.6801  -22.6798  -22.6734  -22.6669  -22.6607  -22.6124  -22.5916  -22.5861  -22.5808  -22.5605  -22.5592  -22.5381  -22.5340  -22.5319  -22.5157  -12.0872  -12.0538  -12.0107  -11.9465  -11.8633  -11.7569  -11.6288  -11.4768  -11.3088  -11.1256  -10.9414  -10.7758  -10.6600  -10.5251   -8.4418   -8.3351   -8.1972   -8.0527   -7.9223   -7.8067   -7.7018   -7.6226   -7.5647   -7.5215   -7.4869   -7.4547   -7.4340   -7.4079   -3.2736   -3.2480   -3.2016   -3.1355   -3.0640   -2.9562   -2.7855   -2.5570   -2.2838   -2.0724   -2.0280   -2.0230   -1.9904   -1.9649   -1.9318   -1.8234   -1.7332   -1.6733   -1.6387   -1.5742   -1.4785   -1.4206   -1.2995   -1.2690   -1.2574   -1.2076   -1.1023   -1.0733   -1.0531   -1.0171   -0.9353   -0.9193   -0.9120   -0.8961   -0.8722   -0.8460   -0.8371   -0.8044   -0.7175   -0.5145   -0.4105    0.3540    0.3898    1.1000    1.1143    1.1675    1.1878    1.2386    1.2935    1.3065    1.3973    1.4378    1.4638    1.5075    1.5994    1.6714    1.8081    1.8963    2.0676    3.0081    3.1613    3.1801    3.2945    3.8449    4.0036    4.0044    4.3371    4.5397    4.7326    4.8164    5.1329    6.6377    7.3786    8.7462   11.3243   11.8510   12.6324   13.3236
  0.6598  -22.8106  -22.7989  -22.7852  -22.7690  -22.7612  -22.7561  -22.7523  -22.7509  -22.7505  -22.7487  -22.7474  -22.7471  -22.7430  -22.7420  -22.7412  -22.7405  -22.7399  -22.7374  -22.7339  -22.7332  -22.7289  -22.7285  -22.7279  -22.7247  -22.7240  -22.7226  -22.7181  -22.7175  -22.7141  -22.7133  -22.7122  -22.7110  -22.7101  -22.7092  -22.7085  -22.7078  -22.7075  -22.7070  -22.7061  -22.7044  -22.7029  -22.7008  -22.6999  -22.6976  -22.6960  -22.6941  -22.6931  -22.6908  -22.6898  -22.6895  -22.6884  -22.6867  -22.6831  -22.6815  -22.6812  -22.6803  -22.6795  -22.6735  -22.6671  -22.6608  -22.6129  -22.5914  -22.5856  -22.5814  -22.5606  -22.5589  -22.5383  -22.5337  -22.5320  -22.5158  -12.1108  -12.0774  -12.0342  -11.9698  -11.8863  -11.7794  -11.6507  -11.4979  -11.3291  -11.1450  -10.9597  -10.7931  -10.6764  -10.5431   -8.4331   -8.3255   -8.1865   -8.0418   -7.9115   -7.7943   -7.6872   -7.6080   -7.5529   -7.5114   -7.4772   -7.4463   -7.4279   -7.4010   -3.2770   -3.2574   -3.2159   -3.1529   -3.0841   -2.9744   -2.7939   -2.5479   -2.2492   -1.9368   -1.9140   -1.9062   -1.8824   -1.8486   -1.7726   -1.7324   -1.6528   -1.6138   -1.5223   -1.4952   -1.4388   -1.3301   -1.2854   -1.2302   -1.1742   -1.1323   -1.0970   -1.0543   -1.0158   -0.9401   -0.9199   -0.9100   -0.8952   -0.8851   -0.8611   -0.8253   -0.7430   -0.6534   -0.6086   -0.4582   -0.3487    0.2749    0.2873    0.9468    0.9670    1.0050    1.0539    1.0601    1.1377    1.1757    1.2357    1.2946    1.3109    1.3846    1.4449    1.7235    1.8365    1.8697    2.3609    2.4686    2.4851    2.7431    3.0624    3.2497    3.2700    3.4421    3.5042    3.5729    3.5740    3.5921    3.8260    4.0640    4.2224    4.2667    5.8944    5.9607    6.3766    9.4450
  0.6986  -22.8108  -22.7991  -22.7850  -22.7689  -22.7612  -22.7564  -22.7525  -22.7511  -22.7507  -22.7485  -22.7477  -22.7472  -22.7429  -22.7419  -22.7410  -22.7407  -22.7402  -22.7373  -22.7340  -22.7332  -22.7287  -22.7287  -22.7278  -22.7249  -22.7241  -22.7226  -22.7181  -22.7176  -22.7141  -22.7133  -22.7121  -22.7110  -22.7100  -22.7090  -22.7087  -22.7078  -22.7074  -22.7069  -22.7060  -22.7042  -22.7029  -22.7009  -22.6997  -22.6978  -22.6959  -22.6942  -22.6933  -22.6909  -22.6896  -22.6896  -22.6884  -22.6868  -22.6831  -22.6814  -22.6813  -22.6804  -22.6794  -22.6737  -22.6672  -22.6608  -22.6132  -22.5913  -22.5853  -22.5819  -22.5606  -22.5587  -22.5384  -22.5335  -22.5321  -22.5159  -12.1250  -12.0916  -12.0483  -11.9838  -11.9001  -11.7929  -11.6639  -11.5107  -11.3414  -11.1567  -10.9709  -10.8036  -10.6864  -10.5540   -8.4280   -8.3199   -8.1803   -8.0355   -7.9053   -7.7869   -7.6787   -7.5995   -7.5465   -7.5056   -7.4714   -7.4414   -7.4243   -7.3969   -3.2805   -3.2639   -3.2249   -3.1634   -3.0962   -2.9857   -2.8001   -2.5447   -2.2318   -1.8692   -1.8391   -1.8219   -1.7949   -1.7421   -1.7270   -1.6356   -1.6337   -1.5150   -1.4771   -1.4601   -1.3709   -1.3077   -1.2531   -1.2009   -1.1620   -1.1056   -1.0366   -1.0183   -1.0152   -0.9241   -0.9162   -0.8984   -0.8938   -0.8752   -0.8671   -0.8000   -0.6287   -0.5772   -0.4616   -0.3624   -0.2967    0.1772    0.2069    0.8388    0.8628    0.8823    0.9133    0.9593    1.0197    1.0809    1.1019    1.1858    1.1878    1.2808    1.3269    1.7671    1.8266    1.8913    2.7497    2.7514    2.7577    2.9089    3.0203    3.0246    3.0579    3.2189    3.5739    3.6460    3.8072    3.8710    4.3244    4.5079    5.1621    5.4572    6.6150    8.0578    8.5026    8.5202
  0.7375  -22.8108  -22.7992  -22.7850  -22.7688  -22.7612  -22.7565  -22.7525  -22.7512  -22.7508  -22.7484  -22.7479  -22.7472  -22.7429  -22.7419  -22.7410  -22.7408  -22.7404  -22.7373  -22.7341  -22.7332  -22.7287  -22.7286  -22.7278  -22.7250  -22.7242  -22.7226  -22.7180  -22.7177  -22.7141  -22.7132  -22.7121  -22.7110  -22.7100  -22.7089  -22.7088  -22.7078  -22.7073  -22.7069  -22.7060  -22.7042  -22.7030  -22.7009  -22.6997  -22.6978  -22.6958  -22.6942  -22.6933  -22.6910  -22.6897  -22.6896  -22.6884  -22.6868  -22.6830  -22.6814  -22.6813  -22.6804  -22.6794  -22.6737  -22.6673  -22.6608  -22.6133  -22.5912  -22.5852  -22.5820  -22.5606  -22.5587  -22.5384  -22.5334  -22.5321  -22.5159  -12.1298  -12.0964  -12.0530  -11.9885  -11.9047  -11.7974  -11.6683  -11.5150  -11.3456  -11.1606  -10.9746  -10.8071  -10.6897  -10.5577   -8.4263   -8.3180   -8.1782   -8.0334   -7.9032   -7.7845   -7.6759   -7.5967   -7.5445   -7.5037   -7.4694   -7.4397   -7.4232   -7.3955   -3.2819   -3.2662   -3.2280   -3.1670   -3.1003   -2.9896   -2.8023   -2.5440   -2.2265   -1.8569   -1.8027   -1.7859   -1.7623   -1.7374   -1.6668   -1.6587   -1.5736   -1.5021   -1.4550   -1.4489   -1.3232   -1.3146   -1.2624   -1.1733   -1.1503   -1.1067   -1.0459   -1.0080   -0.9724   -0.9262   -0.9159   -0.9022   -0.8972   -0.8739   -0.8611   -0.7817   -0.5940   -0.5380   -0.4303   -0.3002   -0.2525    0.1233    0.1742    0.7994    0.8183    0.8331    0.8635    0.9248    0.9752    1.0463    1.0492    1.1395    1.1482    1.2397    1.2825    1.8231    1.8320    2.4770    2.4918    2.6683    3.1851    3.3276    3.4988    3.6319    3.6458    4.0001    4.1490    4.2475    4.3589    4.4176    4.7248    4.7538    6.0591    7.1440    8.4946    9.3492    9.5787   10.5378
  0.7375  -22.8108  -22.7992  -22.7850  -22.7688  -22.7612  -22.7565  -22.7525  -22.7512  -22.7508  -22.7484  -22.7479  -22.7472  -22.7429  -22.7419  -22.7410  -22.7408  -22.7404  -22.7373  -22.7341  -22.7332  -22.7287  -22.7286  -22.7278  -22.7250  -22.7242  -22.7226  -22.7180  -22.7177  -22.7141  -22.7132  -22.7121  -22.7110  -22.7100  -22.7089  -22.7088  -22.7078  -22.7073  -22.7069  -22.7060  -22.7042  -22.7030  -22.7009  -22.6997  -22.6978  -22.6958  -22.6942  -22.6933  -22.6910  -22.6897  -22.6896  -22.6884  -22.6868  -22.6830  -22.6814  -22.6813  -22.6804  -22.6794  -22.6737  -22.6673  -22.6608  -22.6133  -22.5912  -22.5852  -22.5820  -22.5606  -22.5587  -22.5384  -22.5334  -22.5321  -22.5159  -12.1298  -12.0964  -12.0530  -11.9885  -11.9047  -11.7974  -11.6683  -11.5150  -11.3456  -11.1606  -10.9746  -10.8071  -10.6897  -10.5577   -8.4263   -8.3180   -8.1782   -8.0334   -7.9032   -7.7845   -7.6759   -7.5967   -7.5445   -7.5037   -7.4694   -7.4397   -7.4232   -7.3955   -3.2819   -3.2662   -3.2280   -3.1670   -3.1003   -2.9896   -2.8023   -2.5440   -2.2265   -1.8569   -1.8027   -1.7859   -1.7623   -1.7374   -1.6668   -1.6587   -1.5736   -1.5021   -1.4550   -1.4489   -1.3232   -1.3146   -1.2624   -1.1733   -1.1503   -1.1067   -1.0459   -1.0080   -0.9724   -0.9262   -0.9159   -0.9022   -0.8972   -0.8739   -0.8611   -0.7817   -0.5940   -0.5380   -0.4303   -0.3002   -0.2525    0.1233    0.1742    0.7994    0.8183    0.8331    0.8635    0.9248    0.9752    1.0463    1.0492    1.1395    1.1482    1.2397    1.2825    1.8231    1.8320    2.4770    2.4918    2.6683    3.1851    3.3276    3.4988    3.6319    3.6458    4.0001    4.1490    4.2475    4.3589    4.4176    4.7248    4.7538    6.0591    7.1440    8.4946    9.3492    9.5787   10.5378
  0.7763  -22.8108  -22.7991  -22.7850  -22.7689  -22.7612  -22.7564  -22.7525  -22.7511  -22.7507  -22.7485  -22.7477  -22.7472  -22.7429  -22.7419  -22.7410  -22.7407  -22.7402  -22.7373  -22.7340  -22.7332  -22.7287  -22.7287  -22.7278  -22.7249  -22.7241  -22.7226  -22.7181  -22.7176  -22.7141  -22.7133  -22.7121  -22.7110  -22.7100  -22.7090  -22.7087  -22.7078  -22.7074  -22.7069  -22.7060  -22.7042  -22.7029  -22.7009  -22.6997  -22.6978  -22.6959  -22.6942  -22.6933  -22.6909  -22.6896  -22.6896  -22.6884  -22.6868  -22.6831  -22.6814  -22.6813  -22.6804  -22.6794  -22.6737  -22.6672  -22.6608  -22.6132  -22.5913  -22.5853  -22.5819  -22.5606  -22.5587  -22.5384  -22.5335  -22.5321  -22.5159  -12.1250  -12.0916  -12.0483  -11.9838  -11.9001  -11.7929  -11.6639  -11.5107  -11.3414  -11.1567  -10.9709  -10.8036  -10.6864  -10.5540   -8.4280   -8.3199   -8.1803   -8.0355   -7.9053   -7.7869   -7.6787   -7.5995   -7.5465   -7.5056   -7.4714   -7.4414   -7.4243   -7.3969   -3.2805   -3.2639   -3.2249   -3.1634   -3.0962   -2.9857   -2.8001   -2.5447   -2.2318   -1.8692   -1.8391   -1.8219   -1.7949   -1.7421   -1.7270   -1.6356   -1.6337   -1.5150   -1.4771   -1.4601   -1.3709   -1.3077   -1.2531   -1.2009   -1.1620   -1.1056   -1.0366   -1.0183   -1.0152   -0.9241   -0.9162   -0.8984   -0.8938   -0.8752   -0.8671   -0.8000   -0.6287   -0.5772   -0.4616   -0.3624   -0.2967    0.1772    0.2069    0.8388    0.8628    0.8823    0.9133    0.9593    1.0197    1.0809    1.1019    1.1858    1.1878    1.2808    1.3269    1.8283    2.2240    2.6288    2.7147    2.8361    2.9206    2.9939    3.1690    3.2899    3.3245    3.3369    3.3886    3.5005    3.5461    3.8173    4.0593    4.0908    4.2141    5.1335    5.8448    6.0316    6.1332    7.3426
  0.8151  -22.8106  -22.7989  -22.7852  -22.7690  -22.7612  -22.7561  -22.7523  -22.7509  -22.7505  -22.7487  -22.7474  -22.7471  -22.7430  -22.7420  -22.7412  -22.7405  -22.7399  -22.7374  -22.7339  -22.7332  -22.7289  -22.7285  -22.7279  -22.7247  -22.7240  -22.7226  -22.7181  -22.7175  -22.7141  -22.7133  -22.7122  -22.7110  -22.7101  -22.7092  -22.7085  -22.7078  -22.7075  -22.7070  -22.7061  -22.7044  -22.7029  -22.7008  -22.6999  -22.6976  -22.6960  -22.6941  -22.6931  -22.6908  -22.6898  -22.6895  -22.6884  -22.6867  -22.6831  -22.6815  -22.6812  -22.6803  -22.6795  -22.6735  -22.6671  -22.6608  -22.6129  -22.5914  -22.5856  -22.5814  -22.5606  -22.5589  -22.5383  -22.5337  -22.5320  -22.5158  -12.1108  -12.0774  -12.0342  -11.9698  -11.8863  -11.7794  -11.6507  -11.4979  -11.3291  -11.1450  -10.9597  -10.7931  -10.6764  -10.5431   -8.4331   -8.3255   -8.1865   -8.0418   -7.9115   -7.7943   -7.6872   -7.6080   -7.5529   -7.5114   -7.4772   -7.4463   -7.4279   -7.4010   -3.2770   -3.2574   -3.2159   -3.1529   -3.0841   -2.9744   -2.7939   -2.5479   -2.2492   -1.9368   -1.9140   -1.9062   -1.8824   -1.8486   -1.7726   -1.7324   -1.6528   -1.6138   -1.5223   -1.4952   -1.4388   -1.3301   -1.2854   -1.2302   -1.1742   -1.1323   -1.0970   -1.0543   -1.0158   -0.9401   -0.9199   -0.9100   -0.8952   -0.8851   -0.8611   -0.8253   -0.7430   -0.6534   -0.6086   -0.4582   -0.3487    0.2749    0.2873    0.9468    0.9670    1.0050    1.0539    1.0601    1.1377    1.1757    1.2357    1.2946    1.3109    1.3846    1.4449    1.7414    2.0498    2.0598    3.1217    3.1268    3.2366    3.2580    3.3305    3.4197    3.5300    3.6517    3.8808    3.9812    4.0069    4.0460    4.0661    4.0666    4.2058    4.3227    4.4008    6.6142    9.1279    9.6858
  0.8539  -22.8103  -22.7985  -22.7853  -22.7692  -22.7612  -22.7557  -22.7521  -22.7506  -22.7502  -22.7488  -22.7471  -22.7470  -22.7430  -22.7422  -22.7415  -22.7402  -22.7395  -22.7374  -22.7339  -22.7330  -22.7292  -22.7283  -22.7280  -22.7245  -22.7237  -22.7227  -22.7182  -22.7174  -22.7142  -22.7133  -22.7122  -22.7111  -22.7103  -22.7095  -22.7082  -22.7079  -22.7076  -22.7071  -22.7063  -22.7046  -22.7028  -22.7007  -22.7001  -22.6973  -22.6963  -22.6940  -22.6929  -22.6906  -22.6900  -22.6894  -22.6883  -22.6866  -22.6832  -22.6817  -22.6812  -22.6801  -22.6798  -22.6734  -22.6669  -22.6607  -22.6124  -22.5916  -22.5861  -22.5808  -22.5605  -22.5592  -22.5381  -22.5340  -22.5319  -22.5157  -12.0872  -12.0538  -12.0107  -11.9465  -11.8633  -11.7569  -11.6288  -11.4768  -11.3088  -11.1256  -10.9414  -10.7758  -10.6600  -10.5251   -8.4418   -8.3351   -8.1972   -8.0527   -7.9223   -7.8067   -7.7018   -7.6226   -7.5647   -7.5215   -7.4869   -7.4547   -7.4340   -7.4079   -3.2736   -3.2480   -3.2016   -3.1355   -3.0640   -2.9562   -2.7855   -2.5570   -2.2838   -2.0724   -2.0280   -2.0230   -1.9904   -1.9649   -1.9318   -1.8234   -1.7332   -1.6733   -1.6387   -1.5742   -1.4785   -1.4206   -1.2995   -1.2690   -1.2574   -1.2076   -1.1023   -1.0733   -1.0531   -1.0171   -0.9353   -0.9193   -0.9120   -0.8961   -0.8722   -0.8460   -0.8371   -0.8044   -0.7175   -0.5145   -0.4105    0.3540    0.3898    1.1000    1.1143    1.1675    1.1878    1.2386    1.2935    1.3065    1.3973    1.4379    1.4643    1.6122    1.6485    2.4598    2.7268    3.4055    3.4202    3.4346    3.6024    3.6706    3.7511    3.7845    3.8007    3.8015    3.9142    4.0508    4.0790    4.1886    4.2031    4.2051    4.2272    4.2604    5.1018    7.1911    7.4316    8.5751
  0.8927  -22.8100  -22.7979  -22.7856  -22.7695  -22.7611  -22.7551  -22.7518  -22.7504  -22.7497  -22.7489  -22.7471  -22.7466  -22.7430  -22.7424  -22.7420  -22.7398  -22.7389  -22.7372  -22.7341  -22.7326  -22.7296  -22.7285  -22.7277  -22.7242  -22.7233  -22.7227  -22.7182  -22.7172  -22.7144  -22.7134  -22.7123  -22.7111  -22.7104  -22.7099  -22.7082  -22.7078  -22.7078  -22.7073  -22.7065  -22.7049  -22.7028  -22.7006  -22.7004  -22.6970  -22.6966  -22.6939  -22.6926  -22.6904  -22.6903  -22.6892  -22.6881  -22.6864  -22.6833  -22.6819  -22.6811  -22.6800  -22.6799  -22.6732  -22.6666  -22.6606  -22.6118  -22.5919  -22.5866  -22.5799  -22.5604  -22.5595  -22.5379  -22.5343  -22.5317  -22.5156  -12.0544  -12.0209  -11.9779  -11.9140  -11.8314  -11.7257  -11.5984  -11.4474  -11.2807  -11.0989  -10.9162  -10.7522  -10.6376  -10.5006   -8.4543   -8.3488   -8.2127   -8.0688   -7.9381   -7.8244   -7.7228   -7.6441   -7.5834   -7.5367   -7.4999   -7.4667   -7.4434   -7.4179   -3.2737   -3.2387   -3.1837   -3.1115   -3.0360   -2.9322   -2.7783   -2.5779   -2.3429   -2.2250   -2.1792   -2.1577   -2.1226   -2.1116   -2.0625   -2.0026   -1.8456   -1.7720   -1.7367   -1.6275   -1.5835   -1.4965   -1.3880   -1.3779   -1.2997   -1.2318   -1.1841   -1.1653   -1.1075   -1.0809   -1.0438   -0.9560   -0.9076   -0.8986   -0.8812   -0.8698   -0.8444   -0.8287   -0.7642   -0.5702   -0.4908    0.3989    0.4642    1.2694    1.2843    1.3295    1.3429    1.3767    1.4304    1.4475    1.5497    1.6559    1.7673    1.9637    1.9677    2.2278    2.5476    2.7048    2.7615    2.7750    3.1077    3.2134    3.2857    3.3133    3.3974    3.4271    3.4578    3.5937    3.6992    3.7974    3.8903    4.3304    4.4239    4.9821    5.3746    8.0079    8.4428    9.7581
  0.9315  -22.8096  -22.7972  -22.7859  -22.7699  -22.7610  -22.7545  -22.7517  -22.7501  -22.7492  -22.7488  -22.7470  -22.7461  -22.7429  -22.7426  -22.7425  -22.7394  -22.7383  -22.7369  -22.7343  -22.7321  -22.7300  -22.7286  -22.7273  -22.7240  -22.7228  -22.7226  -22.7180  -22.7170  -22.7146  -22.7134  -22.7123  -22.7113  -22.7106  -22.7103  -22.7085  -22.7081  -22.7076  -22.7074  -22.7065  -22.7052  -22.7027  -22.7007  -22.7005  -22.6970  -22.6965  -22.6938  -22.6922  -22.6907  -22.6901  -22.6890  -22.6880  -22.6863  -22.6834  -22.6822  -22.6810  -22.6803  -22.6796  -22.6729  -22.6663  -22.6605  -22.6110  -22.5922  -22.5873  -22.5788  -22.5604  -22.5599  -22.5376  -22.5348  -22.5316  -22.5154  -12.0123  -11.9789  -11.9361  -11.8726  -11.7907  -11.6859  -11.5597  -11.4102  -11.2451  -11.0652  -10.8847  -10.7227  -10.6100  -10.4699   -8.4706   -8.3670   -8.2333   -8.0906   -7.9596   -7.8477   -7.7507   -7.6737   -7.6103   -7.5578   -7.5164   -7.4826   -7.4566   -7.4316   -3.2817   -3.2340   -3.1653   -3.0818   -3.0003   -2.9054   -2.7793   -2.6195   -2.4340   -2.3731   -2.3356   -2.3082   -2.2695   -2.2325   -2.2043   -2.1717   -2.0060   -1.9440   -1.7729   -1.7274   -1.6958   -1.5929   -1.4943   -1.4665   -1.4233   -1.3793   -1.2486   -1.2074   -1.1543   -1.1037   -1.0556   -0.9675   -0.9109   -0.8995   -0.8865   -0.8661   -0.8497   -0.8329   -0.7963   -0.6373   -0.5918    0.3948    0.4760    1.3875    1.3925    1.4276    1.4661    1.4771    1.4987    1.5371    1.7006    1.7520    1.8195    1.9275    2.3123    2.5539    2.6815    2.8016    2.8512    2.9154    2.9311    3.0163    3.2452    3.2888    3.3925    3.4289    3.5652    3.6434    3.6596    3.7043    3.7921    3.8223    3.9626    4.7054    5.7888    5.9956    6.6743    8.4603
  0.9703  -22.8091  -22.7964  -22.7863  -22.7704  -22.7610  -22.7538  -22.7518  -22.7499  -22.7487  -22.7484  -22.7470  -22.7458  -22.7431  -22.7426  -22.7426  -22.7391  -22.7378  -22.7362  -22.7345  -22.7317  -22.7305  -22.7287  -22.7269  -22.7239  -22.7224  -22.7222  -22.7176  -22.7167  -22.7150  -22.7136  -22.7123  -22.7114  -22.7108  -22.7107  -22.7090  -22.7083  -22.7078  -22.7074  -22.7060  -22.7056  -22.7026  -22.7011  -22.7004  -22.6975  -22.6960  -22.6937  -22.6917  -22.6912  -22.6898  -22.6887  -22.6879  -22.6860  -22.6837  -22.6824  -22.6808  -22.6807  -22.6792  -22.6726  -22.6658  -22.6603  -22.6101  -22.5926  -22.5881  -22.5776  -22.5605  -22.5602  -22.5372  -22.5352  -22.5314  -22.5151  -11.9614  -11.9280  -11.8854  -11.8225  -11.7415  -11.6378  -11.5132  -11.3654  -11.2025  -11.0252  -10.8475  -10.6884  -10.5779  -10.4340   -8.4908   -8.3896   -8.2593   -8.1188   -7.9877   -7.8769   -7.7861   -7.7125   -7.6455   -7.5853   -7.5372   -7.5027   -7.4747   -7.4499   -3.3020   -3.2400   -3.1523   -3.0487   -2.9577   -2.8830   -2.8004   -2.6877   -2.5532   -2.5067   -2.4862   -2.4552   -2.3879   -2.3547   -2.3292   -2.3211   -2.1432   -2.1217   -1.9123   -1.8579   -1.7419   -1.7294   -1.6558   -1.6050   -1.5172   -1.4023   -1.2622   -1.2275   -1.1857   -1.1272   -1.0632   -0.9804   -0.9238   -0.9098   -0.8862   -0.8658   -0.8616   -0.8426   -0.8224   -0.7259   -0.7041    0.3419    0.4172    1.2975    1.3026    1.6155    1.6538    2.0061    2.1034    2.3383    2.7112    2.9804    3.0135    3.0370    3.1813    3.2963    3.3445    3.6120    3.7049    3.7054    3.8078    4.2368    4.2479    4.2540    4.2836    4.3752    4.3817    5.1366    5.1616    5.5133    6.1827    6.7224    7.0453    8.8177    9.8875   12.4798   12.5244   12.9618
  1.0092  -22.8086  -22.7956  -22.7867  -22.7709  -22.7609  -22.7533  -22.7520  -22.7498  -22.7485  -22.7479  -22.7470  -22.7455  -22.7437  -22.7426  -22.7421  -22.7387  -22.7375  -22.7354  -22.7347  -22.7313  -22.7309  -22.7287  -22.7267  -22.7238  -22.7222  -22.7215  -22.7171  -22.7165  -22.7155  -22.7138  -22.7123  -22.7115  -22.7112  -22.7108  -22.7094  -22.7086  -22.7082  -22.7075  -22.7059  -22.7052  -22.7025  -22.7016  -22.7003  -22.6979  -22.6953  -22.6936  -22.6916  -22.6912  -22.6894  -22.6884  -22.6877  -22.6858  -22.6840  -22.6826  -22.6810  -22.6806  -22.6788  -22.6722  -22.6654  -22.6601  -22.6091  -22.5931  -22.5889  -22.5763  -22.5611  -22.5601  -22.5368  -22.5357  -22.5313  -22.5149  -11.9018  -11.8684  -11.8262  -11.7640  -11.6841  -11.5819  -11.4592  -11.3137  -11.1536  -10.9796  -10.8055  -10.6501  -10.5427  -10.3940   -8.5147   -8.4166   -8.2907   -8.1536   -8.0233   -7.9123   -7.8295   -7.7614   -7.6886   -7.6198   -7.5640   -7.5276   -7.4985   -7.4738   -3.3369   -3.2617   -3.1533   -3.0195   -2.9166   -2.8884   -2.8434   -2.7713   -2.6734   -2.6385   -2.6322   -2.5506   -2.5071   -2.4891   -2.4281   -2.3843   -2.3180   -2.2138   -2.1207   -1.9530   -1.9136   -1.8803   -1.7580   -1.6263   -1.5424   -1.4230   -1.2856   -1.2569   -1.2075   -1.1608   -1.0799   -0.9996   -0.9535   -0.9291   -0.9214   -0.8846   -0.8777   -0.8661   -0.8456   -0.8205   -0.7987    0.2535    0.3093    1.1790    1.1856    1.6636    1.9820    2.0054    2.3358    2.4741    2.6203    2.6326    2.8138    2.8644    3.3975    3.8206    4.0332    4.1191    4.1656    4.2058    4.2415    4.2737    4.4242    4.4267    4.4329    5.0258    5.1302    5.2030    5.2645    6.3215    6.5153    7.4764    9.0500    9.4076   11.5597   12.4158   12.9749   13.8742
  1.0480  -22.8080  -22.7947  -22.7871  -22.7715  -22.7608  -22.7529  -22.7524  -22.7497  -22.7484  -22.7476  -22.7469  -22.7454  -22.7444  -22.7422  -22.7414  -22.7384  -22.7372  -22.7349  -22.7343  -22.7312  -22.7311  -22.7284  -22.7267  -22.7236  -22.7219  -22.7208  -22.7163  -22.7162  -22.7161  -22.7142  -22.7122  -22.7117  -22.7115  -22.7109  -22.7099  -22.7089  -22.7087  -22.7077  -22.7062  -22.7043  -22.7024  -22.7020  -22.7002  -22.6984  -22.6947  -22.6935  -22.6921  -22.6906  -22.6890  -22.6881  -22.6876  -22.6855  -22.6844  -22.6829  -22.6813  -22.6804  -22.6784  -22.6718  -22.6648  -22.6600  -22.6080  -22.5936  -22.5898  -22.5749  -22.5617  -22.5599  -22.5364  -22.5363  -22.5311  -22.5146  -11.8338  -11.8005  -11.7587  -11.6975  -11.6190  -11.5187  -11.3983  -11.2558  -11.0991  -10.9294  -10.7600  -10.6095  -10.5060  -10.3512   -8.5415   -8.4474   -8.3272   -8.1950   -8.0667   -7.9546   -7.8816   -7.8199   -7.7388   -7.6620   -7.5986   -7.5582   -7.5290   -7.5045   -3.3839   -3.2997   -3.1763   -3.0158   -2.9828   -2.8969   -2.8592   -2.8481   -2.7853   -2.7733   -2.7237   -2.6544   -2.5948   -2.5585   -2.4935   -2.4627   -2.4068   -2.3137   -2.2510   -2.1540   -2.1028   -1.9195   -1.7813   -1.6487   -1.5538   -1.4547   -1.3293   -1.2963   -1.2275   -1.2046   -1.1102   -1.0759   -1.0302   -0.9920   -0.9769   -0.9411   -0.9049   -0.9012   -0.8720   -0.8573   -0.8322    0.1484    0.1810    1.0641    1.0893    1.2495    1.4302    1.6190    1.9958    2.0227    2.5300    2.7558    2.7989    3.3959    3.5875    3.8645    3.9720    4.1619    4.1982    4.3590    4.3991    4.4233    4.5102    4.5537    4.5947    4.6030    4.6369    4.7074    5.3903    6.2291    6.7689    7.5753    8.4979    9.8447   11.8565   12.6894   13.3874   14.7343
  1.0868  -22.8075  -22.7937  -22.7875  -22.7720  -22.7608  -22.7529  -22.7526  -22.7496  -22.7485  -22.7473  -22.7470  -22.7454  -22.7451  -22.7416  -22.7406  -22.7380  -22.7372  -22.7346  -22.7337  -22.7311  -22.7311  -22.7280  -22.7269  -22.7235  -22.7215  -22.7200  -22.7166  -22.7160  -22.7154  -22.7147  -22.7121  -22.7118  -22.7116  -22.7111  -22.7103  -22.7093  -22.7091  -22.7079  -22.7064  -22.7034  -22.7025  -22.7023  -22.7001  -22.6988  -22.6940  -22.6936  -22.6924  -22.6900  -22.6885  -22.6877  -22.6875  -22.6852  -22.6847  -22.6832  -22.6815  -22.6802  -22.6779  -22.6713  -22.6642  -22.6597  -22.6069  -22.5941  -22.5908  -22.5735  -22.5624  -22.5598  -22.5368  -22.5359  -22.5310  -22.5143  -11.7579  -11.7247  -11.6835  -11.6235  -11.5467  -11.4488  -11.3312  -11.1924  -11.0402  -10.8758  -10.7125  -10.5684  -10.4697  -10.3076   -8.5698   -8.4808   -8.3676   -8.2419   -8.1176   -8.0045   -7.9439   -7.8854   -7.7957   -7.7123   -7.6423   -7.5960   -7.5665   -7.5430   -3.4362   -3.3481   -3.2210   -3.0907   -3.0469   -2.9754   -2.9415   -2.9134   -2.8975   -2.8059   -2.7772   -2.7290   -2.6598   -2.5871   -2.5628   -2.5011   -2.4406   -2.3982   -2.3599   -2.2909   -2.2208   -1.9123   -1.8124   -1.6798   -1.5559   -1.5001   -1.3960   -1.3511   -1.2603   -1.2527   -1.2491   -1.1576   -1.1195   -1.0858   -1.0458   -0.9895   -0.9442   -0.9347   -0.9123   -0.8722   -0.8412    0.0446    0.0544    0.9754    1.0126    1.1699    1.2627    1.3963    1.4278    1.4852    1.5932    1.7160    2.1228    2.6959    3.2558    3.4954    3.5736    3.6084    3.6177    3.6852    3.8804    4.0011    4.0511    4.2133    4.2771    4.3167    4.3180    4.4248    4.4300    4.4697    5.0070    5.3560    5.4271    6.2153    7.5965    9.3899   10.4579   10.8692
  1.1256  -22.8069  -22.7928  -22.7879  -22.7726  -22.7607  -22.7533  -22.7527  -22.7497  -22.7487  -22.7471  -22.7471  -22.7457  -22.7455  -22.7408  -22.7399  -22.7378  -22.7370  -22.7342  -22.7332  -22.7312  -22.7305  -22.7275  -22.7271  -22.7235  -22.7210  -22.7192  -22.7172  -22.7158  -22.7151  -22.7144  -22.7122  -22.7119  -22.7114  -22.7114  -22.7104  -22.7098  -22.7093  -22.7081  -22.7065  -22.7030  -22.7025  -22.7021  -22.7002  -22.6991  -22.6937  -22.6932  -22.6926  -22.6893  -22.6881  -22.6875  -22.6874  -22.6851  -22.6849  -22.6834  -22.6817  -22.6800  -22.6775  -22.6709  -22.6636  -22.6595  -22.6058  -22.5946  -22.5917  -22.5720  -22.5630  -22.5596  -22.5374  -22.5354  -22.5309  -22.5139  -11.6746  -11.6416  -11.6011  -11.5426  -11.4681  -11.3730  -11.2590  -11.1248  -10.9782  -10.8206  -10.6651  -10.5291  -10.4365  -10.2656   -8.5977   -8.5147   -8.4101   -8.2929   -8.1748   -8.0626   -8.0174   -7.9545   -7.8589   -7.7708   -7.6953   -7.6426   -7.6116   -7.5903   -3.4851   -3.3981   -3.2785   -3.1793   -3.1121   -3.0553   -3.0294   -3.0090   -3.0010   -2.9267   -2.8172   -2.7063   -2.6924   -2.6513   -2.5724   -2.5137   -2.5068   -2.4634   -2.3984   -2.3619   -2.1902   -1.9011   -1.8429   -1.7236   -1.5672   -1.5498   -1.4796   -1.4439   -1.4186   -1.3296   -1.3147   -1.2488   -1.2117   -1.1823   -1.1148   -1.0501   -1.0029   -0.9816   -0.9558   -0.8900   -0.8538   -0.0550   -0.0433    0.9216    0.9556    1.1310    1.1881    1.3109    1.3778    1.4183    1.4245    1.5329    2.2214    2.4437    3.2374    3.3526    3.5131    3.6381    3.8022    3.8754    3.9218    3.9733    4.0271    4.1820    4.2038    4.2329    4.4384    4.5002    4.7223    5.2411    5.8820    6.6809    9.4332   10.8766   12.4264   13.4139   14.4411   14.5457
  1.1644  -22.8064  -22.7918  -22.7884  -22.7732  -22.7607  -22.7538  -22.7529  -22.7498  -22.7491  -22.7474  -22.7470  -22.7461  -22.7457  -22.7400  -22.7391  -22.7379  -22.7367  -22.7336  -22.7330  -22.7315  -22.7296  -22.7277  -22.7265  -22.7237  -22.7203  -22.7184  -22.7178  -22.7158  -22.7156  -22.7135  -22.7123  -22.7121  -22.7117  -22.7111  -22.7105  -22.7103  -22.7096  -22.7082  -22.7066  -22.7034  -22.7021  -22.7015  -22.7005  -22.6993  -22.6941  -22.6927  -22.6925  -22.6887  -22.6877  -22.6876  -22.6870  -22.6855  -22.6846  -22.6836  -22.6818  -22.6797  -22.6770  -22.6704  -22.6630  -22.6593  -22.6047  -22.5951  -22.5926  -22.5706  -22.5637  -22.5595  -22.5379  -22.5349  -22.5307  -22.5136  -11.5845  -11.5517  -11.5121  -11.4556  -11.3839  -11.2924  -11.1829  -11.0544  -10.9148  -10.7658  -10.6202  -10.4948  -10.4096  -10.2280   -8.6221   -8.5465   -8.4520   -8.3454   -8.2362   -8.1290   -8.0998   -8.0253   -7.9281   -7.8371   -7.7576   -7.6991   -7.6645   -7.6467   -3.5236   -3.4421   -3.3385   -3.2500   -3.1736   -3.1261   -3.1050   -3.0831   -3.0824   -3.0297   -2.9312   -2.8035   -2.6905   -2.6326   -2.6045   -2.5942   -2.4988   -2.4349   -2.3602   -2.3074   -2.1424   -1.9283   -1.8378   -1.7786   -1.6467   -1.6399   -1.5922   -1.5249   -1.5065   -1.4836   -1.3987   -1.3177   -1.3062   -1.2763   -1.1929   -1.1256   -1.0829   -1.0535   -0.9957   -0.9163   -0.8755   -0.1378   -0.1072    0.9056    0.9218    1.1303    1.1355    1.2517    1.3645    1.3750    1.3861    1.5053    1.5821    1.7984    2.9771    3.5094    3.5759    3.8292    4.0464    4.0624    4.0930    4.1074    4.1115    4.1348    4.2225    4.3034    4.3860    4.4762    4.8808    5.3332    5.6547    6.0280    7.5961   10.2706   10.6827   11.4628   13.4729   15.5816
  1.2032  -22.8059  -22.7910  -22.7887  -22.7738  -22.7607  -22.7542  -22.7533  -22.7501  -22.7494  -22.7479  -22.7470  -22.7462  -22.7459  -22.7391  -22.7387  -22.7380  -22.7361  -22.7330  -22.7326  -22.7319  -22.7287  -22.7280  -22.7258  -22.7241  -22.7196  -22.7184  -22.7176  -22.7162  -22.7158  -22.7126  -22.7125  -22.7123  -22.7116  -22.7109  -22.7106  -22.7106  -22.7098  -22.7083  -22.7067  -22.7038  -22.7020  -22.7008  -22.7006  -22.6993  -22.6944  -22.6927  -22.6917  -22.6881  -22.6877  -22.6873  -22.6867  -22.6858  -22.6842  -22.6837  -22.6819  -22.6795  -22.6765  -22.6700  -22.6624  -22.6591  -22.6037  -22.5956  -22.5935  -22.5692  -22.5643  -22.5593  -22.5384  -22.5344  -22.5306  -22.5133  -11.4883  -11.4559  -11.4175  -11.3635  -11.2953  -11.2082  -11.1042  -10.9829  -10.8522  -10.7142  -10.5811  -10.4687  -10.3922  -10.1980   -8.6396   -8.5725   -8.4897   -8.3958   -8.2985   -8.2057   -8.1828   -8.0980   -8.0022   -7.9103   -7.8283   -7.7656   -7.7259   -7.7123   -3.5467   -3.4756   -3.3905   -3.3018   -3.2238   -3.1846   -3.1672   -3.1351   -3.1328   -3.1077   -3.0258   -2.9097   -2.7930   -2.7244   -2.5466   -2.5233   -2.4415   -2.3676   -2.3074   -2.2402   -2.0888   -1.9767   -1.8433   -1.8411   -1.8164   -1.7270   -1.6923   -1.6532   -1.5972   -1.5445   -1.4854   -1.4460   -1.3865   -1.3550   -1.2827   -1.2103   -1.1763   -1.1412   -1.0413   -0.9540   -0.9090   -0.1913   -0.1460    0.9149    0.9241    1.1079    1.1590    1.2225    1.3432    1.3510    1.3989    1.5031    1.5478    1.5824    1.7477    2.7697    3.0073    3.0591    3.1693    3.1709    3.1882    3.3238    3.3746    3.3932    3.8082    3.9549    3.9881    4.0363    4.0719    4.1101    4.2138    4.4271    5.7647    8.3182   10.4272   11.3210   11.6127   14.0894
  1.2420  -22.8055  -22.7901  -22.7891  -22.7744  -22.7607  -22.7547  -22.7537  -22.7504  -22.7498  -22.7485  -22.7471  -22.7462  -22.7461  -22.7390  -22.7382  -22.7375  -22.7356  -22.7324  -22.7323  -22.7322  -22.7283  -22.7277  -22.7252  -22.7244  -22.7189  -22.7188  -22.7168  -22.7167  -22.7159  -22.7130  -22.7124  -22.7117  -22.7116  -22.7113  -22.7107  -22.7101  -22.7098  -22.7083  -22.7067  -22.7041  -22.7019  -22.7012  -22.6997  -22.6994  -22.6947  -22.6927  -22.6910  -22.6879  -22.6875  -22.6869  -22.6863  -22.6862  -22.6839  -22.6837  -22.6820  -22.6792  -22.6760  -22.6695  -22.6618  -22.6588  -22.6027  -22.5961  -22.5943  -22.5680  -22.5649  -22.5592  -22.5389  -22.5339  -22.5305  -22.5130  -11.3869  -11.3551  -11.3183  -11.2676  -11.2039  -11.1222  -11.0250  -10.9126  -10.7931  -10.6687  -10.5511  -10.4548  -10.3879  -10.1787   -8.6462   -8.5890   -8.5191   -8.4400   -8.3580   -8.2930   -8.2577   -8.1723   -8.0800   -7.9891   -7.9062   -7.8410   -7.7966   -7.7857   -3.5521   -3.4986   -3.4251   -3.3356   -3.2614   -3.2279   -3.2149   -3.1823   -3.1545   -3.1480   -3.0939   -2.9923   -2.8783   -2.8062   -2.4706   -2.4432   -2.3833   -2.3087   -2.2614   -2.1683   -2.0545   -2.0220   -2.0049   -1.8957   -1.8645   -1.8482   -1.7771   -1.7416   -1.6874   -1.6475   -1.5722   -1.5065   -1.4865   -1.4498   -1.3790   -1.3112   -1.2698   -1.2272   -1.0959   -1.0045   -0.9560   -0.2189   -0.1644    0.9372    0.9672    1.1086    1.2031    1.2244    1.3435    1.3540    1.4246    1.5239    1.5582    1.5810    1.6635    2.4331    3.5452    3.6720    3.7145    3.7504    3.8753    3.9373    4.0033    4.1072    4.1405    4.1419    4.1760    4.2390    4.2951    4.4381    4.6825    4.6934    5.3082    5.8355    8.7212    9.1094   10.4317   11.0095
  1.2809  -22.8051  -22.7894  -22.7894  -22.7749  -22.7606  -22.7550  -22.7541  -22.7508  -22.7501  -22.7490  -22.7474  -22.7464  -22.7462  -22.7394  -22.7374  -22.7370  -22.7350  -22.7328  -22.7319  -22.7315  -22.7286  -22.7268  -22.7255  -22.7240  -22.7193  -22.7181  -22.7171  -22.7161  -22.7161  -22.7134  -22.7124  -22.7118  -22.7115  -22.7110  -22.7108  -22.7099  -22.7095  -22.7082  -22.7068  -22.7044  -22.7018  -22.7015  -22.6994  -22.6989  -22.6950  -22.6927  -22.6904  -22.6880  -22.6870  -22.6866  -22.6865  -22.6860  -22.6836  -22.6836  -22.6821  -22.6789  -22.6756  -22.6691  -22.6612  -22.6586  -22.6018  -22.5966  -22.5950  -22.5668  -22.5654  -22.5591  -22.5393  -22.5335  -22.5304  -22.5127  -11.2814  -11.2505  -11.2159  -11.1695  -11.1114  -11.0362  -10.9475  -10.8463  -10.7407  -10.6332  -10.5342  -10.4568  -10.3992  -10.1724   -8.6386   -8.5923   -8.5360   -8.4732   -8.4117   -8.3788   -8.3256   -8.2460   -8.1595   -8.0716   -7.9898   -7.9238   -7.8769   -7.8650   -3.5436   -3.5102   -3.4359   -3.3526   -3.2849   -3.2559   -3.2469   -3.2211   -3.1787   -3.1504   -3.1245   -3.0488   -2.9391   -2.8606   -2.4024   -2.3793   -2.3357   -2.3111   -2.2264   -2.2134   -2.1035   -2.0292   -2.0112   -1.9782   -1.9202   -1.9142   -1.8544   -1.7971   -1.7609   -1.7358   -1.6585   -1.5995   -1.5515   -1.5367   -1.4681   -1.4229   -1.3714   -1.2962   -1.1602   -1.0679   -1.0170   -0.2277   -0.1691    0.9860    1.0219    1.1439    1.2357    1.2713    1.3711    1.3961    1.5896    1.6106    1.6124    1.7068    2.6924    2.8481    3.2558    3.3641    3.3985    3.5244    3.6904    3.7803    3.8647    3.8706    3.9799    4.0543    4.1497    4.1929    4.2533    4.3579    4.5147    4.6377    4.8672    6.4899    6.8172    6.9716    7.6283    8.3073
  1.3197  -22.8048  -22.7897  -22.7888  -22.7753  -22.7606  -22.7554  -22.7544  -22.7512  -22.7504  -22.7495  -22.7477  -22.7466  -22.7462  -22.7398  -22.7368  -22.7365  -22.7345  -22.7331  -22.7315  -22.7310  -22.7287  -22.7261  -22.7261  -22.7234  -22.7197  -22.7175  -22.7175  -22.7163  -22.7155  -22.7138  -22.7124  -22.7121  -22.7115  -22.7109  -22.7102  -22.7099  -22.7089  -22.7082  -22.7068  -22.7046  -22.7017  -22.7017  -22.6995  -22.6982  -22.6952  -22.6927  -22.6898  -22.6882  -22.6868  -22.6866  -22.6863  -22.6857  -22.6835  -22.6833  -22.6822  -22.6787  -22.6752  -22.6688  -22.6607  -22.6585  -22.6011  -22.5969  -22.5956  -22.5659  -22.5659  -22.5590  -22.5397  -22.5331  -22.5303  -22.5124  -11.1730  -11.1436  -11.1120  -11.0715  -11.0203  -10.9529  -10.8746  -10.7874  -10.6989  -10.6114  -10.5340  -10.4774  -10.4271  -10.1793   -8.6148   -8.5804   -8.5381   -8.4910   -8.4712   -8.4382   -8.3839   -8.3158   -8.2377   -8.1553   -8.0767   -8.0120   -7.9647   -7.9489   -3.5435   -3.4892   -3.4239   -3.3541   -3.2945   -3.2707   -3.2652   -3.2442   -3.2063   -3.1481   -3.1168   -3.0739   -2.9762   -2.8883   -2.4091   -2.3847   -2.3712   -2.3488   -2.2837   -2.2128   -2.1545   -2.0734   -1.9936   -1.9686   -1.9248   -1.9061   -1.8833   -1.8634   -1.8167   -1.7684   -1.7338   -1.6857   -1.6371   -1.6116   -1.5314   -1.5208   -1.4699   -1.3623   -1.2339   -1.1432   -1.0912   -0.2247   -0.1663    1.0578    1.0756    1.2178    1.4309    1.4512    1.5064    1.5114    1.6517    1.6895    1.7650    2.2853    2.8903    2.9006    2.9240    3.0214    3.2539    3.5649    3.6335    3.6437    3.6642    3.8574    3.8814    3.9158    4.2125    4.3195    4.3301    4.5632    4.9396    5.9255    7.0571    7.6697    9.2637    9.7782   10.4454   10.4777
  1.3585  -22.8045  -22.7899  -22.7883  -22.7757  -22.7606  -22.7556  -22.7547  -22.7515  -22.7506  -22.7499  -22.7480  -22.7468  -22.7462  -22.7401  -22.7363  -22.7362  -22.7342  -22.7333  -22.7312  -22.7305  -22.7287  -22.7267  -22.7255  -22.7229  -22.7200  -22.7178  -22.7170  -22.7165  -22.7151  -22.7141  -22.7126  -22.7124  -22.7116  -22.7109  -22.7100  -22.7097  -22.7085  -22.7081  -22.7069  -22.7048  -22.7019  -22.7016  -22.6995  -22.6977  -22.6953  -22.6927  -22.6893  -22.6883  -22.6871  -22.6863  -22.6860  -22.6854  -22.6833  -22.6831  -22.6823  -22.6785  -22.6749  -22.6685  -22.6603  -22.6584  -22.6005  -22.5973  -22.5961  -22.5662  -22.5651  -22.5589  -22.5400  -22.5328  -22.5302  -22.5122  -11.0635  -11.0362  -11.0091  -10.9768  -10.9333  -10.8751  -10.8098  -10.7396  -10.6716  -10.6073  -10.5532  -10.5180  -10.4705  -10.1968   -8.5747   -8.5547   -8.5411   -8.5214   -8.4902   -8.4586   -8.4263   -8.3770   -8.3111   -8.2372   -8.1644   -8.1032   -8.0570   -8.0358   -3.5493   -3.4410   -3.3963   -3.3404   -3.2931   -3.2759   -3.2724   -3.2544   -3.2250   -3.1584   -3.0952   -3.0627   -2.9928   -2.8914   -2.5662   -2.4604   -2.4110   -2.3821   -2.3214   -2.2766   -2.1627   -2.0922   -2.0452   -1.9504   -1.8929   -1.8755   -1.8457   -1.8399   -1.8187   -1.8094   -1.7813   -1.7265   -1.7037   -1.6972   -1.6121   -1.5684   -1.5488   -1.4333   -1.3161   -1.2289   -1.1769   -0.2164   -0.1604    1.1313    1.1498    1.3209    1.3778    1.5118    1.5310    1.5721    1.6561    1.8450    1.8979    1.9371    2.0503    2.3248    2.5341    2.7582    2.9433    2.9907    3.0368    3.3120    3.3287    3.5228    3.6387    3.9181    4.0433    4.1633    4.1694    4.4214    4.9957    5.6688    6.4977    7.4790    7.8273    8.1745    9.9820   12.3935
  1.3973  -22.8043  -22.7901  -22.7879  -22.7760  -22.7606  -22.7558  -22.7550  -22.7517  -22.7507  -22.7502  -22.7483  -22.7470  -22.7462  -22.7403  -22.7359  -22.7359  -22.7342  -22.7333  -22.7309  -22.7302  -22.7286  -22.7273  -22.7250  -22.7226  -22.7202  -22.7180  -22.7168  -22.7165  -22.7147  -22.7143  -22.7127  -22.7126  -22.7116  -22.7108  -22.7100  -22.7093  -22.7082  -22.7080  -22.7069  -22.7049  -22.7021  -22.7015  -22.6996  -22.6973  -22.6954  -22.6928  -22.6889  -22.6884  -22.6873  -22.6862  -22.6858  -22.6852  -22.6832  -22.6829  -22.6824  -22.6784  -22.6747  -22.6683  -22.6599  -22.6583  -22.6000  -22.5976  -22.5965  -22.5665  -22.5646  -22.5588  -22.5402  -22.5326  -22.5302  -22.5120  -10.9547  -10.9310  -10.9127  -10.8897  -10.8527  -10.8057  -10.7566  -10.7072  -10.6629  -10.6239  -10.5936  -10.5774  -10.5249  -10.2193   -8.5936   -8.5223   -8.5156   -8.5015   -8.4778   -8.4508   -8.4359   -8.4229   -8.3753   -8.3135   -8.2496   -8.1947   -8.1501   -8.1220   -3.5519   -3.3966   -3.3474   -3.3115   -3.2855   -3.2761   -3.2706   -3.2561   -3.2355   -3.1737   -3.0854   -3.0324   -2.9936   -2.8734   -2.6949   -2.5442   -2.4801   -2.4677   -2.3793   -2.3069   -2.2069   -2.1498   -2.0051   -1.9789   -1.8833   -1.8576   -1.8384   -1.8184   -1.7875   -1.7781   -1.7679   -1.7438   -1.7281   -1.6995   -1.6609   -1.6211   -1.5996   -1.5099   -1.4047   -1.3227   -1.2720   -0.2072   -0.1544    1.1934    1.4055    1.4945    1.5219    1.5580    1.6231    1.6535    1.8322    1.8348    2.0002    2.0589    2.2917    2.4767    2.8729    3.0410    3.4188    3.4818    3.5288    3.6348    4.0823    4.0923    4.1811    4.2950    4.3754    4.6511    4.7856    5.7588    5.8374    6.2271    6.6252    7.0196    7.9580    8.4029    8.5119   11.5475
  1.4361  -22.8042  -22.7902  -22.7877  -22.7761  -22.7606  -22.7559  -22.7551  -22.7519  -22.7508  -22.7504  -22.7484  -22.7471  -22.7462  -22.7405  -22.7357  -22.7357  -22.7342  -22.7332  -22.7307  -22.7300  -22.7284  -22.7277  -22.7248  -22.7223  -22.7204  -22.7181  -22.7168  -22.7164  -22.7145  -22.7145  -22.7128  -22.7127  -22.7116  -22.7107  -22.7101  -22.7091  -22.7080  -22.7079  -22.7070  -22.7049  -22.7021  -22.7015  -22.6996  -22.6970  -22.6954  -22.6928  -22.6887  -22.6884  -22.6874  -22.6861  -22.6856  -22.6851  -22.6831  -22.6828  -22.6824  -22.6783  -22.6745  -22.6681  -22.6597  -22.6582  -22.5997  -22.5977  -22.5967  -22.5667  -22.5642  -22.5588  -22.5404  -22.5324  -22.5301  -22.5119  -10.8494  -10.8465  -10.8287  -10.8059  -10.7786  -10.7475  -10.7194  -10.6956  -10.6774  -10.6641  -10.6597  -10.6448  -10.5797  -10.2384   -8.6272   -8.4869   -8.4810   -8.4647   -8.4563   -8.4441   -8.4258   -8.4047   -8.4014   -8.3770   -8.3280   -8.2833   -8.2398   -8.1998   -3.5522   -3.3773   -3.2879   -3.2767   -3.2728   -3.2683   -3.2578   -3.2515   -3.2396   -3.1929   -3.1082   -3.0098   -2.9847   -2.8435   -2.7706   -2.6211   -2.5544   -2.5160   -2.4181   -2.3404   -2.2727   -2.1445   -2.0647   -1.9610   -1.8733   -1.8528   -1.8272   -1.8156   -1.8001   -1.7777   -1.7502   -1.6980   -1.6884   -1.6746   -1.6410   -1.6277   -1.5949   -1.5841   -1.4955   -1.4215   -1.3737   -0.2005   -0.1502    1.2764    1.3136    1.6056    1.6185    1.6303    1.6610    1.6970    2.0388    2.2180    2.2214    2.4492    2.6123    2.7988    2.9597    3.1574    3.3762    3.5853    3.7444    3.7461    3.8163    4.0626    5.6554    5.6707    5.9974    6.8707    7.6429    7.9177    8.0170    8.6488    8.7319    9.1805    9.2301    9.5265    9.7215   10.5143
  1.4749  -22.8042  -22.7902  -22.7876  -22.7762  -22.7606  -22.7560  -22.7552  -22.7519  -22.7509  -22.7505  -22.7485  -22.7472  -22.7462  -22.7405  -22.7356  -22.7356  -22.7343  -22.7331  -22.7306  -22.7299  -22.7283  -22.7280  -22.7247  -22.7223  -22.7204  -22.7182  -22.7168  -22.7163  -22.7145  -22.7144  -22.7128  -22.7127  -22.7116  -22.7106  -22.7101  -22.7090  -22.7079  -22.7079  -22.7070  -22.7050  -22.7022  -22.7015  -22.6997  -22.6969  -22.6954  -22.6928  -22.6886  -22.6884  -22.6875  -22.6861  -22.6856  -22.6851  -22.6830  -22.6827  -22.6825  -22.6782  -22.6745  -22.6681  -22.6596  -22.6582  -22.5996  -22.5978  -22.5968  -22.5667  -22.5641  -22.5588  -22.5404  -22.5324  -22.5301  -22.5119  -10.8242  -10.7499  -10.7497  -10.7393  -10.7391  -10.7290  -10.7260  -10.7168  -10.7151  -10.7110  -10.7016  -10.6880  -10.6067  -10.2459   -8.6387   -8.4770   -8.4722   -8.4556   -8.4395   -8.4328   -8.4081   -8.4017   -8.3800   -8.3671   -8.3596   -8.3415   -8.3059   -8.2404   -3.5520   -3.3719   -3.2822   -3.2736   -3.2683   -3.2496   -3.2493   -3.2353   -3.2131   -3.1852   -3.1648   -3.0048   -2.9771   -2.8278   -2.7869   -2.6586   -2.5806   -2.5356   -2.4327   -2.3546   -2.2957   -2.1186   -2.1170   -1.9459   -1.9001   -1.8483   -1.8304   -1.8128   -1.7790   -1.7609   -1.7389   -1.6937   -1.6833   -1.6738   -1.6397   -1.6171   -1.5773   -1.5445   -1.5087   -1.4868   -1.4698   -0.1981   -0.1488    1.2877    1.3953    1.4587    1.5664    1.6390    1.6737    1.6934    1.7162    1.9322    2.2394    2.6956    2.8135    2.9073    2.9580    3.0882    3.3395    3.4738    3.5219    3.5721    3.6527    3.8667    3.9782    3.9906    4.6714    4.9325    5.5499    6.2343    6.5190    6.5681    6.8426    9.4370   11.8413   11.8757   12.0095   12.1951
