     #Energy           s          py          pz          px         dxy         dyz         dz2         dxz      dx2-y2       tot  
   -26.30263     0.00000     0.00000     0.00000     0.00000     0.00000     0.00000     0.00000     0.00000     0.00000     0.00000
   -26.15463     0.00000     0.00000     0.00000     0.00000     0.00000     0.00000     0.00000     0.00000     0.00000     0.00000
   -26.00663     0.00000     0.00000     0.00000     0.00000     0.00000     0.00000     0.00000     0.00000     0.00000     0.00000
   -25.85863     0.00000     0.00000     0.00000     0.00000     0.00000     0.00000     0.00000     0.00000     0.00000     0.00000
   -25.71063     0.00000     0.00000     0.00000     0.00000     0.00000     0.00000     0.00000     0.00000     0.00000     0.00000
   -25.56263     0.00000     0.00000     0.00000     0.00000     0.00000     0.00000     0.00000     0.00000     0.00000     0.00000
   -25.41463     0.00000     0.00000     0.00000     0.00000     0.00000     0.00000     0.00000     0.00000     0.00000     0.00000
   -25.26663     0.00000     0.00000     0.00000     0.00000     0.00000     0.00000     0.00000     0.00000     0.00000     0.00000
   -25.11963     0.00000     0.00000     0.00000     0.00000     0.00000     0.00000     0.00000     0.00000     0.00000     0.00000
   -24.97163     0.00000     0.00000     0.00000     0.00000     0.00000     0.00000     0.00000     0.00000     0.00000     0.00000
   -24.82363     0.00000     0.00000     0.00000     0.00000     0.00000     0.00000     0.00000     0.00000     0.00000     0.00000
   -24.67563     0.00000     0.00000     0.00000     0.00000     0.00000     0.00000     0.00000     0.00000     0.00000     0.00000
   -24.52763     0.00000     0.00000     0.00000     0.00000     0.00000     0.00000     0.00000     0.00000     0.00000     0.00000
   -24.37963     0.00000     0.00000     0.00000     0.00000     0.01984     0.00849     0.00475     0.00849     0.01984     0.06140
   -24.23163     0.00001     0.00003     0.00004     0.00003     4.96600     4.65100     4.53700     4.65100     4.96600    23.77110
   -24.08363     0.00000     0.00000     0.00001     0.00000     0.35190     0.66560     0.76690     0.66560     0.35190     2.80192
   -23.93563     0.00000     0.00000     0.00000     0.00000     0.00000     0.00000     0.00000     0.00000     0.00000     0.00000
   -23.78763     0.00000     0.00000     0.00000     0.00000     0.00000     0.00000     0.00000     0.00000     0.00000     0.00000
   -23.63963     0.00000     0.00000     0.00000     0.00000     0.00000     0.00000     0.00000     0.00000     0.00000     0.00000
   -23.49163     0.00000     0.00000     0.00000     0.00000     0.00000     0.00000     0.00000     0.00000     0.00000     0.00000
   -23.34363     0.00000     0.00000     0.00000     0.00000     0.00000     0.00000     0.00000     0.00000     0.00000     0.00000
   -23.19563     0.00000     0.00000     0.00000     0.00000     0.00000     0.00000     0.00000     0.00000     0.00000     0.00000
   -23.04863     0.00000     0.00000     0.00000     0.00000     0.00000     0.00000     0.00000     0.00000     0.00000     0.00000
   -22.90063     0.00000     0.00000     0.00000     0.00000     0.00000     0.00000     0.00000     0.00000     0.00000     0.00000
   -22.75263     0.00000     0.00000     0.00000     0.00000     0.00000     0.00000     0.00000     0.00000     0.00000     0.00000
   -22.60463     0.00000     0.00000     0.00000     0.00000     0.00000     0.00000     0.00000     0.00000     0.00000     0.00000
   -22.45663     0.00000     0.00000     0.00000     0.00000     0.00000     0.00000     0.00000     0.00000     0.00000     0.00000
   -22.30863     0.00000     0.00000     0.00000     0.00000     0.00000     0.00000     0.00000     0.00000     0.00000     0.00000
   -22.16063     0.00000     0.00000     0.00000     0.00000     0.00000     0.00000     0.00000     0.00000     0.00000     0.00000
   -22.01263     0.00000     0.00000     0.00000     0.00000     0.00000     0.00000     0.00000     0.00000     0.00000     0.00000
   -21.86463     0.00000     0.00000     0.00000     0.00000     0.00000     0.00000     0.00000     0.00000     0.00000     0.00000
   -21.71663     0.00000     0.00000     0.00000     0.00000     0.00000     0.00000     0.00000     0.00000     0.00000     0.00000
   -21.56863     0.00000     0.00000     0.00000     0.00000     0.00000     0.00000     0.00000     0.00000     0.00000     0.00000
   -21.42063     0.00000     0.00000     0.00000     0.00000     0.02146     0.00566     0.00314     0.00566     0.02146     0.05737
   -21.27263     0.00003     0.00004     0.00004     0.00004     7.27000     6.64300     6.27400     6.64300     7.27000    34.10016
   -21.12563     0.00001     0.00001     0.00001     0.00001     0.72000     1.37700     1.77000     1.37700     0.72000     5.96403
   -20.97763     0.00000     0.00000     0.00000     0.00000     0.00000     0.00000     0.00000     0.00000     0.00000     0.00001
   -20.82963     0.00000     0.00000     0.00000     0.00000     0.00000     0.00000     0.00000     0.00000     0.00000     0.00000
   -20.68163     0.00000     0.00000     0.00000     0.00000     0.00000     0.00000     0.00000     0.00000     0.00000     0.00000
   -20.53363     0.00000     0.00000     0.00000     0.00000     0.00000     0.00000     0.00000     0.00000     0.00000     0.00000
   -20.38563     0.00000     0.00000     0.00000     0.00000     0.00000     0.00000     0.00000     0.00000     0.00000     0.00000
   -20.23763     0.00000     0.00000     0.00000     0.00000     0.00000     0.00000     0.00000     0.00000     0.00000     0.00000
   -20.08963     0.00000     0.00000     0.00000     0.00000     0.00000     0.00000     0.00000     0.00000     0.00000     0.00000
   -19.94163     0.00000     0.00000     0.00000     0.00000     0.00000     0.00000     0.00000     0.00000     0.00000     0.00000
   -19.79363     0.00000     0.00000     0.00000     0.00000     0.00000     0.00000     0.00000     0.00000     0.00000     0.00000
   -19.64563     0.00000     0.00000     0.00000     0.00000     0.00000     0.00000     0.00000     0.00000     0.00000     0.00000
   -19.49763     0.00000     0.00000     0.00000     0.00000     0.00000     0.00000     0.00000     0.00000     0.00000     0.00000
   -19.34963     0.00000     0.00000     0.00000     0.00000     0.00000     0.00000     0.00000     0.00000     0.00000     0.00000
   -19.20163     0.00000     0.00000     0.00000     0.00000     0.00000     0.00000     0.00000     0.00000     0.00000     0.00000
   -19.05463     0.00000     0.00000     0.00000     0.00000     0.00000     0.00000     0.00000     0.00000     0.00000     0.00000
   -18.90663     0.00000     0.00000     0.00000     0.00000     0.00000     0.00000     0.00000     0.00000     0.00000     0.00000
   -18.75863     0.00000     0.00000     0.00000     0.00000     0.00000     0.00000     0.00000     0.00000     0.00000     0.00000
   -18.61063     0.00000     0.00000     0.00000     0.00000     0.00000     0.00000     0.00000     0.00000     0.00000     0.00000
   -18.46263     0.00000     0.00000     0.00000     0.00000     0.00000     0.00000     0.00000     0.00000     0.00000     0.00000
   -18.31463     0.00000     0.00000     0.00000     0.00000     0.00000     0.00000     0.00000     0.00000     0.00000     0.00000
   -18.16663     0.00000     0.00000     0.00000     0.00000     0.00000     0.00000     0.00000     0.00000     0.00000     0.00000
   -18.01863     0.00000     0.00000     0.00000     0.00000     0.00000     0.00000     0.00000     0.00000     0.00000     0.00000
   -17.87063     0.00000     0.00000     0.00000     0.00000     0.00000     0.00000     0.00000     0.00000     0.00000     0.00000
   -17.72263     0.00000     0.00000     0.00000     0.00000     0.00000     0.00000     0.00000     0.00000     0.00000     0.00000
   -17.57463     0.00000     0.00000     0.00000     0.00000     0.00000     0.00000     0.00000     0.00000     0.00000     0.00000
   -17.42663     0.00000     0.00000     0.00000     0.00000     0.00000     0.00000     0.00000     0.00000     0.00000     0.00000
   -17.27863     0.00000     0.00000     0.00000     0.00000     0.00000     0.00000     0.00000     0.00000     0.00000     0.00000
   -17.13063     0.00000     0.00000     0.00000     0.00000     0.00000     0.00000     0.00000     0.00000     0.00000     0.00000
   -16.98363     0.00000     0.00000     0.00000     0.00000     0.00000     0.00000     0.00000     0.00000     0.00000     0.00000
   -16.83563     0.00000     0.00000     0.00000     0.00000     0.00000     0.00000     0.00000     0.00000     0.00000     0.00000
   -16.68763     0.00000     0.00000     0.00000     0.00000     0.00000     0.00000     0.00000     0.00000     0.00000     0.00000
   -16.53963     0.00000     0.00000     0.00000     0.00000     0.00000     0.00000     0.00000     0.00000     0.00000     0.00000
   -16.39163     0.00000     0.00000     0.00000     0.00000     0.00000     0.00000     0.00000     0.00000     0.00000     0.00000
   -16.24363     0.00000     0.00000     0.00000     0.00000     0.00000     0.00000     0.00000     0.00000     0.00000     0.00000
   -16.09563     0.00000     0.00000     0.00000     0.00000     0.00000     0.00000     0.00000     0.00000     0.00000     0.00000
   -15.94763     0.00000     0.00000     0.00000     0.00000     0.00000     0.00000     0.00000     0.00000     0.00000     0.00000
   -15.79963     0.00000     0.00000     0.00000     0.00000     0.00000     0.00000     0.00000     0.00000     0.00000     0.00000
   -15.65163     0.00000     0.00000     0.00000     0.00000     0.00000     0.00000     0.00000     0.00000     0.00000     0.00000
   -15.50363     0.00000     0.00000     0.00000     0.00000     0.00000     0.00000     0.00000     0.00000     0.00000     0.00000
   -15.35563     0.00000     0.00000     0.00000     0.00000     0.00000     0.00000     0.00000     0.00000     0.00000     0.00000
   -15.20763     0.00000     0.00000     0.00000     0.00000     0.00000     0.00000     0.00000     0.00000     0.00000     0.00000
   -15.06063     0.00000     0.00000     0.00000     0.00000     0.00000     0.00000     0.00000     0.00000     0.00000     0.00000
   -14.91263     0.00000     0.00000     0.00000     0.00000     0.00000     0.00000     0.00000     0.00000     0.00000     0.00000
   -14.76463     0.00000     0.00000     0.00000     0.00000     0.00000     0.00000     0.00000     0.00000     0.00000     0.00000
   -14.61663     0.00000     0.00000     0.00000     0.00000     0.00000     0.00000     0.00000     0.00000     0.00000     0.00000
   -14.46863     0.00000     0.00000     0.00000     0.00000     0.00000     0.00000     0.00000     0.00000     0.00000     0.00000
   -14.32063     0.00000     0.00000     0.00000     0.00000     0.00000     0.00000     0.00000     0.00000     0.00000     0.00000
   -14.17263     0.00000     0.00000     0.00000     0.00000     0.00000     0.00000     0.00000     0.00000     0.00000     0.00000
   -14.02463     0.00000     0.00000     0.00000     0.00000     0.00000     0.00000     0.00000     0.00000     0.00000     0.00000
   -13.87663     0.00000     0.00000     0.00000     0.00000     0.00000     0.00000     0.00000     0.00000     0.00000     0.00000
   -13.72863     0.00000     0.00000     0.00000     0.00000     0.00000     0.00000     0.00000     0.00000     0.00000     0.00000
   -13.58063     0.00000     0.00000     0.00000     0.00000     0.00000     0.00000     0.00000     0.00000     0.00000     0.00000
   -13.43263     0.00000     0.00000     0.00000     0.00000     0.00000     0.00000     0.00000     0.00000     0.00000     0.00000
   -13.28463     0.00000     0.00000     0.00000     0.00000     0.00000     0.00000     0.00000     0.00000     0.00000     0.00000
   -13.13663     0.00000     0.00000     0.00000     0.00000     0.00000     0.00000     0.00000     0.00000     0.00000     0.00000
   -12.98963     0.00000     0.00000     0.00000     0.00000     0.00000     0.00000     0.00000     0.00000     0.00000     0.00000
   -12.84163     0.00000     0.00000     0.00000     0.00000     0.00000     0.00000     0.00000     0.00000     0.00000     0.00000
   -12.69363     0.00000     0.00000     0.00000     0.00000     0.00000     0.00000     0.00000     0.00000     0.00000     0.00000
   -12.54563     0.00000     0.00000     0.00000     0.00000     0.00000     0.00000     0.00000     0.00000     0.00000     0.00000
   -12.39763     0.00000     0.00000     0.00000     0.00000     0.00000     0.00000     0.00000     0.00000     0.00000     0.00000
   -12.24963     0.00000     0.00000     0.00000     0.00000     0.00000     0.00000     0.00000     0.00000     0.00000     0.00000
   -12.10163     0.00000     0.00000     0.00000     0.00000     0.00000     0.00000     0.00000     0.00000     0.00000     0.00000
   -11.95363     0.00000     0.00000     0.00000     0.00000     0.00000     0.00000     0.00000     0.00000     0.00000     0.00000
   -11.80563     0.00000     0.00000     0.00000     0.00000     0.00000     0.00000     0.00000     0.00000     0.00000     0.00000
   -11.65763     0.00000     0.00000     0.00000     0.00000     0.00000     0.00000     0.00000     0.00000     0.00000     0.00000
   -11.50963     0.00000     0.00000     0.00000     0.00000     0.00000     0.00000     0.00000     0.00000     0.00000     0.00000
   -11.36163     0.00000     0.00000     0.00000     0.00000     0.00000     0.00000     0.00000     0.00000     0.00000     0.00000
   -11.21363     0.00008     0.00000     0.00000     0.00000     0.00000     0.00000     0.00000     0.00000     0.00000     0.00009
   -11.06563     0.21760     0.00004     0.00082     0.00004     0.00000     0.00000     0.00011     0.00000     0.00000     0.21863
   -10.91863     0.72640     0.00042     0.00249     0.00042     0.00004     0.00004     0.00030     0.00004     0.00004     0.73019
   -10.77063     0.81490     0.00085     0.00238     0.00085     0.00009     0.00007     0.00025     0.00007     0.00009     0.81955
   -10.62263     0.97810     0.00124     0.00236     0.00124     0.00015     0.00011     0.00020     0.00011     0.00015     0.98364
   -10.47463     1.28500     0.00155     0.00248     0.00155     0.00021     0.00014     0.00016     0.00014     0.00021     1.29143
   -10.32663     2.16100     0.00173     0.00317     0.00173     0.00033     0.00016     0.00015     0.00016     0.00033     2.16876
   -10.17863     1.89400     0.00077     0.00220     0.00077     0.00017     0.00007     0.00007     0.00007     0.00017     1.89829
   -10.03063     0.12640     0.00002     0.00012     0.00002     0.00000     0.00000     0.00000     0.00000     0.00000     0.12657
    -9.88263     0.00000     0.00000     0.00000     0.00000     0.00000     0.00000     0.00000     0.00000     0.00000     0.00000
    -9.73463     0.00000     0.00000     0.00000     0.00000     0.00000     0.00000     0.00000     0.00000     0.00000     0.00000
    -9.58663     0.00000     0.00000     0.00000     0.00000     0.00000     0.00000     0.00000     0.00000     0.00000     0.00000
    -9.43863     0.00000     0.00000     0.00000     0.00000     0.00000     0.00000     0.00000     0.00000     0.00000     0.00000
    -9.29063     0.00000     0.00000     0.00000     0.00000     0.00000     0.00000     0.00000     0.00000     0.00000     0.00000
    -9.14263     0.00000     0.00000     0.00000     0.00000     0.00000     0.00000     0.00000     0.00000     0.00000     0.00000
    -8.99563     0.00000     0.00000     0.00000     0.00000     0.00000     0.00000     0.00000     0.00000     0.00000     0.00000
    -8.84763     0.00000     0.00000     0.00000     0.00000     0.00000     0.00000     0.00000     0.00000     0.00000     0.00000
    -8.69963     0.00000     0.00000     0.00000     0.00000     0.00000     0.00000     0.00000     0.00000     0.00000     0.00000
    -8.55163     0.00265     0.00287     0.00008     0.00287     0.00027     0.00020     0.00001     0.00020     0.00027     0.00942
    -8.40363     0.08488     0.02589     0.00086     0.02589     0.00234     0.00198     0.00006     0.00198     0.00234     0.14624
    -8.25563     0.22520     0.03348     0.00192     0.03348     0.00278     0.00256     0.00014     0.00256     0.00278     0.30489
    -8.10763     0.20290     0.01775     0.00196     0.01775     0.00147     0.00135     0.00013     0.00135     0.00147     0.24614
    -7.95963     0.19580     0.01191     0.00234     0.01191     0.00099     0.00091     0.00013     0.00091     0.00099     0.22589
    -7.81163     0.19030     0.00861     0.00278     0.00861     0.00072     0.00067     0.00013     0.00067     0.00072     0.21321
    -7.66363     0.19370     0.00651     0.00350     0.00651     0.00055     0.00051     0.00014     0.00051     0.00055     0.21248
    -7.51563     0.20140     0.00476     0.00453     0.00476     0.00041     0.00038     0.00015     0.00038     0.00041     0.21718
    -7.36763     0.20650     0.00299     0.00584     0.00299     0.00026     0.00024     0.00016     0.00024     0.00026     0.21948
    -7.21963     0.19830     0.00123     0.00694     0.00123     0.00011     0.00010     0.00015     0.00010     0.00011     0.20826
    -7.07163     0.04462     0.00008     0.00175     0.00008     0.00001     0.00001     0.00003     0.00001     0.00001     0.04660
    -6.92463     0.00000     0.00000     0.00000     0.00000     0.00000     0.00000     0.00000     0.00000     0.00000     0.00000
    -6.77663     0.00000     0.00000     0.00000     0.00000     0.00000     0.00000     0.00000     0.00000     0.00000     0.00000
    -6.62863     0.00000     0.00000     0.00000     0.00000     0.00000     0.00000     0.00000     0.00000     0.00000     0.00000
    -6.48063     0.00000     0.00000     0.00000     0.00000     0.00000     0.00000     0.00000     0.00000     0.00000     0.00000
    -6.33263     0.00000     0.00000     0.00000     0.00000     0.00000     0.00000     0.00000     0.00000     0.00000     0.00000
    -6.18463     0.00000     0.00000     0.00000     0.00000     0.00000     0.00000     0.00000     0.00000     0.00000     0.00000
    -6.03663     0.00000     0.00000     0.00000     0.00000     0.00000     0.00000     0.00000     0.00000     0.00000     0.00000
    -5.88863     0.00000     0.00000     0.00000     0.00000     0.00000     0.00000     0.00000     0.00000     0.00000     0.00000
    -5.74063     0.00000     0.00000     0.00000     0.00000     0.00000     0.00000     0.00000     0.00000     0.00000     0.00000
    -5.59263     0.00000     0.00000     0.00000     0.00000     0.00000     0.00000     0.00000     0.00000     0.00000     0.00000
    -5.44463     0.00000     0.00000     0.00000     0.00000     0.00000     0.00000     0.00000     0.00000     0.00000     0.00000
    -5.29663     0.00000     0.00000     0.00000     0.00000     0.00000     0.00000     0.00000     0.00000     0.00000     0.00000
    -5.14863     0.00000     0.00000     0.00000     0.00000     0.00000     0.00000     0.00000     0.00000     0.00000     0.00000
    -5.00063     0.00000     0.00000     0.00000     0.00000     0.00000     0.00000     0.00000     0.00000     0.00000     0.00000
    -4.85363     0.00000     0.00000     0.00000     0.00000     0.00000     0.00000     0.00000     0.00000     0.00000     0.00000
    -4.70563     0.00000     0.00000     0.00000     0.00000     0.00000     0.00000     0.00000     0.00000     0.00000     0.00000
    -4.55763     0.00000     0.00000     0.00000     0.00000     0.00000     0.00000     0.00000     0.00000     0.00000     0.00000
    -4.40963     0.00000     0.00000     0.00000     0.00000     0.00000     0.00000     0.00000     0.00000     0.00000     0.00000
    -4.26163     0.00000     0.00000     0.00000     0.00000     0.00000     0.00000     0.00000     0.00000     0.00000     0.00000
    -4.11363     0.00000     0.00000     0.00000     0.00000     0.00000     0.00000     0.00000     0.00000     0.00000     0.00000
    -3.96563     0.00000     0.00000     0.00000     0.00000     0.00000     0.00000     0.00000     0.00000     0.00000     0.00000
    -3.81763     0.00000     0.00000     0.00000     0.00000     0.00000     0.00000     0.00000     0.00000     0.00000     0.00000
    -3.66963     0.00000     0.00000     0.00000     0.00000     0.00000     0.00000     0.00000     0.00000     0.00000     0.00000
    -3.52163     0.00000     0.00000     0.00000     0.00000     0.00000     0.00000     0.00000     0.00000     0.00000     0.00000
    -3.37363     0.00002     0.00218     0.00049     0.00218     0.00000     0.00002     0.00000     0.00002     0.00000     0.00491
    -3.22563     0.00072     0.05884     0.01421     0.05884     0.00003     0.00051     0.00001     0.00051     0.00003     0.13371
    -3.07763     0.00184     0.08437     0.02462     0.08437     0.00012     0.00069     0.00002     0.00069     0.00012     0.19683
    -2.93063     0.00348     0.10330     0.04052     0.10330     0.00023     0.00076     0.00003     0.00076     0.00023     0.25260
    -2.78263     0.00955     0.20830     0.11830     0.20830     0.00056     0.00162     0.00010     0.00162     0.00056     0.54893
    -2.63463     0.01095     0.23210     0.16920     0.23210     0.00098     0.00174     0.00025     0.00174     0.00098     0.65005
    -2.48663     0.01152     0.17270     0.10440     0.17270     0.00096     0.00162     0.00016     0.00162     0.00096     0.46664
    -2.33863     0.01932     0.24670     0.15300     0.24670     0.00161     0.00177     0.00019     0.00177     0.00161     0.67267
    -2.19063     0.02115     0.31380     0.23340     0.31380     0.00239     0.00233     0.00042     0.00233     0.00239     0.89201
    -2.04263     0.01491     0.23780     0.18130     0.23780     0.00268     0.00195     0.00047     0.00195     0.00268     0.68155
    -1.89463     0.01939     0.28540     0.17790     0.28540     0.00345     0.00245     0.00069     0.00245     0.00345     0.78058
    -1.74663     0.01347     0.13440     0.11450     0.13440     0.00196     0.00127     0.00040     0.00127     0.00196     0.40364
    -1.59863     0.00877     0.07927     0.06975     0.07927     0.00141     0.00084     0.00031     0.00084     0.00141     0.24187
    -1.45063     0.00409     0.05413     0.03800     0.05413     0.00122     0.00065     0.00032     0.00065     0.00122     0.15443
    -1.30263     0.00639     0.04508     0.06699     0.04508     0.00117     0.00058     0.00041     0.00058     0.00117     0.16746
    -1.15463     0.01070     0.04744     0.10840     0.04744     0.00094     0.00052     0.00027     0.00052     0.00094     0.21717
    -1.00663     0.01830     0.06707     0.19090     0.06707     0.00119     0.00080     0.00037     0.00080     0.00119     0.34770
    -0.85963     0.03129     0.09770     0.31080     0.09770     0.00155     0.00153     0.00054     0.00153     0.00155     0.54419
    -0.71163     0.02583     0.06509     0.22810     0.06509     0.00106     0.00101     0.00095     0.00101     0.00106     0.38919
    -0.56363     0.02271     0.05261     0.19050     0.05261     0.00098     0.00079     0.00129     0.00079     0.00098     0.32326
    -0.41563     0.02350     0.04821     0.18040     0.04821     0.00107     0.00073     0.00203     0.00073     0.00107     0.30595
    -0.26763     0.02632     0.05950     0.22120     0.05950     0.00149     0.00082     0.00296     0.00082     0.00149     0.37412
    -0.11963     0.03143     0.02114     0.07661     0.02114     0.00087     0.00058     0.00416     0.00058     0.00087     0.15738
     0.02837     0.00206     0.00061     0.00235     0.00061     0.00004     0.00003     0.00029     0.00003     0.00004     0.00607
     0.17637     0.00829     0.00138     0.02401     0.00138     0.00030     0.00020     0.00179     0.00020     0.00030     0.03786
     0.32437     0.01818     0.00927     0.05741     0.00927     0.00071     0.00040     0.00309     0.00040     0.00071     0.09945
     0.47237     0.02307     0.03049     0.17410     0.03049     0.00199     0.00058     0.00253     0.00058     0.00199     0.26582
     0.62037     0.05098     0.08497     0.37070     0.08497     0.00902     0.00108     0.00396     0.00108     0.00902     0.61578
     0.76837     0.03957     0.06739     0.24120     0.06739     0.00672     0.00084     0.00269     0.00084     0.00672     0.43336
     0.91637     0.02151     0.03770     0.11360     0.03770     0.00255     0.00055     0.00128     0.00055     0.00255     0.21800
     1.06437     0.03062     0.05633     0.14820     0.05633     0.00445     0.00068     0.00161     0.00068     0.00445     0.30334
     1.21137     0.01213     0.02129     0.05748     0.02129     0.00117     0.00038     0.00049     0.00038     0.00117     0.11578
     1.35937     0.02759     0.10020     0.13330     0.10020     0.00523     0.00101     0.00107     0.00101     0.00523     0.37484
     1.50737     0.01359     0.08753     0.06282     0.08753     0.00392     0.00074     0.00045     0.00074     0.00392     0.26124
     1.65537     0.02634     0.10460     0.11180     0.10460     0.00481     0.00152     0.00071     0.00152     0.00481     0.36071
     1.80337     0.02162     0.10470     0.08502     0.10470     0.00414     0.00188     0.00076     0.00188     0.00414     0.32885
     1.95137     0.01387     0.07884     0.05202     0.07884     0.00276     0.00168     0.00052     0.00168     0.00276     0.23296
     2.09937     0.01622     0.22390     0.05945     0.22390     0.00840     0.00183     0.00094     0.00183     0.00840     0.54487
     2.24737     0.01344     0.21070     0.06605     0.21070     0.00615     0.00336     0.00089     0.00336     0.00615     0.52080
     2.39537     0.01960     0.33860     0.11300     0.33860     0.00725     0.00942     0.00148     0.00942     0.00725     0.84462
     2.54337     0.02657     0.39190     0.15470     0.39190     0.00679     0.01571     0.00187     0.01571     0.00679     1.01194
     2.69137     0.03652     0.34680     0.21630     0.34680     0.00539     0.01327     0.00217     0.01327     0.00539     0.98591
     2.83937     0.01417     0.34120     0.11890     0.34120     0.00409     0.01160     0.00117     0.01160     0.00409     0.84801
     2.98737     0.01259     0.23460     0.08393     0.23460     0.00288     0.00687     0.00103     0.00687     0.00288     0.58624
     3.13437     0.00332     0.04567     0.02139     0.04567     0.00043     0.00152     0.00026     0.00152     0.00043     0.12021
     3.28237     0.00000     0.00001     0.00000     0.00001     0.00000     0.00000     0.00000     0.00000     0.00000     0.00002
     3.43037     0.00000     0.00000     0.00000     0.00000     0.00000     0.00000     0.00000     0.00000     0.00000     0.00000
     3.57837     0.00000     0.00000     0.00000     0.00000     0.00000     0.00000     0.00000     0.00000     0.00000     0.00000
     3.72637     0.00086     0.00007     0.00190     0.00007     0.00000     0.00000     0.00002     0.00000     0.00000     0.00293
     3.87437     0.00784     0.00159     0.02175     0.00159     0.00019     0.00002     0.00031     0.00002     0.00019     0.03351
     4.02237     0.00781     0.00388     0.03487     0.00388     0.00070     0.00017     0.00098     0.00017     0.00070     0.05316
     4.17037     0.00673     0.00580     0.04414     0.00580     0.00153     0.00060     0.00252     0.00060     0.00153     0.06923
     4.31837     0.00588     0.00832     0.04605     0.00832     0.00284     0.00138     0.00491     0.00138     0.00284     0.08192
     4.46637     0.00505     0.01096     0.04012     0.01096     0.00438     0.00228     0.00528     0.00228     0.00438     0.08568
     4.61437     0.00552     0.01306     0.03493     0.01306     0.00560     0.00302     0.00521     0.00302     0.00560     0.08901
     4.76237     0.01259     0.01660     0.03710     0.01660     0.00669     0.00374     0.00529     0.00374     0.00669     0.10904
     4.91037     0.01419     0.02160     0.04057     0.02160     0.00779     0.00517     0.00650     0.00517     0.00779     0.13037
     5.05837     0.01245     0.02306     0.03588     0.02306     0.00930     0.00984     0.01173     0.00984     0.00930     0.14447
     5.20537     0.00853     0.02400     0.02493     0.02400     0.01071     0.01220     0.01279     0.01220     0.01071     0.14007
     5.35337     0.00523     0.02183     0.01414     0.02183     0.00877     0.00884     0.00788     0.00884     0.00877     0.10612
     5.50137     0.00785     0.03347     0.01760     0.03347     0.01038     0.00807     0.01760     0.00807     0.01038     0.14690
     5.64937     0.01138     0.04402     0.02838     0.04402     0.01318     0.01270     0.02229     0.01270     0.01318     0.20185
     5.79737     0.04171     0.08165     0.06246     0.08165     0.02402     0.03000     0.02720     0.03000     0.02402     0.40271
     5.94537     0.02679     0.07287     0.03668     0.07287     0.01725     0.02194     0.03950     0.02194     0.01725     0.32709
     6.09337     0.01024     0.03995     0.04219     0.03995     0.01016     0.01089     0.02444     0.01089     0.01016     0.19887
     6.24137     0.02109     0.03291     0.05764     0.03291     0.01033     0.01189     0.01166     0.01189     0.01033     0.20065
     6.38937     0.02580     0.06297     0.08399     0.06297     0.01769     0.01684     0.01774     0.01684     0.01769     0.32253
     6.53737     0.01806     0.04155     0.05776     0.04155     0.01274     0.01263     0.01455     0.01263     0.01274     0.22421
     6.68537     0.01651     0.04675     0.02469     0.04675     0.02959     0.02131     0.02459     0.02131     0.02959     0.26109
     6.83337     0.02680     0.07462     0.03400     0.07462     0.03943     0.03120     0.03862     0.03120     0.03943     0.38992
     6.98137     0.01375     0.05744     0.03893     0.05744     0.02848     0.02112     0.01627     0.02112     0.02848     0.28303
     7.12937     0.02576     0.04632     0.05968     0.04632     0.02122     0.02125     0.02998     0.02125     0.02122     0.29300
     7.27637     0.02311     0.05430     0.06362     0.05430     0.01361     0.01390     0.02251     0.01390     0.01361     0.27286
     7.42437     0.01466     0.05340     0.03412     0.05340     0.01889     0.01436     0.01372     0.01436     0.01889     0.23580
     7.57237     0.00703     0.05758     0.02697     0.05758     0.01237     0.00836     0.01149     0.00836     0.01237     0.20211
     7.72037     0.01368     0.06674     0.04041     0.06674     0.01698     0.01452     0.01565     0.01452     0.01698     0.26622
     7.86837     0.01343     0.04480     0.03857     0.04480     0.01758     0.02092     0.02079     0.02092     0.01758     0.23939
     8.01637     0.00990     0.05576     0.04571     0.05576     0.01449     0.01705     0.02766     0.01705     0.01449     0.25787
     8.16437     0.00633     0.03993     0.03230     0.03993     0.01094     0.01526     0.01710     0.01526     0.01094     0.18799
     8.31237     0.00724     0.03157     0.02198     0.03157     0.00754     0.01193     0.01009     0.01193     0.00754     0.14139
     8.46037     0.01666     0.03921     0.02658     0.03921     0.01206     0.02154     0.01537     0.02154     0.01206     0.20423
     8.60837     0.01551     0.05712     0.04549     0.05712     0.01835     0.02655     0.02321     0.02655     0.01835     0.28825
     8.75637     0.01269     0.03197     0.03931     0.03197     0.01608     0.02944     0.02243     0.02944     0.01608     0.22941
     8.90437     0.01430     0.01944     0.02957     0.01944     0.01103     0.02487     0.01576     0.02487     0.01103     0.17031
     9.05237     0.01709     0.01736     0.02865     0.01736     0.01016     0.02840     0.01503     0.02840     0.01016     0.17261
     9.19937     0.01932     0.02260     0.03983     0.02260     0.01618     0.02751     0.01846     0.02751     0.01618     0.21019
     9.34737     0.02519     0.02494     0.04397     0.02494     0.02651     0.03225     0.02610     0.03225     0.02651     0.26266
     9.49537     0.01765     0.01866     0.02683     0.01866     0.01836     0.02039     0.02003     0.02039     0.01836     0.17933
     9.64337     0.01985     0.02372     0.03270     0.02372     0.02002     0.02431     0.01846     0.02431     0.02002     0.20711
     9.79137     0.02407     0.02564     0.04827     0.02564     0.02448     0.02427     0.02312     0.02427     0.02448     0.24424
     9.93937     0.01758     0.03124     0.03753     0.03124     0.02372     0.02414     0.01642     0.02414     0.02372     0.22973
    10.08737     0.01451     0.02239     0.03580     0.02239     0.01820     0.02479     0.01709     0.02479     0.01820     0.19816
    10.23537     0.01939     0.03101     0.03226     0.03101     0.01850     0.02700     0.02479     0.02700     0.01850     0.22946
    10.38337     0.01781     0.02631     0.03174     0.02631     0.02200     0.03076     0.02373     0.03076     0.02200     0.23142
    10.53137     0.01745     0.02785     0.03989     0.02785     0.02625     0.02904     0.01745     0.02904     0.02625     0.24107
    10.67937     0.02138     0.02695     0.04294     0.02695     0.03463     0.02557     0.04315     0.02557     0.03463     0.28177
    10.82737     0.01658     0.01990     0.03410     0.01990     0.02392     0.02083     0.03746     0.02083     0.02392     0.21744
    10.97537     0.01851     0.02044     0.03839     0.02044     0.03103     0.02384     0.03078     0.02384     0.03103     0.23830
    11.12337     0.03020     0.02284     0.02873     0.02284     0.02502     0.02009     0.04526     0.02009     0.02502     0.24009
    11.27037     0.02320     0.02310     0.03633     0.02310     0.02428     0.02888     0.03173     0.02888     0.02428     0.24378
    11.41837     0.02403     0.01948     0.02007     0.01948     0.03372     0.03042     0.03967     0.03042     0.03372     0.25101
    11.56637     0.02814     0.02989     0.04011     0.02989     0.04371     0.03128     0.04083     0.03128     0.04371     0.31884
    11.71437     0.03036     0.03213     0.04154     0.03213     0.05348     0.03022     0.03631     0.03022     0.05348     0.33987
    11.86237     0.03104     0.02559     0.03002     0.02559     0.03637     0.02748     0.02565     0.02748     0.03637     0.26559
    12.01037     0.02861     0.02433     0.02506     0.02433     0.04123     0.03484     0.03467     0.03484     0.04123     0.28914
    12.15837     0.02519     0.03086     0.03122     0.03086     0.03906     0.03851     0.02605     0.03851     0.03906     0.29932
    12.30637     0.01746     0.03348     0.02860     0.03348     0.02803     0.02792     0.02293     0.02792     0.02803     0.24785
    12.45437     0.01663     0.03322     0.02563     0.03322     0.03096     0.03081     0.02046     0.03081     0.03096     0.25270
    12.60237     0.02650     0.03876     0.03992     0.03876     0.05151     0.04569     0.02982     0.04569     0.05151     0.36816
    12.75037     0.01768     0.03062     0.03251     0.03062     0.03650     0.03551     0.03229     0.03551     0.03650     0.28774
    12.89837     0.02191     0.02617     0.02890     0.02617     0.04596     0.03063     0.02358     0.03063     0.04596     0.27991
    13.04637     0.02155     0.02370     0.02971     0.02370     0.02990     0.03534     0.03125     0.03534     0.02990     0.26039
    13.19437     0.02107     0.02999     0.04635     0.02999     0.03336     0.03452     0.03192     0.03452     0.03336     0.29508
    13.34137     0.02344     0.03534     0.03741     0.03534     0.04280     0.04543     0.04272     0.04543     0.04280     0.35071
    13.48937     0.02598     0.03875     0.04045     0.03875     0.04334     0.03679     0.04487     0.03679     0.04334     0.34906
    13.63737     0.02072     0.02645     0.03470     0.02645     0.04923     0.02892     0.03659     0.02892     0.04923     0.30121
    13.78537     0.01895     0.02908     0.03422     0.02908     0.03305     0.03350     0.06130     0.03350     0.03305     0.30573
    13.93337     0.01946     0.02894     0.04456     0.02894     0.02816     0.02960     0.05313     0.02960     0.02816     0.29055
    14.08137     0.01954     0.03771     0.04291     0.03771     0.04321     0.03062     0.04206     0.03062     0.04321     0.32759
    14.22937     0.02276     0.04063     0.04777     0.04063     0.03942     0.03699     0.04479     0.03699     0.03942     0.34940
    14.37737     0.01875     0.02936     0.03585     0.02936     0.02912     0.02122     0.02852     0.02122     0.02912     0.24252
    14.52537     0.02102     0.03965     0.03811     0.03965     0.03688     0.02820     0.04305     0.02820     0.03688     0.31164
    14.67337     0.01617     0.02789     0.04415     0.02789     0.02935     0.03002     0.04762     0.03002     0.02935     0.28246
    14.82137     0.01756     0.03076     0.02493     0.03076     0.02663     0.02908     0.04055     0.02908     0.02663     0.25598
    14.96937     0.01638     0.04061     0.03328     0.04061     0.03708     0.03735     0.04851     0.03735     0.03708     0.32825
    15.11737     0.01906     0.02816     0.02992     0.02816     0.02932     0.02732     0.03601     0.02732     0.02932     0.25459
    15.26437     0.01553     0.02950     0.02334     0.02950     0.03182     0.02214     0.02581     0.02214     0.03182     0.23160
    15.41237     0.01927     0.01905     0.02056     0.01905     0.03291     0.03240     0.03320     0.03240     0.03291     0.24175
    15.56037     0.01343     0.02306     0.02529     0.02306     0.02198     0.02218     0.02548     0.02218     0.02198     0.19864
    15.70837     0.01771     0.02428     0.02154     0.02428     0.03267     0.02215     0.02221     0.02215     0.03267     0.21966
    15.85637     0.01133     0.01623     0.01325     0.01623     0.02472     0.02552     0.02088     0.02552     0.02472     0.17840
    16.00437     0.00605     0.01015     0.00832     0.01015     0.01540     0.01103     0.00822     0.01103     0.01540     0.09575
    16.15237     0.00107     0.00204     0.00179     0.00204     0.00211     0.00168     0.00141     0.00168     0.00211     0.01592
    16.30037     0.00000     0.00000     0.00000     0.00000     0.00000     0.00000     0.00000     0.00000     0.00000     0.00003
    16.44837     0.00000     0.00000     0.00000     0.00000     0.00000     0.00000     0.00000     0.00000     0.00000     0.00000
    16.59637     0.00000     0.00000     0.00000     0.00000     0.00000     0.00000     0.00000     0.00000     0.00000     0.00000
    16.74437     0.00000     0.00000     0.00000     0.00000     0.00000     0.00000     0.00000     0.00000     0.00000     0.00000
    16.89237     0.00000     0.00000     0.00000     0.00000     0.00000     0.00000     0.00000     0.00000     0.00000     0.00000
    17.04037     0.00000     0.00000     0.00000     0.00000     0.00000     0.00000     0.00000     0.00000     0.00000     0.00000
    17.18837     0.00000     0.00000     0.00000     0.00000     0.00000     0.00000     0.00000     0.00000     0.00000     0.00000
    17.33537     0.00000     0.00000     0.00000     0.00000     0.00000     0.00000     0.00000     0.00000     0.00000     0.00000
    17.48337     0.00000     0.00000     0.00000     0.00000     0.00000     0.00000     0.00000     0.00000     0.00000     0.00000
    17.63137     0.00000     0.00000     0.00000     0.00000     0.00000     0.00000     0.00000     0.00000     0.00000     0.00000
    17.77937     0.00000     0.00000     0.00000     0.00000     0.00000     0.00000     0.00000     0.00000     0.00000     0.00000
    17.92737     0.00000     0.00000     0.00000     0.00000     0.00000     0.00000     0.00000     0.00000     0.00000     0.00000
    18.07537     0.00000     0.00000     0.00000     0.00000     0.00000     0.00000     0.00000     0.00000     0.00000     0.00000
