     #Energy           s          py          pz          px         dxy         dyz         dz2         dxz      dx2-y2       tot  
   -26.22174     0.00000     0.00000     0.00000     0.00000     0.00000     0.00000     0.00000     0.00000     0.00000     0.00000
   -26.07674     0.00000     0.00000     0.00000     0.00000     0.00000     0.00000     0.00000     0.00000     0.00000     0.00000
   -25.93174     0.00000     0.00000     0.00000     0.00000     0.00000     0.00000     0.00000     0.00000     0.00000     0.00000
   -25.78674     0.00000     0.00000     0.00000     0.00000     0.00000     0.00000     0.00000     0.00000     0.00000     0.00000
   -25.64174     0.00000     0.00000     0.00000     0.00000     0.00000     0.00000     0.00000     0.00000     0.00000     0.00000
   -25.49674     0.00000     0.00000     0.00000     0.00000     0.00000     0.00000     0.00000     0.00000     0.00000     0.00000
   -25.35174     0.00000     0.00000     0.00000     0.00000     0.00000     0.00000     0.00000     0.00000     0.00000     0.00000
   -25.20674     0.00000     0.00000     0.00000     0.00000     0.00000     0.00000     0.00000     0.00000     0.00000     0.00000
   -25.06174     0.00000     0.00000     0.00000     0.00000     0.00000     0.00000     0.00000     0.00000     0.00000     0.00000
   -24.91674     0.00000     0.00000     0.00000     0.00000     0.00000     0.00000     0.00000     0.00000     0.00000     0.00000
   -24.77174     0.00000     0.00000     0.00000     0.00000     0.00000     0.00000     0.00000     0.00000     0.00000     0.00000
   -24.62674     0.00000     0.00000     0.00000     0.00000     0.00000     0.00000     0.00000     0.00000     0.00000     0.00000
   -24.48074     0.00000     0.00000     0.00000     0.00000     0.00000     0.00000     0.00000     0.00000     0.00000     0.00000
   -24.33574     0.00000     0.00000     0.00000     0.00000     0.02375     0.01514     0.01231     0.01514     0.02375     0.09009
   -24.19074     0.00001     0.00001     0.00002     0.00001     5.03700     4.89800     4.85900     4.89800     5.03700    24.72905
   -24.04574     0.00000     0.00000     0.00000     0.00000     0.37690     0.51310     0.55900     0.51310     0.37690     2.33901
   -23.90074     0.00000     0.00000     0.00000     0.00000     0.00000     0.00000     0.00000     0.00000     0.00000     0.00000
   -23.75574     0.00000     0.00000     0.00000     0.00000     0.00000     0.00000     0.00000     0.00000     0.00000     0.00000
   -23.61074     0.00000     0.00000     0.00000     0.00000     0.00000     0.00000     0.00000     0.00000     0.00000     0.00000
   -23.46574     0.00000     0.00000     0.00000     0.00000     0.00000     0.00000     0.00000     0.00000     0.00000     0.00000
   -23.32074     0.00000     0.00000     0.00000     0.00000     0.00000     0.00000     0.00000     0.00000     0.00000     0.00000
   -23.17574     0.00000     0.00000     0.00000     0.00000     0.00000     0.00000     0.00000     0.00000     0.00000     0.00000
   -23.03074     0.00000     0.00000     0.00000     0.00000     0.00000     0.00000     0.00000     0.00000     0.00000     0.00000
   -22.88574     0.00000     0.00000     0.00000     0.00000     0.00000     0.00000     0.00000     0.00000     0.00000     0.00000
   -22.74074     0.00000     0.00000     0.00000     0.00000     0.00000     0.00000     0.00000     0.00000     0.00000     0.00000
   -22.59474     0.00000     0.00000     0.00000     0.00000     0.00000     0.00000     0.00000     0.00000     0.00000     0.00000
   -22.44974     0.00000     0.00000     0.00000     0.00000     0.00000     0.00000     0.00000     0.00000     0.00000     0.00000
   -22.30474     0.00000     0.00000     0.00000     0.00000     0.00000     0.00000     0.00000     0.00000     0.00000     0.00000
   -22.15974     0.00000     0.00000     0.00000     0.00000     0.00000     0.00000     0.00000     0.00000     0.00000     0.00000
   -22.01474     0.00000     0.00000     0.00000     0.00000     0.00000     0.00000     0.00000     0.00000     0.00000     0.00000
   -21.86974     0.00000     0.00000     0.00000     0.00000     0.00000     0.00000     0.00000     0.00000     0.00000     0.00000
   -21.72474     0.00000     0.00000     0.00000     0.00000     0.00000     0.00000     0.00000     0.00000     0.00000     0.00000
   -21.57974     0.00000     0.00000     0.00000     0.00000     0.00000     0.00000     0.00000     0.00000     0.00000     0.00000
   -21.43474     0.00000     0.00000     0.00000     0.00000     0.00005     0.00001     0.00001     0.00001     0.00005     0.00013
   -21.28974     0.00001     0.00001     0.00001     0.00001     3.10500     2.36900     2.21600     2.36900     3.10500    13.16403
   -21.14474     0.00002     0.00002     0.00002     0.00002     5.06800     5.82100     5.97000     5.82100     5.06800    27.74808
   -20.99974     0.00000     0.00000     0.00000     0.00000     0.00070     0.00164     0.00203     0.00164     0.00070     0.00670
   -20.85474     0.00000     0.00000     0.00000     0.00000     0.00000     0.00000     0.00000     0.00000     0.00000     0.00000
   -20.70874     0.00000     0.00000     0.00000     0.00000     0.00000     0.00000     0.00000     0.00000     0.00000     0.00000
   -20.56374     0.00000     0.00000     0.00000     0.00000     0.00000     0.00000     0.00000     0.00000     0.00000     0.00000
   -20.41874     0.00000     0.00000     0.00000     0.00000     0.00000     0.00000     0.00000     0.00000     0.00000     0.00000
   -20.27374     0.00000     0.00000     0.00000     0.00000     0.00000     0.00000     0.00000     0.00000     0.00000     0.00000
   -20.12874     0.00000     0.00000     0.00000     0.00000     0.00000     0.00000     0.00000     0.00000     0.00000     0.00000
   -19.98374     0.00000     0.00000     0.00000     0.00000     0.00000     0.00000     0.00000     0.00000     0.00000     0.00000
   -19.83874     0.00000     0.00000     0.00000     0.00000     0.00000     0.00000     0.00000     0.00000     0.00000     0.00000
   -19.69374     0.00000     0.00000     0.00000     0.00000     0.00000     0.00000     0.00000     0.00000     0.00000     0.00000
   -19.54874     0.00000     0.00000     0.00000     0.00000     0.00000     0.00000     0.00000     0.00000     0.00000     0.00000
   -19.40374     0.00000     0.00000     0.00000     0.00000     0.00000     0.00000     0.00000     0.00000     0.00000     0.00000
   -19.25874     0.00000     0.00000     0.00000     0.00000     0.00000     0.00000     0.00000     0.00000     0.00000     0.00000
   -19.11374     0.00000     0.00000     0.00000     0.00000     0.00000     0.00000     0.00000     0.00000     0.00000     0.00000
   -18.96874     0.00000     0.00000     0.00000     0.00000     0.00000     0.00000     0.00000     0.00000     0.00000     0.00000
   -18.82274     0.00000     0.00000     0.00000     0.00000     0.00000     0.00000     0.00000     0.00000     0.00000     0.00000
   -18.67774     0.00000     0.00000     0.00000     0.00000     0.00000     0.00000     0.00000     0.00000     0.00000     0.00000
   -18.53274     0.00000     0.00000     0.00000     0.00000     0.00000     0.00000     0.00000     0.00000     0.00000     0.00000
   -18.38774     0.00000     0.00000     0.00000     0.00000     0.00000     0.00000     0.00000     0.00000     0.00000     0.00000
   -18.24274     0.00000     0.00000     0.00000     0.00000     0.00000     0.00000     0.00000     0.00000     0.00000     0.00000
   -18.09774     0.00000     0.00000     0.00000     0.00000     0.00000     0.00000     0.00000     0.00000     0.00000     0.00000
   -17.95274     0.00000     0.00000     0.00000     0.00000     0.00000     0.00000     0.00000     0.00000     0.00000     0.00000
   -17.80774     0.00000     0.00000     0.00000     0.00000     0.00000     0.00000     0.00000     0.00000     0.00000     0.00000
   -17.66274     0.00000     0.00000     0.00000     0.00000     0.00000     0.00000     0.00000     0.00000     0.00000     0.00000
   -17.51774     0.00000     0.00000     0.00000     0.00000     0.00000     0.00000     0.00000     0.00000     0.00000     0.00000
   -17.37274     0.00000     0.00000     0.00000     0.00000     0.00000     0.00000     0.00000     0.00000     0.00000     0.00000
   -17.22774     0.00000     0.00000     0.00000     0.00000     0.00000     0.00000     0.00000     0.00000     0.00000     0.00000
   -17.08274     0.00000     0.00000     0.00000     0.00000     0.00000     0.00000     0.00000     0.00000     0.00000     0.00000
   -16.93674     0.00000     0.00000     0.00000     0.00000     0.00000     0.00000     0.00000     0.00000     0.00000     0.00000
   -16.79174     0.00000     0.00000     0.00000     0.00000     0.00000     0.00000     0.00000     0.00000     0.00000     0.00000
   -16.64674     0.00000     0.00000     0.00000     0.00000     0.00000     0.00000     0.00000     0.00000     0.00000     0.00000
   -16.50174     0.00000     0.00000     0.00000     0.00000     0.00000     0.00000     0.00000     0.00000     0.00000     0.00000
   -16.35674     0.00000     0.00000     0.00000     0.00000     0.00000     0.00000     0.00000     0.00000     0.00000     0.00000
   -16.21174     0.00000     0.00000     0.00000     0.00000     0.00000     0.00000     0.00000     0.00000     0.00000     0.00000
   -16.06674     0.00000     0.00000     0.00000     0.00000     0.00000     0.00000     0.00000     0.00000     0.00000     0.00000
   -15.92174     0.00000     0.00000     0.00000     0.00000     0.00000     0.00000     0.00000     0.00000     0.00000     0.00000
   -15.77674     0.00000     0.00000     0.00000     0.00000     0.00000     0.00000     0.00000     0.00000     0.00000     0.00000
   -15.63174     0.00000     0.00000     0.00000     0.00000     0.00000     0.00000     0.00000     0.00000     0.00000     0.00000
   -15.48674     0.00000     0.00000     0.00000     0.00000     0.00000     0.00000     0.00000     0.00000     0.00000     0.00000
   -15.34174     0.00000     0.00000     0.00000     0.00000     0.00000     0.00000     0.00000     0.00000     0.00000     0.00000
   -15.19674     0.00000     0.00000     0.00000     0.00000     0.00000     0.00000     0.00000     0.00000     0.00000     0.00000
   -15.05074     0.00000     0.00000     0.00000     0.00000     0.00000     0.00000     0.00000     0.00000     0.00000     0.00000
   -14.90574     0.00000     0.00000     0.00000     0.00000     0.00000     0.00000     0.00000     0.00000     0.00000     0.00000
   -14.76074     0.00000     0.00000     0.00000     0.00000     0.00000     0.00000     0.00000     0.00000     0.00000     0.00000
   -14.61574     0.00000     0.00000     0.00000     0.00000     0.00000     0.00000     0.00000     0.00000     0.00000     0.00000
   -14.47074     0.00000     0.00000     0.00000     0.00000     0.00000     0.00000     0.00000     0.00000     0.00000     0.00000
   -14.32574     0.00000     0.00000     0.00000     0.00000     0.00000     0.00000     0.00000     0.00000     0.00000     0.00000
   -14.18074     0.00000     0.00000     0.00000     0.00000     0.00000     0.00000     0.00000     0.00000     0.00000     0.00000
   -14.03574     0.00000     0.00000     0.00000     0.00000     0.00000     0.00000     0.00000     0.00000     0.00000     0.00000
   -13.89074     0.00000     0.00000     0.00000     0.00000     0.00000     0.00000     0.00000     0.00000     0.00000     0.00000
   -13.74574     0.00000     0.00000     0.00000     0.00000     0.00000     0.00000     0.00000     0.00000     0.00000     0.00000
   -13.60074     0.00000     0.00000     0.00000     0.00000     0.00000     0.00000     0.00000     0.00000     0.00000     0.00000
   -13.45574     0.00000     0.00000     0.00000     0.00000     0.00000     0.00000     0.00000     0.00000     0.00000     0.00000
   -13.31074     0.00000     0.00000     0.00000     0.00000     0.00000     0.00000     0.00000     0.00000     0.00000     0.00000
   -13.16474     0.00000     0.00000     0.00000     0.00000     0.00000     0.00000     0.00000     0.00000     0.00000     0.00000
   -13.01974     0.00000     0.00000     0.00000     0.00000     0.00000     0.00000     0.00000     0.00000     0.00000     0.00000
   -12.87474     0.00000     0.00000     0.00000     0.00000     0.00000     0.00000     0.00000     0.00000     0.00000     0.00000
   -12.72974     0.00000     0.00000     0.00000     0.00000     0.00000     0.00000     0.00000     0.00000     0.00000     0.00000
   -12.58474     0.00000     0.00000     0.00000     0.00000     0.00000     0.00000     0.00000     0.00000     0.00000     0.00000
   -12.43974     0.00000     0.00000     0.00000     0.00000     0.00000     0.00000     0.00000     0.00000     0.00000     0.00000
   -12.29474     0.00000     0.00000     0.00000     0.00000     0.00000     0.00000     0.00000     0.00000     0.00000     0.00000
   -12.14974     0.00000     0.00000     0.00000     0.00000     0.00000     0.00000     0.00000     0.00000     0.00000     0.00000
   -12.00474     0.00000     0.00000     0.00000     0.00000     0.00000     0.00000     0.00000     0.00000     0.00000     0.00000
   -11.85974     0.00000     0.00000     0.00000     0.00000     0.00000     0.00000     0.00000     0.00000     0.00000     0.00000
   -11.71474     0.00000     0.00000     0.00000     0.00000     0.00000     0.00000     0.00000     0.00000     0.00000     0.00000
   -11.56974     0.00000     0.00000     0.00000     0.00000     0.00000     0.00000     0.00000     0.00000     0.00000     0.00000
   -11.42374     0.00000     0.00000     0.00000     0.00000     0.00000     0.00000     0.00000     0.00000     0.00000     0.00000
   -11.27874     0.00000     0.00000     0.00000     0.00000     0.00000     0.00000     0.00000     0.00000     0.00000     0.00000
   -11.13374     0.00000     0.00000     0.00000     0.00000     0.00000     0.00000     0.00000     0.00000     0.00000     0.00000
   -10.98874     0.00000     0.00000     0.00000     0.00000     0.00000     0.00000     0.00000     0.00000     0.00000     0.00000
   -10.84374     0.06063     0.00001     0.00009     0.00001     0.00000     0.00000     0.00004     0.00000     0.00000     0.06077
   -10.69874     0.81240     0.00025     0.00111     0.00025     0.00003     0.00002     0.00045     0.00002     0.00003     0.81454
   -10.55374     1.07800     0.00071     0.00122     0.00071     0.00009     0.00004     0.00043     0.00004     0.00009     1.08133
   -10.40874     1.36900     0.00111     0.00122     0.00111     0.00015     0.00006     0.00036     0.00006     0.00015     1.37321
   -10.26374     2.15800     0.00139     0.00141     0.00139     0.00023     0.00007     0.00034     0.00007     0.00023     2.16312
   -10.11874     2.87000     0.00095     0.00142     0.00095     0.00020     0.00005     0.00027     0.00005     0.00020     2.87410
    -9.97374     0.26050     0.00003     0.00011     0.00003     0.00001     0.00000     0.00002     0.00000     0.00001     0.26069
    -9.82874     0.00000     0.00000     0.00000     0.00000     0.00000     0.00000     0.00000     0.00000     0.00000     0.00000
    -9.68374     0.00000     0.00000     0.00000     0.00000     0.00000     0.00000     0.00000     0.00000     0.00000     0.00000
    -9.53774     0.00000     0.00000     0.00000     0.00000     0.00000     0.00000     0.00000     0.00000     0.00000     0.00000
    -9.39274     0.00000     0.00000     0.00000     0.00000     0.00000     0.00000     0.00000     0.00000     0.00000     0.00000
    -9.24774     0.00000     0.00000     0.00000     0.00000     0.00000     0.00000     0.00000     0.00000     0.00000     0.00000
    -9.10274     0.00000     0.00000     0.00000     0.00000     0.00000     0.00000     0.00000     0.00000     0.00000     0.00000
    -8.95774     0.00000     0.00000     0.00000     0.00000     0.00000     0.00000     0.00000     0.00000     0.00000     0.00000
    -8.81274     0.00000     0.00000     0.00000     0.00000     0.00000     0.00000     0.00000     0.00000     0.00000     0.00000
    -8.66774     0.00000     0.00000     0.00000     0.00000     0.00000     0.00000     0.00000     0.00000     0.00000     0.00000
    -8.52274     0.00020     0.00037     0.00001     0.00037     0.00004     0.00001     0.00000     0.00001     0.00004     0.00105
    -8.37774     0.03617     0.01689     0.00041     0.01689     0.00170     0.00065     0.00004     0.00065     0.00170     0.07511
    -8.23274     0.19730     0.03576     0.00121     0.03576     0.00339     0.00140     0.00022     0.00140     0.00339     0.27983
    -8.08774     0.19470     0.01968     0.00113     0.01968     0.00183     0.00076     0.00024     0.00076     0.00183     0.24062
    -7.94274     0.18530     0.01243     0.00121     0.01243     0.00114     0.00048     0.00026     0.00048     0.00114     0.21488
    -7.79774     0.17760     0.00874     0.00135     0.00874     0.00080     0.00033     0.00029     0.00033     0.00080     0.19898
    -7.65174     0.17470     0.00643     0.00158     0.00643     0.00059     0.00024     0.00031     0.00024     0.00059     0.19111
    -7.50674     0.17750     0.00474     0.00191     0.00474     0.00043     0.00018     0.00036     0.00018     0.00043     0.19046
    -7.36174     0.17840     0.00310     0.00233     0.00310     0.00028     0.00012     0.00040     0.00012     0.00028     0.18812
    -7.21674     0.17550     0.00154     0.00276     0.00154     0.00014     0.00006     0.00043     0.00006     0.00014     0.18216
    -7.07174     0.08774     0.00025     0.00157     0.00025     0.00002     0.00001     0.00023     0.00001     0.00002     0.09010
    -6.92674     0.00039     0.00000     0.00001     0.00000     0.00000     0.00000     0.00000     0.00000     0.00000     0.00040
    -6.78174     0.00000     0.00000     0.00000     0.00000     0.00000     0.00000     0.00000     0.00000     0.00000     0.00000
    -6.63674     0.00000     0.00000     0.00000     0.00000     0.00000     0.00000     0.00000     0.00000     0.00000     0.00000
    -6.49174     0.00000     0.00000     0.00000     0.00000     0.00000     0.00000     0.00000     0.00000     0.00000     0.00000
    -6.34674     0.00000     0.00000     0.00000     0.00000     0.00000     0.00000     0.00000     0.00000     0.00000     0.00000
    -6.20174     0.00000     0.00000     0.00000     0.00000     0.00000     0.00000     0.00000     0.00000     0.00000     0.00000
    -6.05674     0.00000     0.00000     0.00000     0.00000     0.00000     0.00000     0.00000     0.00000     0.00000     0.00000
    -5.91174     0.00000     0.00000     0.00000     0.00000     0.00000     0.00000     0.00000     0.00000     0.00000     0.00000
    -5.76574     0.00000     0.00000     0.00000     0.00000     0.00000     0.00000     0.00000     0.00000     0.00000     0.00000
    -5.62074     0.00000     0.00000     0.00000     0.00000     0.00000     0.00000     0.00000     0.00000     0.00000     0.00000
    -5.47574     0.00000     0.00000     0.00000     0.00000     0.00000     0.00000     0.00000     0.00000     0.00000     0.00000
    -5.33074     0.00000     0.00000     0.00000     0.00000     0.00000     0.00000     0.00000     0.00000     0.00000     0.00000
    -5.18574     0.00000     0.00000     0.00000     0.00000     0.00000     0.00000     0.00000     0.00000     0.00000     0.00000
    -5.04074     0.00000     0.00000     0.00000     0.00000     0.00000     0.00000     0.00000     0.00000     0.00000     0.00000
    -4.89574     0.00000     0.00000     0.00000     0.00000     0.00000     0.00000     0.00000     0.00000     0.00000     0.00000
    -4.75074     0.00000     0.00000     0.00000     0.00000     0.00000     0.00000     0.00000     0.00000     0.00000     0.00000
    -4.60574     0.00000     0.00000     0.00000     0.00000     0.00000     0.00000     0.00000     0.00000     0.00000     0.00000
    -4.46074     0.00000     0.00000     0.00000     0.00000     0.00000     0.00000     0.00000     0.00000     0.00000     0.00000
    -4.31574     0.00000     0.00000     0.00000     0.00000     0.00000     0.00000     0.00000     0.00000     0.00000     0.00000
    -4.17074     0.00000     0.00000     0.00000     0.00000     0.00000     0.00000     0.00000     0.00000     0.00000     0.00000
    -4.02574     0.00000     0.00000     0.00000     0.00000     0.00000     0.00000     0.00000     0.00000     0.00000     0.00000
    -3.87974     0.00000     0.00000     0.00000     0.00000     0.00000     0.00000     0.00000     0.00000     0.00000     0.00000
    -3.73474     0.00000     0.00000     0.00000     0.00000     0.00000     0.00000     0.00000     0.00000     0.00000     0.00000
    -3.58974     0.00000     0.00000     0.00000     0.00000     0.00000     0.00000     0.00000     0.00000     0.00000     0.00000
    -3.44474     0.00000     0.00000     0.00000     0.00000     0.00000     0.00000     0.00000     0.00000     0.00000     0.00000
    -3.29974     0.00000     0.00001     0.00000     0.00001     0.00000     0.00000     0.00000     0.00000     0.00000     0.00003
    -3.15474     0.00012     0.02821     0.00575     0.02821     0.00002     0.00013     0.00000     0.00013     0.00002     0.06260
    -3.00974     0.00064     0.09304     0.02048     0.09304     0.00014     0.00042     0.00001     0.00042     0.00014     0.20834
    -2.86474     0.00114     0.10500     0.02701     0.10500     0.00029     0.00045     0.00002     0.00045     0.00029     0.23965
    -2.71974     0.00204     0.14560     0.04199     0.14560     0.00054     0.00067     0.00002     0.00067     0.00054     0.33766
    -2.57474     0.00563     0.27440     0.10010     0.27440     0.00124     0.00138     0.00004     0.00138     0.00124     0.65981
    -2.42974     0.00675     0.31940     0.14350     0.31940     0.00202     0.00157     0.00006     0.00157     0.00202     0.79629
    -2.28474     0.00551     0.28430     0.07793     0.28430     0.00223     0.00162     0.00007     0.00162     0.00223     0.65981
    -2.13974     0.00428     0.21570     0.03464     0.21570     0.00230     0.00089     0.00002     0.00089     0.00230     0.47673
    -1.99374     0.00881     0.10810     0.06355     0.10810     0.00103     0.00032     0.00005     0.00032     0.00103     0.29131
    -1.84874     0.03622     0.23610     0.31150     0.23610     0.00206     0.00065     0.00020     0.00065     0.00206     0.82554
    -1.70374     0.02619     0.20990     0.26940     0.20990     0.00315     0.00075     0.00029     0.00075     0.00315     0.72347
    -1.55874     0.02043     0.15990     0.21140     0.15990     0.00269     0.00061     0.00034     0.00061     0.00269     0.55856
    -1.41374     0.01226     0.07366     0.09851     0.07366     0.00164     0.00036     0.00029     0.00036     0.00164     0.26238
    -1.26874     0.00918     0.03927     0.06760     0.03927     0.00096     0.00022     0.00024     0.00022     0.00096     0.15793
    -1.12374     0.00593     0.01320     0.03994     0.01320     0.00028     0.00009     0.00013     0.00009     0.00028     0.07315
    -0.97874     0.00326     0.00827     0.02569     0.00827     0.00025     0.00008     0.00022     0.00008     0.00025     0.04637
    -0.83374     0.00860     0.02233     0.09137     0.02233     0.00051     0.00026     0.00060     0.00026     0.00051     0.14676
    -0.68874     0.01580     0.05113     0.17330     0.05113     0.00083     0.00070     0.00111     0.00070     0.00083     0.29551
    -0.54374     0.02536     0.08173     0.30300     0.08173     0.00120     0.00138     0.00170     0.00138     0.00120     0.49867
    -0.39874     0.04709     0.16230     0.57620     0.16230     0.00264     0.00296     0.00364     0.00296     0.00264     0.96272
    -0.25374     0.05712     0.09031     0.28190     0.09031     0.00251     0.00222     0.00514     0.00222     0.00251     0.53424
    -0.10774     0.02877     0.00787     0.02709     0.00787     0.00077     0.00090     0.00273     0.00090     0.00077     0.07767
     0.03726     0.00041     0.00006     0.00027     0.00006     0.00001     0.00001     0.00004     0.00001     0.00001     0.00089
     0.18226     0.01934     0.01676     0.08981     0.01676     0.00142     0.00067     0.00185     0.00067     0.00142     0.14869
     0.32726     0.06605     0.06372     0.29910     0.06372     0.00463     0.00236     0.00682     0.00236     0.00463     0.51339
     0.47226     0.02697     0.05582     0.22960     0.05582     0.00262     0.00096     0.00316     0.00096     0.00262     0.37854
     0.61726     0.02750     0.09735     0.39210     0.09735     0.00328     0.00081     0.00287     0.00081     0.00328     0.62535
     0.76226     0.01557     0.07311     0.31970     0.07311     0.00161     0.00039     0.00175     0.00039     0.00161     0.48722
     0.90726     0.02007     0.05352     0.25910     0.05352     0.00209     0.00042     0.00236     0.00042     0.00209     0.39359
     1.05226     0.01213     0.02538     0.05939     0.02538     0.00057     0.00018     0.00074     0.00018     0.00057     0.12452
     1.19726     0.01420     0.02612     0.07416     0.02612     0.00072     0.00019     0.00082     0.00019     0.00072     0.14323
     1.34226     0.00560     0.06194     0.04100     0.06194     0.00276     0.00020     0.00031     0.00020     0.00276     0.17672
     1.48726     0.01127     0.06587     0.07149     0.06587     0.00334     0.00026     0.00062     0.00026     0.00334     0.22233
     1.63326     0.00754     0.06398     0.05865     0.06398     0.00376     0.00022     0.00035     0.00022     0.00376     0.20246
     1.77826     0.00957     0.08770     0.07188     0.08770     0.00548     0.00029     0.00029     0.00029     0.00548     0.26867
     1.92326     0.01351     0.13680     0.07851     0.13680     0.00737     0.00037     0.00039     0.00037     0.00737     0.38148
     2.06826     0.02427     0.22980     0.10930     0.22980     0.01115     0.00067     0.00060     0.00067     0.01115     0.61741
     2.21326     0.02127     0.18790     0.08254     0.18790     0.00802     0.00077     0.00046     0.00077     0.00802     0.49766
     2.35826     0.01718     0.23340     0.06834     0.23340     0.00907     0.00111     0.00033     0.00111     0.00907     0.57302
     2.50326     0.02186     0.25430     0.08034     0.25430     0.00706     0.00160     0.00041     0.00160     0.00706     0.62853
     2.64826     0.01520     0.20090     0.05670     0.20090     0.00552     0.00191     0.00026     0.00191     0.00552     0.48883
     2.79326     0.01911     0.28530     0.07708     0.28530     0.00636     0.00520     0.00041     0.00520     0.00636     0.69032
     2.93826     0.01441     0.32060     0.07941     0.32060     0.00431     0.01418     0.00066     0.01418     0.00431     0.77267
     3.08326     0.00529     0.20210     0.02605     0.20210     0.00356     0.00686     0.00021     0.00686     0.00356     0.45658
     3.22826     0.00782     0.29000     0.04849     0.29000     0.00387     0.01366     0.00020     0.01366     0.00387     0.67158
     3.37326     0.00224     0.05684     0.01336     0.05684     0.00067     0.00230     0.00002     0.00230     0.00067     0.13524
     3.51926     0.00000     0.00002     0.00000     0.00002     0.00000     0.00000     0.00000     0.00000     0.00000     0.00004
     3.66426     0.00048     0.00002     0.00063     0.00002     0.00000     0.00000     0.00001     0.00000     0.00000     0.00117
     3.80926     0.00966     0.00129     0.01439     0.00129     0.00015     0.00003     0.00033     0.00003     0.00015     0.02731
     3.95426     0.01168     0.00418     0.02352     0.00418     0.00062     0.00020     0.00105     0.00020     0.00062     0.04626
     4.09926     0.01058     0.00677     0.02757     0.00677     0.00128     0.00065     0.00248     0.00065     0.00128     0.05805
     4.24426     0.00859     0.00837     0.02496     0.00837     0.00186     0.00137     0.00437     0.00137     0.00186     0.06113
     4.38926     0.00674     0.00962     0.02455     0.00962     0.00215     0.00209     0.00631     0.00209     0.00215     0.06535
     4.53426     0.00539     0.01101     0.02807     0.01101     0.00225     0.00261     0.00745     0.00261     0.00225     0.07266
     4.67926     0.00503     0.01271     0.02818     0.01271     0.00234     0.00308     0.00766     0.00308     0.00234     0.07713
     4.82426     0.01060     0.01671     0.03117     0.01671     0.00273     0.00410     0.00875     0.00410     0.00273     0.09760
     4.96926     0.01170     0.02342     0.03411     0.02342     0.00327     0.00567     0.01046     0.00567     0.00327     0.12099
     5.11426     0.01078     0.03966     0.03065     0.03966     0.00580     0.00823     0.01301     0.00823     0.00580     0.16181
     5.25926     0.00919     0.04584     0.02304     0.04584     0.01200     0.00948     0.01699     0.00948     0.01200     0.18387
     5.40526     0.00557     0.04497     0.01968     0.04497     0.01439     0.00777     0.01792     0.00777     0.01439     0.17743
     5.55026     0.00793     0.01155     0.01184     0.01155     0.00573     0.00479     0.01027     0.00479     0.00573     0.07420
     5.69526     0.02010     0.03215     0.03179     0.03215     0.01212     0.01177     0.02064     0.01177     0.01212     0.18461
     5.84026     0.03362     0.07366     0.04566     0.07366     0.01720     0.02378     0.02387     0.02378     0.01720     0.33243
     5.98526     0.02140     0.06423     0.03886     0.06423     0.01633     0.01881     0.02036     0.01881     0.01633     0.27936
     6.13026     0.01356     0.04848     0.04901     0.04848     0.01230     0.01066     0.00967     0.01066     0.01230     0.21512
     6.27526     0.01818     0.07638     0.07432     0.07638     0.01950     0.01978     0.01463     0.01978     0.01950     0.33845
     6.42026     0.01763     0.09461     0.04250     0.09461     0.02505     0.01857     0.01073     0.01857     0.02505     0.34732
     6.56526     0.01519     0.06953     0.03553     0.06953     0.02770     0.03232     0.01480     0.03232     0.02770     0.32462
     6.71026     0.01531     0.05483     0.04990     0.05483     0.02946     0.04436     0.01552     0.04436     0.02946     0.33803
     6.85526     0.01236     0.02341     0.03736     0.02341     0.01273     0.02015     0.00968     0.02015     0.01273     0.17198
     7.00026     0.02116     0.06136     0.05317     0.06136     0.01422     0.02121     0.01864     0.02121     0.01422     0.28655
     7.14526     0.01782     0.05883     0.07056     0.05883     0.01158     0.02060     0.01973     0.02060     0.01158     0.29013
     7.29126     0.01100     0.04762     0.05327     0.04762     0.01308     0.02428     0.02442     0.02428     0.01308     0.25865
     7.43626     0.01441     0.03347     0.04541     0.03347     0.01027     0.01749     0.02017     0.01749     0.01027     0.20245
     7.58126     0.01485     0.02063     0.03765     0.02063     0.00393     0.01009     0.01285     0.01009     0.00393     0.13465
     7.72626     0.00983     0.02254     0.03158     0.02254     0.00682     0.01895     0.02761     0.01895     0.00682     0.16564
     7.87126     0.00905     0.01176     0.03877     0.01176     0.00492     0.01685     0.02617     0.01685     0.00492     0.14105
     8.01626     0.00643     0.01054     0.03095     0.01054     0.00280     0.00960     0.01095     0.00960     0.00280     0.09422
     8.16126     0.01459     0.01682     0.03082     0.01682     0.00790     0.01780     0.01356     0.01780     0.00790     0.14400
     8.30626     0.01351     0.02533     0.03430     0.02533     0.01510     0.02083     0.01387     0.02083     0.01510     0.18420
     8.45126     0.02326     0.01913     0.03505     0.01913     0.01656     0.02842     0.01448     0.02842     0.01656     0.20101
     8.59626     0.01900     0.01467     0.02247     0.01467     0.01354     0.01801     0.01500     0.01801     0.01354     0.14891
     8.74126     0.01810     0.01727     0.03385     0.01727     0.02189     0.02136     0.01875     0.02136     0.02189     0.19174
     8.88626     0.01882     0.02110     0.03119     0.02110     0.03163     0.03457     0.01707     0.03457     0.03163     0.24168
     9.03126     0.01739     0.01585     0.03251     0.01585     0.02032     0.02095     0.01053     0.02095     0.02032     0.17467
     9.17726     0.02065     0.01983     0.03402     0.01983     0.02699     0.02420     0.01407     0.02420     0.02699     0.21078
     9.32226     0.03376     0.02670     0.05240     0.02670     0.03879     0.01869     0.01862     0.01869     0.03879     0.27314
     9.46726     0.03589     0.02975     0.04959     0.02975     0.03323     0.02935     0.02670     0.02935     0.03323     0.29684
     9.61226     0.02898     0.02218     0.03646     0.02218     0.02271     0.01818     0.02466     0.01818     0.02271     0.21624
     9.75726     0.02486     0.02696     0.04005     0.02696     0.02140     0.02407     0.02802     0.02407     0.02140     0.23779
     9.90226     0.02425     0.02770     0.03886     0.02770     0.02483     0.02027     0.03757     0.02027     0.02483     0.24628
    10.04726     0.02624     0.02684     0.03873     0.02684     0.03564     0.03262     0.06218     0.03262     0.03564     0.31735
    10.19226     0.03055     0.02080     0.04110     0.02080     0.02574     0.02451     0.04517     0.02451     0.02574     0.25892
    10.33726     0.05198     0.03178     0.04995     0.03178     0.03760     0.02889     0.03949     0.02889     0.03760     0.33796
    10.48226     0.02665     0.02546     0.04012     0.02546     0.02058     0.02293     0.02144     0.02293     0.02058     0.22615
    10.62726     0.02909     0.03399     0.02821     0.03399     0.03708     0.02890     0.02511     0.02890     0.03708     0.28235
    10.77226     0.02743     0.04904     0.03648     0.04904     0.03817     0.03643     0.03209     0.03643     0.03817     0.34328
    10.91726     0.01803     0.04007     0.03515     0.04007     0.02662     0.02363     0.03450     0.02363     0.02662     0.26832
    11.06326     0.01784     0.04558     0.03794     0.04558     0.03176     0.02951     0.04503     0.02951     0.03176     0.31451
    11.20826     0.02020     0.03745     0.03701     0.03745     0.02975     0.03072     0.05805     0.03072     0.02975     0.31110
    11.35326     0.01433     0.02423     0.02767     0.02423     0.02867     0.02058     0.03483     0.02058     0.02867     0.22379
    11.49826     0.01473     0.03843     0.02278     0.03843     0.03616     0.03274     0.02658     0.03274     0.03616     0.27875
    11.64326     0.01951     0.04199     0.04065     0.04199     0.04640     0.03918     0.02929     0.03918     0.04640     0.34459
    11.78826     0.02099     0.03143     0.02936     0.03143     0.03631     0.03021     0.03292     0.03021     0.03631     0.27917
    11.93326     0.01595     0.03791     0.03997     0.03791     0.04068     0.03501     0.03281     0.03501     0.04068     0.31593
    12.07826     0.02277     0.02548     0.02328     0.02548     0.03070     0.02972     0.02127     0.02972     0.03070     0.23912
    12.22326     0.01956     0.02433     0.03320     0.02433     0.02643     0.03204     0.02812     0.03204     0.02643     0.24648
    12.36826     0.01880     0.03276     0.02402     0.03276     0.04193     0.02723     0.02594     0.02723     0.04193     0.27260
    12.51326     0.02853     0.04044     0.02506     0.04044     0.04348     0.03620     0.03353     0.03620     0.04348     0.32736
    12.65826     0.02197     0.02843     0.03630     0.02843     0.03832     0.03950     0.03301     0.03950     0.03832     0.30378
    12.80326     0.01328     0.02782     0.02936     0.02782     0.02651     0.02528     0.02087     0.02528     0.02651     0.22273
    12.94926     0.02070     0.03592     0.03510     0.03592     0.03588     0.02777     0.02330     0.02777     0.03588     0.27824
    13.09426     0.02907     0.05257     0.03845     0.05257     0.04409     0.03698     0.02804     0.03698     0.04409     0.36284
    13.23926     0.01799     0.02962     0.04157     0.02962     0.03535     0.03506     0.02377     0.03506     0.03535     0.28339
    13.38426     0.01612     0.02897     0.04778     0.02897     0.02488     0.03493     0.02743     0.03493     0.02488     0.26889
    13.52926     0.01964     0.04452     0.04025     0.04452     0.02753     0.02569     0.04223     0.02569     0.02753     0.29760
    13.67426     0.01296     0.04450     0.04080     0.04450     0.03146     0.02916     0.03723     0.02916     0.03146     0.30123
    13.81926     0.01873     0.04571     0.04406     0.04571     0.03680     0.02964     0.05782     0.02964     0.03680     0.34491
    13.96426     0.01633     0.03637     0.03957     0.03637     0.02927     0.03136     0.04896     0.03136     0.02927     0.29886
    14.10926     0.01426     0.03802     0.04038     0.03802     0.03428     0.03480     0.04631     0.03480     0.03428     0.31515
    14.25426     0.01806     0.02680     0.03098     0.02680     0.01968     0.02335     0.03278     0.02335     0.01968     0.22148
    14.39926     0.02042     0.03467     0.03373     0.03467     0.02513     0.03183     0.03126     0.03183     0.02513     0.26867
    14.54426     0.01794     0.02803     0.02687     0.02803     0.03043     0.02575     0.03234     0.02575     0.03043     0.24557
    14.69026     0.01026     0.03238     0.02542     0.03238     0.02791     0.02695     0.02653     0.02695     0.02791     0.23669
    14.83526     0.01333     0.03518     0.03932     0.03518     0.03404     0.02756     0.02794     0.02756     0.03404     0.27415
    14.98026     0.01094     0.01644     0.01931     0.01644     0.01867     0.01603     0.01680     0.01603     0.01867     0.14933
    15.12526     0.00868     0.01130     0.01636     0.01130     0.01471     0.01091     0.02155     0.01091     0.01471     0.12043
    15.27026     0.00137     0.00533     0.00423     0.00533     0.00415     0.00518     0.00730     0.00518     0.00415     0.04223
    15.41526     0.00050     0.00194     0.00159     0.00194     0.00133     0.00276     0.00081     0.00276     0.00133     0.01497
    15.56026     0.00000     0.00000     0.00000     0.00000     0.00000     0.00000     0.00000     0.00000     0.00000     0.00002
    15.70526     0.00000     0.00000     0.00000     0.00000     0.00000     0.00000     0.00000     0.00000     0.00000     0.00000
    15.85026     0.00000     0.00000     0.00000     0.00000     0.00000     0.00000     0.00000     0.00000     0.00000     0.00000
    15.99526     0.00000     0.00000     0.00000     0.00000     0.00000     0.00000     0.00000     0.00000     0.00000     0.00000
    16.14026     0.00000     0.00000     0.00000     0.00000     0.00000     0.00000     0.00000     0.00000     0.00000     0.00000
    16.28526     0.00000     0.00000     0.00000     0.00000     0.00000     0.00000     0.00000     0.00000     0.00000     0.00000
    16.43026     0.00000     0.00000     0.00000     0.00000     0.00000     0.00000     0.00000     0.00000     0.00000     0.00000
    16.57626     0.00000     0.00000     0.00000     0.00000     0.00000     0.00000     0.00000     0.00000     0.00000     0.00000
    16.72126     0.00000     0.00000     0.00000     0.00000     0.00000     0.00000     0.00000     0.00000     0.00000     0.00000
    16.86626     0.00000     0.00000     0.00000     0.00000     0.00000     0.00000     0.00000     0.00000     0.00000     0.00000
    17.01126     0.00000     0.00000     0.00000     0.00000     0.00000     0.00000     0.00000     0.00000     0.00000     0.00000
    17.15626     0.00000     0.00000     0.00000     0.00000     0.00000     0.00000     0.00000     0.00000     0.00000     0.00000
    17.30126     0.00000     0.00000     0.00000     0.00000     0.00000     0.00000     0.00000     0.00000     0.00000     0.00000
