     #Energy           s          py          pz          px         dxy         dyz         dz2         dxz      dx2-y2       tot  
   -26.27303     0.00000     0.00000     0.00000     0.00000     0.00000     0.00000     0.00000     0.00000     0.00000     0.00000
   -26.11903     0.00000     0.00000     0.00000     0.00000     0.00000     0.00000     0.00000     0.00000     0.00000     0.00000
   -25.96603     0.00000     0.00000     0.00000     0.00000     0.00000     0.00000     0.00000     0.00000     0.00000     0.00000
   -25.81303     0.00000     0.00000     0.00000     0.00000     0.00000     0.00000     0.00000     0.00000     0.00000     0.00000
   -25.65903     0.00000     0.00000     0.00000     0.00000     0.00000     0.00000     0.00000     0.00000     0.00000     0.00000
   -25.50603     0.00000     0.00000     0.00000     0.00000     0.00000     0.00000     0.00000     0.00000     0.00000     0.00000
   -25.35303     0.00000     0.00000     0.00000     0.00000     0.00000     0.00000     0.00000     0.00000     0.00000     0.00000
   -25.19903     0.00000     0.00000     0.00000     0.00000     0.00000     0.00000     0.00000     0.00000     0.00000     0.00000
   -25.04603     0.00000     0.00000     0.00000     0.00000     0.00000     0.00000     0.00000     0.00000     0.00000     0.00000
   -24.89303     0.00000     0.00000     0.00000     0.00000     0.00000     0.00000     0.00000     0.00000     0.00000     0.00000
   -24.73903     0.00000     0.00000     0.00000     0.00000     0.00000     0.00000     0.00000     0.00000     0.00000     0.00000
   -24.58603     0.00000     0.00000     0.00000     0.00000     0.00000     0.00000     0.00000     0.00000     0.00000     0.00000
   -24.43203     0.00000     0.00000     0.00000     0.00000     0.00000     0.00000     0.00000     0.00000     0.00000     0.00000
   -24.27903     0.00000     0.00000     0.00000     0.00000     0.01308     0.00386     0.00085     0.00386     0.01308     0.03472
   -24.12603     0.00001     0.00004     0.00004     0.00004     4.81800     4.17500     3.93700     4.17500     4.81800    21.92313
   -23.97203     0.00000     0.00001     0.00001     0.00001     0.32260     0.96000     1.15900     0.96000     0.32260     3.72423
   -23.81903     0.00000     0.00000     0.00000     0.00000     0.00000     0.00000     0.00000     0.00000     0.00000     0.00000
   -23.66603     0.00000     0.00000     0.00000     0.00000     0.00000     0.00000     0.00000     0.00000     0.00000     0.00000
   -23.51203     0.00000     0.00000     0.00000     0.00000     0.00000     0.00000     0.00000     0.00000     0.00000     0.00000
   -23.35903     0.00000     0.00000     0.00000     0.00000     0.00000     0.00000     0.00000     0.00000     0.00000     0.00000
   -23.20603     0.00000     0.00000     0.00000     0.00000     0.00000     0.00000     0.00000     0.00000     0.00000     0.00000
   -23.05203     0.00000     0.00000     0.00000     0.00000     0.00000     0.00000     0.00000     0.00000     0.00000     0.00000
   -22.89903     0.00000     0.00000     0.00000     0.00000     0.00000     0.00000     0.00000     0.00000     0.00000     0.00000
   -22.74603     0.00000     0.00000     0.00000     0.00000     0.00000     0.00000     0.00000     0.00000     0.00000     0.00000
   -22.59203     0.00000     0.00000     0.00000     0.00000     0.00000     0.00000     0.00000     0.00000     0.00000     0.00000
   -22.43903     0.00000     0.00000     0.00000     0.00000     0.00000     0.00000     0.00000     0.00000     0.00000     0.00000
   -22.28603     0.00000     0.00000     0.00000     0.00000     0.00000     0.00000     0.00000     0.00000     0.00000     0.00000
   -22.13203     0.00000     0.00000     0.00000     0.00000     0.00000     0.00000     0.00000     0.00000     0.00000     0.00000
   -21.97903     0.00000     0.00000     0.00000     0.00000     0.00000     0.00000     0.00000     0.00000     0.00000     0.00000
   -21.82503     0.00000     0.00000     0.00000     0.00000     0.00000     0.00000     0.00000     0.00000     0.00000     0.00000
   -21.67203     0.00000     0.00000     0.00000     0.00000     0.00000     0.00000     0.00000     0.00000     0.00000     0.00000
   -21.51903     0.00000     0.00000     0.00000     0.00000     0.00000     0.00000     0.00000     0.00000     0.00000     0.00000
   -21.36503     0.00000     0.00000     0.00000     0.00000     0.00021     0.00002     0.00001     0.00002     0.00021     0.00046
   -21.21203     0.00002     0.00004     0.00001     0.00004     4.49800     2.59900     1.69000     2.59900     4.49800    15.88412
   -21.05903     0.00004     0.00006     0.00005     0.00006     3.22100     5.13300     6.09100     5.13300     3.22100    22.79921
   -20.90503     0.00000     0.00000     0.00000     0.00000     0.00008     0.00068     0.00168     0.00068     0.00008     0.00319
   -20.75203     0.00000     0.00000     0.00000     0.00000     0.00000     0.00000     0.00000     0.00000     0.00000     0.00000
   -20.59903     0.00000     0.00000     0.00000     0.00000     0.00000     0.00000     0.00000     0.00000     0.00000     0.00000
   -20.44503     0.00000     0.00000     0.00000     0.00000     0.00000     0.00000     0.00000     0.00000     0.00000     0.00000
   -20.29203     0.00000     0.00000     0.00000     0.00000     0.00000     0.00000     0.00000     0.00000     0.00000     0.00000
   -20.13903     0.00000     0.00000     0.00000     0.00000     0.00000     0.00000     0.00000     0.00000     0.00000     0.00000
   -19.98503     0.00000     0.00000     0.00000     0.00000     0.00000     0.00000     0.00000     0.00000     0.00000     0.00000
   -19.83203     0.00000     0.00000     0.00000     0.00000     0.00000     0.00000     0.00000     0.00000     0.00000     0.00000
   -19.67803     0.00000     0.00000     0.00000     0.00000     0.00000     0.00000     0.00000     0.00000     0.00000     0.00000
   -19.52503     0.00000     0.00000     0.00000     0.00000     0.00000     0.00000     0.00000     0.00000     0.00000     0.00000
   -19.37203     0.00000     0.00000     0.00000     0.00000     0.00000     0.00000     0.00000     0.00000     0.00000     0.00000
   -19.21803     0.00000     0.00000     0.00000     0.00000     0.00000     0.00000     0.00000     0.00000     0.00000     0.00000
   -19.06503     0.00000     0.00000     0.00000     0.00000     0.00000     0.00000     0.00000     0.00000     0.00000     0.00000
   -18.91203     0.00000     0.00000     0.00000     0.00000     0.00000     0.00000     0.00000     0.00000     0.00000     0.00000
   -18.75803     0.00000     0.00000     0.00000     0.00000     0.00000     0.00000     0.00000     0.00000     0.00000     0.00000
   -18.60503     0.00000     0.00000     0.00000     0.00000     0.00000     0.00000     0.00000     0.00000     0.00000     0.00000
   -18.45203     0.00000     0.00000     0.00000     0.00000     0.00000     0.00000     0.00000     0.00000     0.00000     0.00000
   -18.29803     0.00000     0.00000     0.00000     0.00000     0.00000     0.00000     0.00000     0.00000     0.00000     0.00000
   -18.14503     0.00000     0.00000     0.00000     0.00000     0.00000     0.00000     0.00000     0.00000     0.00000     0.00000
   -17.99203     0.00000     0.00000     0.00000     0.00000     0.00000     0.00000     0.00000     0.00000     0.00000     0.00000
   -17.83803     0.00000     0.00000     0.00000     0.00000     0.00000     0.00000     0.00000     0.00000     0.00000     0.00000
   -17.68503     0.00000     0.00000     0.00000     0.00000     0.00000     0.00000     0.00000     0.00000     0.00000     0.00000
   -17.53203     0.00000     0.00000     0.00000     0.00000     0.00000     0.00000     0.00000     0.00000     0.00000     0.00000
   -17.37803     0.00000     0.00000     0.00000     0.00000     0.00000     0.00000     0.00000     0.00000     0.00000     0.00000
   -17.22503     0.00000     0.00000     0.00000     0.00000     0.00000     0.00000     0.00000     0.00000     0.00000     0.00000
   -17.07103     0.00000     0.00000     0.00000     0.00000     0.00000     0.00000     0.00000     0.00000     0.00000     0.00000
   -16.91803     0.00000     0.00000     0.00000     0.00000     0.00000     0.00000     0.00000     0.00000     0.00000     0.00000
   -16.76503     0.00000     0.00000     0.00000     0.00000     0.00000     0.00000     0.00000     0.00000     0.00000     0.00000
   -16.61103     0.00000     0.00000     0.00000     0.00000     0.00000     0.00000     0.00000     0.00000     0.00000     0.00000
   -16.45803     0.00000     0.00000     0.00000     0.00000     0.00000     0.00000     0.00000     0.00000     0.00000     0.00000
   -16.30503     0.00000     0.00000     0.00000     0.00000     0.00000     0.00000     0.00000     0.00000     0.00000     0.00000
   -16.15103     0.00000     0.00000     0.00000     0.00000     0.00000     0.00000     0.00000     0.00000     0.00000     0.00000
   -15.99803     0.00000     0.00000     0.00000     0.00000     0.00000     0.00000     0.00000     0.00000     0.00000     0.00000
   -15.84503     0.00000     0.00000     0.00000     0.00000     0.00000     0.00000     0.00000     0.00000     0.00000     0.00000
   -15.69103     0.00000     0.00000     0.00000     0.00000     0.00000     0.00000     0.00000     0.00000     0.00000     0.00000
   -15.53803     0.00000     0.00000     0.00000     0.00000     0.00000     0.00000     0.00000     0.00000     0.00000     0.00000
   -15.38503     0.00000     0.00000     0.00000     0.00000     0.00000     0.00000     0.00000     0.00000     0.00000     0.00000
   -15.23103     0.00000     0.00000     0.00000     0.00000     0.00000     0.00000     0.00000     0.00000     0.00000     0.00000
   -15.07803     0.00000     0.00000     0.00000     0.00000     0.00000     0.00000     0.00000     0.00000     0.00000     0.00000
   -14.92403     0.00000     0.00000     0.00000     0.00000     0.00000     0.00000     0.00000     0.00000     0.00000     0.00000
   -14.77103     0.00000     0.00000     0.00000     0.00000     0.00000     0.00000     0.00000     0.00000     0.00000     0.00000
   -14.61803     0.00000     0.00000     0.00000     0.00000     0.00000     0.00000     0.00000     0.00000     0.00000     0.00000
   -14.46403     0.00000     0.00000     0.00000     0.00000     0.00000     0.00000     0.00000     0.00000     0.00000     0.00000
   -14.31103     0.00000     0.00000     0.00000     0.00000     0.00000     0.00000     0.00000     0.00000     0.00000     0.00000
   -14.15803     0.00000     0.00000     0.00000     0.00000     0.00000     0.00000     0.00000     0.00000     0.00000     0.00000
   -14.00403     0.00000     0.00000     0.00000     0.00000     0.00000     0.00000     0.00000     0.00000     0.00000     0.00000
   -13.85103     0.00000     0.00000     0.00000     0.00000     0.00000     0.00000     0.00000     0.00000     0.00000     0.00000
   -13.69803     0.00000     0.00000     0.00000     0.00000     0.00000     0.00000     0.00000     0.00000     0.00000     0.00000
   -13.54403     0.00000     0.00000     0.00000     0.00000     0.00000     0.00000     0.00000     0.00000     0.00000     0.00000
   -13.39103     0.00000     0.00000     0.00000     0.00000     0.00000     0.00000     0.00000     0.00000     0.00000     0.00000
   -13.23803     0.00000     0.00000     0.00000     0.00000     0.00000     0.00000     0.00000     0.00000     0.00000     0.00000
   -13.08403     0.00000     0.00000     0.00000     0.00000     0.00000     0.00000     0.00000     0.00000     0.00000     0.00000
   -12.93103     0.00000     0.00000     0.00000     0.00000     0.00000     0.00000     0.00000     0.00000     0.00000     0.00000
   -12.77803     0.00000     0.00000     0.00000     0.00000     0.00000     0.00000     0.00000     0.00000     0.00000     0.00000
   -12.62403     0.00000     0.00000     0.00000     0.00000     0.00000     0.00000     0.00000     0.00000     0.00000     0.00000
   -12.47103     0.00000     0.00000     0.00000     0.00000     0.00000     0.00000     0.00000     0.00000     0.00000     0.00000
   -12.31703     0.00000     0.00000     0.00000     0.00000     0.00000     0.00000     0.00000     0.00000     0.00000     0.00000
   -12.16403     0.00000     0.00000     0.00000     0.00000     0.00000     0.00000     0.00000     0.00000     0.00000     0.00000
   -12.01103     0.00000     0.00000     0.00000     0.00000     0.00000     0.00000     0.00000     0.00000     0.00000     0.00000
   -11.85703     0.00000     0.00000     0.00000     0.00000     0.00000     0.00000     0.00000     0.00000     0.00000     0.00000
   -11.70403     0.00000     0.00000     0.00000     0.00000     0.00000     0.00000     0.00000     0.00000     0.00000     0.00000
   -11.55103     0.00088     0.00000     0.00001     0.00000     0.00000     0.00000     0.00000     0.00000     0.00000     0.00089
   -11.39703     0.25080     0.00010     0.00212     0.00010     0.00001     0.00001     0.00011     0.00001     0.00001     0.25325
   -11.24403     0.48310     0.00052     0.00378     0.00052     0.00004     0.00006     0.00017     0.00006     0.00004     0.48830
   -11.09103     0.54050     0.00100     0.00379     0.00100     0.00008     0.00012     0.00014     0.00012     0.00008     0.54683
   -10.93703     0.58350     0.00139     0.00362     0.00139     0.00013     0.00016     0.00010     0.00016     0.00013     0.59057
   -10.78403     0.64060     0.00168     0.00347     0.00168     0.00017     0.00020     0.00007     0.00020     0.00017     0.64825
   -10.63103     0.73330     0.00190     0.00342     0.00190     0.00023     0.00022     0.00005     0.00022     0.00023     0.74147
   -10.47703     0.96680     0.00216     0.00379     0.00216     0.00032     0.00026     0.00004     0.00026     0.00032     0.97612
   -10.32403     1.67100     0.00246     0.00528     0.00246     0.00054     0.00032     0.00002     0.00032     0.00054     1.68295
   -10.17003     1.33300     0.00117     0.00344     0.00117     0.00026     0.00015     0.00001     0.00015     0.00026     1.33962
   -10.01703     0.32040     0.00010     0.00068     0.00010     0.00002     0.00001     0.00000     0.00001     0.00002     0.32133
    -9.86403     0.00011     0.00000     0.00000     0.00000     0.00000     0.00000     0.00000     0.00000     0.00000     0.00011
    -9.71003     0.00000     0.00000     0.00000     0.00000     0.00000     0.00000     0.00000     0.00000     0.00000     0.00000
    -9.55703     0.00000     0.00000     0.00000     0.00000     0.00000     0.00000     0.00000     0.00000     0.00000     0.00000
    -9.40403     0.00000     0.00000     0.00000     0.00000     0.00000     0.00000     0.00000     0.00000     0.00000     0.00000
    -9.25003     0.00000     0.00000     0.00000     0.00000     0.00000     0.00000     0.00000     0.00000     0.00000     0.00000
    -9.09703     0.00000     0.00000     0.00000     0.00000     0.00000     0.00000     0.00000     0.00000     0.00000     0.00000
    -8.94403     0.00000     0.00000     0.00000     0.00000     0.00000     0.00000     0.00000     0.00000     0.00000     0.00000
    -8.79003     0.00000     0.00000     0.00000     0.00000     0.00000     0.00000     0.00000     0.00000     0.00000     0.00000
    -8.63703     0.00000     0.00000     0.00000     0.00000     0.00000     0.00000     0.00000     0.00000     0.00000     0.00000
    -8.48403     0.00495     0.00469     0.00014     0.00469     0.00042     0.00050     0.00001     0.00050     0.00042     0.01631
    -8.33003     0.09706     0.02821     0.00108     0.02821     0.00227     0.00326     0.00006     0.00326     0.00227     0.16568
    -8.17703     0.23370     0.03637     0.00247     0.03637     0.00251     0.00417     0.00008     0.00417     0.00251     0.32235
    -8.02403     0.19930     0.01934     0.00248     0.01934     0.00138     0.00228     0.00006     0.00228     0.00138     0.24783
    -7.87003     0.21230     0.01453     0.00333     0.01453     0.00107     0.00177     0.00005     0.00177     0.00107     0.25041
    -7.71703     0.22800     0.01125     0.00477     0.01125     0.00085     0.00142     0.00004     0.00142     0.00085     0.25987
    -7.56303     0.23680     0.00829     0.00673     0.00829     0.00065     0.00110     0.00003     0.00110     0.00065     0.26364
    -7.41003     0.24540     0.00575     0.00928     0.00575     0.00048     0.00082     0.00002     0.00082     0.00048     0.26878
    -7.25703     0.27450     0.00357     0.01399     0.00357     0.00031     0.00055     0.00001     0.00055     0.00031     0.29735
    -7.10303     0.24700     0.00113     0.01632     0.00113     0.00010     0.00018     0.00000     0.00018     0.00010     0.26615
    -6.95003     0.00829     0.00001     0.00061     0.00001     0.00000     0.00000     0.00000     0.00000     0.00000     0.00893
    -6.79703     0.00000     0.00000     0.00000     0.00000     0.00000     0.00000     0.00000     0.00000     0.00000     0.00000
    -6.64303     0.00000     0.00000     0.00000     0.00000     0.00000     0.00000     0.00000     0.00000     0.00000     0.00000
    -6.49003     0.00000     0.00000     0.00000     0.00000     0.00000     0.00000     0.00000     0.00000     0.00000     0.00000
    -6.33703     0.00000     0.00000     0.00000     0.00000     0.00000     0.00000     0.00000     0.00000     0.00000     0.00000
    -6.18303     0.00000     0.00000     0.00000     0.00000     0.00000     0.00000     0.00000     0.00000     0.00000     0.00000
    -6.03003     0.00000     0.00000     0.00000     0.00000     0.00000     0.00000     0.00000     0.00000     0.00000     0.00000
    -5.87703     0.00000     0.00000     0.00000     0.00000     0.00000     0.00000     0.00000     0.00000     0.00000     0.00000
    -5.72303     0.00000     0.00000     0.00000     0.00000     0.00000     0.00000     0.00000     0.00000     0.00000     0.00000
    -5.57003     0.00000     0.00000     0.00000     0.00000     0.00000     0.00000     0.00000     0.00000     0.00000     0.00000
    -5.41603     0.00000     0.00000     0.00000     0.00000     0.00000     0.00000     0.00000     0.00000     0.00000     0.00000
    -5.26303     0.00000     0.00000     0.00000     0.00000     0.00000     0.00000     0.00000     0.00000     0.00000     0.00000
    -5.11003     0.00000     0.00000     0.00000     0.00000     0.00000     0.00000     0.00000     0.00000     0.00000     0.00000
    -4.95603     0.00000     0.00000     0.00000     0.00000     0.00000     0.00000     0.00000     0.00000     0.00000     0.00000
    -4.80303     0.00000     0.00000     0.00000     0.00000     0.00000     0.00000     0.00000     0.00000     0.00000     0.00000
    -4.65003     0.00000     0.00000     0.00000     0.00000     0.00000     0.00000     0.00000     0.00000     0.00000     0.00000
    -4.49603     0.00000     0.00000     0.00000     0.00000     0.00000     0.00000     0.00000     0.00000     0.00000     0.00000
    -4.34303     0.00000     0.00000     0.00000     0.00000     0.00000     0.00000     0.00000     0.00000     0.00000     0.00000
    -4.19003     0.00000     0.00000     0.00000     0.00000     0.00000     0.00000     0.00000     0.00000     0.00000     0.00000
    -4.03603     0.00000     0.00000     0.00000     0.00000     0.00000     0.00000     0.00000     0.00000     0.00000     0.00000
    -3.88303     0.00000     0.00000     0.00000     0.00000     0.00000     0.00000     0.00000     0.00000     0.00000     0.00000
    -3.73003     0.00000     0.00000     0.00000     0.00000     0.00000     0.00000     0.00000     0.00000     0.00000     0.00000
    -3.57603     0.00000     0.00018     0.00004     0.00018     0.00000     0.00000     0.00000     0.00000     0.00000     0.00041
    -3.42303     0.00071     0.03367     0.00822     0.03367     0.00004     0.00047     0.00001     0.00047     0.00004     0.07730
    -3.27003     0.00262     0.06524     0.01990     0.06524     0.00012     0.00085     0.00003     0.00085     0.00012     0.15496
    -3.11603     0.00701     0.08855     0.04360     0.08855     0.00019     0.00096     0.00009     0.00096     0.00019     0.23010
    -2.96303     0.02469     0.21780     0.19470     0.21780     0.00063     0.00186     0.00082     0.00186     0.00063     0.66080
    -2.80903     0.01914     0.17040     0.14760     0.17040     0.00076     0.00195     0.00084     0.00195     0.00076     0.51381
    -2.65603     0.02542     0.17070     0.14680     0.17070     0.00120     0.00178     0.00097     0.00178     0.00120     0.52056
    -2.50303     0.00942     0.11970     0.09856     0.11970     0.00135     0.00114     0.00100     0.00114     0.00135     0.35336
    -2.34903     0.01682     0.18350     0.19530     0.18350     0.00184     0.00195     0.00133     0.00195     0.00184     0.58803
    -2.19603     0.01004     0.16360     0.13290     0.16360     0.00188     0.00216     0.00138     0.00216     0.00188     0.47959
    -2.04303     0.01252     0.20640     0.12620     0.20640     0.00217     0.00292     0.00145     0.00292     0.00217     0.56313
    -1.88903     0.02078     0.27250     0.14150     0.27250     0.00280     0.00398     0.00146     0.00398     0.00280     0.72230
    -1.73603     0.00902     0.14310     0.06732     0.14310     0.00181     0.00224     0.00075     0.00224     0.00181     0.37140
    -1.58303     0.00890     0.12110     0.07331     0.12110     0.00149     0.00198     0.00057     0.00198     0.00149     0.33191
    -1.42903     0.01200     0.10920     0.13210     0.10920     0.00177     0.00152     0.00037     0.00152     0.00177     0.36945
    -1.27603     0.02078     0.09922     0.16060     0.09922     0.00169     0.00145     0.00031     0.00145     0.00169     0.38640
    -1.12303     0.03370     0.15960     0.26200     0.15960     0.00293     0.00265     0.00060     0.00265     0.00293     0.62666
    -0.96903     0.02741     0.09337     0.19380     0.09337     0.00166     0.00153     0.00051     0.00153     0.00166     0.41483
    -0.81603     0.02382     0.08271     0.17120     0.08271     0.00181     0.00139     0.00097     0.00139     0.00181     0.36781
    -0.66203     0.02192     0.05796     0.15110     0.05796     0.00129     0.00094     0.00113     0.00094     0.00129     0.29455
    -0.50903     0.02009     0.04723     0.15950     0.04723     0.00124     0.00080     0.00142     0.00080     0.00124     0.27957
    -0.35603     0.01738     0.03462     0.15610     0.03462     0.00102     0.00065     0.00189     0.00065     0.00102     0.24795
    -0.20203     0.01295     0.02916     0.15050     0.02916     0.00105     0.00071     0.00243     0.00071     0.00105     0.22771
    -0.04903     0.00507     0.01733     0.07356     0.01733     0.00073     0.00048     0.00150     0.00048     0.00073     0.11720
     0.10397     0.00070     0.00015     0.00490     0.00015     0.00004     0.00002     0.00005     0.00002     0.00004     0.00604
     0.25797     0.00109     0.00059     0.00397     0.00059     0.00004     0.00002     0.00010     0.00002     0.00004     0.00647
     0.41097     0.00432     0.00443     0.00459     0.00443     0.00012     0.00007     0.00051     0.00007     0.00012     0.01865
     0.56397     0.00522     0.00337     0.01620     0.00337     0.00026     0.00013     0.00037     0.00013     0.00026     0.02932
     0.71797     0.00767     0.00990     0.00809     0.00990     0.00022     0.00011     0.00084     0.00011     0.00022     0.03706
     0.87097     0.02646     0.02918     0.07606     0.02918     0.00355     0.00089     0.00161     0.00089     0.00355     0.17138
     1.02397     0.05144     0.06730     0.16630     0.06730     0.00931     0.00141     0.00327     0.00141     0.00931     0.37703
     1.17797     0.05860     0.08433     0.19840     0.08433     0.01112     0.00182     0.00332     0.00182     0.01112     0.45486
     1.33097     0.02556     0.03951     0.10710     0.03951     0.00626     0.00098     0.00125     0.00098     0.00626     0.22740
     1.48397     0.03070     0.05791     0.09404     0.05791     0.00466     0.00225     0.00128     0.00225     0.00466     0.25566
     1.63797     0.02585     0.08957     0.10110     0.08957     0.00532     0.00566     0.00095     0.00566     0.00532     0.32900
     1.79097     0.03725     0.12650     0.07522     0.12650     0.00568     0.00551     0.00091     0.00551     0.00568     0.38876
     1.94497     0.03371     0.13410     0.07580     0.13410     0.00551     0.00590     0.00091     0.00590     0.00551     0.40145
     2.09797     0.02226     0.11940     0.05003     0.11940     0.00251     0.00446     0.00084     0.00446     0.00251     0.32587
     2.25097     0.02450     0.15430     0.08884     0.15430     0.00509     0.00829     0.00189     0.00829     0.00509     0.45060
     2.40497     0.02677     0.22760     0.13730     0.22760     0.00438     0.01109     0.00342     0.01109     0.00438     0.65363
     2.55797     0.02319     0.28200     0.16690     0.28200     0.00673     0.00882     0.00237     0.00882     0.00673     0.78756
     2.71097     0.02181     0.22530     0.14340     0.22530     0.00512     0.00686     0.00252     0.00686     0.00512     0.64229
     2.86497     0.04126     0.30890     0.22260     0.30890     0.00601     0.01137     0.00415     0.01137     0.00601     0.92057
     3.01797     0.04334     0.36590     0.26940     0.36590     0.00598     0.01268     0.00265     0.01268     0.00598     1.08451
     3.17097     0.02698     0.38160     0.18220     0.38160     0.00485     0.01456     0.00272     0.01456     0.00485     1.01392
     3.32497     0.00084     0.03958     0.00586     0.03958     0.00072     0.00176     0.00018     0.00176     0.00072     0.09100
     3.47797     0.00001     0.00152     0.00004     0.00152     0.00003     0.00008     0.00000     0.00008     0.00003     0.00330
     3.63097     0.00000     0.00000     0.00000     0.00000     0.00000     0.00000     0.00000     0.00000     0.00000     0.00000
     3.78497     0.00000     0.00000     0.00001     0.00000     0.00000     0.00000     0.00000     0.00000     0.00000     0.00001
     3.93797     0.00124     0.00052     0.00943     0.00052     0.00002     0.00000     0.00064     0.00000     0.00002     0.01238
     4.09197     0.00220     0.00184     0.02926     0.00184     0.00018     0.00003     0.00239     0.00003     0.00018     0.03794
     4.24497     0.00216     0.00278     0.03796     0.00278     0.00043     0.00014     0.00449     0.00014     0.00043     0.05132
     4.39797     0.00243     0.00464     0.04247     0.00464     0.00114     0.00045     0.00589     0.00045     0.00114     0.06325
     4.55197     0.00269     0.00608     0.03962     0.00608     0.00216     0.00084     0.00529     0.00084     0.00216     0.06576
     4.70497     0.00343     0.00808     0.03680     0.00808     0.00342     0.00124     0.00464     0.00124     0.00342     0.07033
     4.85797     0.00454     0.01135     0.04061     0.01135     0.00513     0.00217     0.00487     0.00217     0.00513     0.08732
     5.01197     0.01105     0.01643     0.06559     0.01643     0.01039     0.01211     0.01389     0.01211     0.01039     0.16839
     5.16497     0.01043     0.01979     0.05816     0.01979     0.01386     0.01320     0.01547     0.01320     0.01386     0.17776
     5.31797     0.00872     0.02080     0.04712     0.02080     0.01633     0.00903     0.01210     0.00903     0.01633     0.16027
     5.47197     0.00560     0.01945     0.02915     0.01945     0.01727     0.01041     0.01290     0.01041     0.01727     0.14191
     5.62497     0.00670     0.01973     0.02322     0.01973     0.01235     0.00650     0.00792     0.00650     0.01235     0.11501
     5.77797     0.00707     0.01547     0.01933     0.01547     0.01003     0.00825     0.01152     0.00825     0.01003     0.10541
     5.93197     0.01193     0.01386     0.02391     0.01386     0.00556     0.00575     0.00762     0.00575     0.00556     0.09381
     6.08497     0.03109     0.03644     0.03414     0.03644     0.01908     0.01777     0.01809     0.01777     0.01908     0.22990
     6.23797     0.02538     0.05385     0.04424     0.05385     0.02203     0.02245     0.02072     0.02245     0.02203     0.28700
     6.39197     0.02037     0.06336     0.04313     0.06336     0.02103     0.02244     0.04354     0.02244     0.02103     0.32070
     6.54497     0.02187     0.04869     0.04486     0.04869     0.01639     0.01516     0.02395     0.01516     0.01639     0.25116
     6.69897     0.03123     0.05484     0.08515     0.05484     0.01778     0.02377     0.02665     0.02377     0.01778     0.33581
     6.85197     0.02795     0.04287     0.06823     0.04287     0.01249     0.01852     0.04692     0.01852     0.01249     0.29086
     7.00497     0.02105     0.04666     0.04318     0.04666     0.01615     0.01650     0.05362     0.01650     0.01615     0.27647
     7.15897     0.01586     0.03617     0.03095     0.03617     0.01597     0.00940     0.01777     0.00940     0.01597     0.18765
     7.31197     0.02314     0.04000     0.04533     0.04000     0.02337     0.01285     0.01440     0.01285     0.02337     0.23531
     7.46497     0.02740     0.03717     0.02870     0.03717     0.02888     0.01820     0.01523     0.01820     0.02888     0.23983
     7.61897     0.04435     0.05840     0.09203     0.05840     0.04514     0.02923     0.03191     0.02923     0.04514     0.43383
     7.77197     0.01671     0.04248     0.04221     0.04248     0.02498     0.01832     0.01409     0.01832     0.02498     0.24457
     7.92497     0.02028     0.05183     0.03476     0.05183     0.01940     0.01118     0.01454     0.01118     0.01940     0.23440
     8.07897     0.01425     0.05209     0.03321     0.05209     0.02055     0.01328     0.01802     0.01328     0.02055     0.23732
     8.23197     0.00869     0.03293     0.03209     0.03293     0.01335     0.00923     0.01593     0.00923     0.01335     0.16773
     8.38497     0.01121     0.06442     0.03436     0.06442     0.01855     0.01107     0.02177     0.01107     0.01855     0.25542
     8.53897     0.01837     0.05650     0.03494     0.05650     0.02476     0.01441     0.01722     0.01441     0.02476     0.26187
     8.69197     0.01497     0.04352     0.03161     0.04352     0.01993     0.01757     0.01848     0.01757     0.01993     0.22710
     8.84597     0.01347     0.05347     0.03064     0.05347     0.02146     0.01529     0.03053     0.01529     0.02146     0.25508
     8.99897     0.01475     0.05227     0.04630     0.05227     0.02210     0.01553     0.03146     0.01553     0.02210     0.27231
     9.15197     0.01393     0.04727     0.03782     0.04727     0.02287     0.02447     0.01424     0.02447     0.02287     0.25521
     9.30597     0.01683     0.05624     0.03112     0.05624     0.01980     0.02390     0.03538     0.02390     0.01980     0.28321
     9.45897     0.01531     0.06378     0.03742     0.06378     0.02619     0.03160     0.02511     0.03160     0.02619     0.32098
     9.61197     0.01650     0.05735     0.04502     0.05735     0.02152     0.05025     0.02809     0.05025     0.02152     0.34785
     9.76597     0.01520     0.04511     0.03849     0.04511     0.01933     0.03266     0.02544     0.03266     0.01933     0.27333
     9.91897     0.01834     0.05250     0.03879     0.05250     0.02036     0.03414     0.02688     0.03414     0.02036     0.29801
    10.07197     0.01160     0.02839     0.01821     0.02839     0.01256     0.01571     0.02171     0.01571     0.01256     0.16484
    10.22597     0.02673     0.04717     0.03245     0.04717     0.02753     0.02518     0.02021     0.02518     0.02753     0.27915
    10.37897     0.02027     0.03488     0.02385     0.03488     0.01709     0.02054     0.01654     0.02054     0.01709     0.20568
    10.53197     0.01215     0.03046     0.03178     0.03046     0.01691     0.02846     0.00833     0.02846     0.01691     0.20392
    10.68597     0.02019     0.04182     0.04029     0.04182     0.02245     0.03281     0.01955     0.03281     0.02245     0.27419
    10.83897     0.01829     0.04186     0.03652     0.04186     0.02253     0.03488     0.02304     0.03488     0.02253     0.27639
    10.99197     0.01115     0.05126     0.03237     0.05126     0.02346     0.02645     0.02496     0.02645     0.02346     0.27082
    11.14597     0.01040     0.03619     0.04284     0.03619     0.01944     0.03230     0.02361     0.03230     0.01944     0.25271
    11.29897     0.01555     0.04257     0.03505     0.04257     0.02329     0.03694     0.02348     0.03694     0.02329     0.27968
    11.45297     0.01195     0.02340     0.02406     0.02340     0.01520     0.01655     0.01597     0.01655     0.01520     0.16228
    11.60597     0.01651     0.04424     0.04243     0.04424     0.02787     0.03532     0.03091     0.03532     0.02787     0.30471
    11.75897     0.01250     0.02686     0.03411     0.02686     0.01620     0.02358     0.02215     0.02358     0.01620     0.20204
    11.91297     0.00881     0.02615     0.02594     0.02615     0.01606     0.02851     0.02006     0.02851     0.01606     0.19625
    12.06597     0.01519     0.02231     0.02596     0.02231     0.01694     0.02697     0.03238     0.02697     0.01694     0.20597
    12.21897     0.01345     0.02767     0.03843     0.02767     0.01995     0.03389     0.02129     0.03389     0.01995     0.23619
    12.37297     0.01212     0.03368     0.04052     0.03368     0.02438     0.03252     0.02740     0.03252     0.02438     0.26120
    12.52597     0.01223     0.02390     0.04015     0.02390     0.02935     0.02988     0.03674     0.02988     0.02935     0.25538
    12.67897     0.01319     0.01771     0.04384     0.01771     0.02436     0.02276     0.03022     0.02276     0.02436     0.21691
    12.83297     0.01356     0.01458     0.03092     0.01458     0.02285     0.02897     0.02320     0.02897     0.02285     0.20048
    12.98597     0.01682     0.01333     0.03565     0.01333     0.01819     0.02409     0.02063     0.02409     0.01819     0.18432
    13.13897     0.02115     0.01452     0.02712     0.01452     0.02566     0.02721     0.02031     0.02721     0.02566     0.20336
    13.29297     0.02477     0.03059     0.02964     0.03059     0.05014     0.03060     0.02670     0.03060     0.05014     0.30377
    13.44597     0.03912     0.02644     0.03626     0.02644     0.04434     0.03656     0.03096     0.03656     0.04434     0.32102
    13.59997     0.02475     0.02048     0.02405     0.02048     0.03789     0.02871     0.02875     0.02871     0.03789     0.25171
    13.75297     0.02183     0.02744     0.04231     0.02744     0.03566     0.03876     0.03150     0.03876     0.03566     0.29936
    13.90597     0.01390     0.02455     0.02636     0.02455     0.03324     0.01938     0.03133     0.01938     0.03324     0.22593
    14.05997     0.02006     0.03142     0.02699     0.03142     0.06000     0.03362     0.02953     0.03362     0.06000     0.32666
    14.21297     0.01758     0.02835     0.04447     0.02835     0.05627     0.04301     0.04168     0.04301     0.05627     0.35899
    14.36597     0.01252     0.02185     0.02817     0.02185     0.02603     0.03242     0.03907     0.03242     0.02603     0.24036
    14.51997     0.02172     0.02619     0.02884     0.02619     0.04531     0.03656     0.06571     0.03656     0.04531     0.33239
    14.67297     0.02324     0.02692     0.03304     0.02692     0.05137     0.04246     0.05179     0.04246     0.05137     0.34957
    14.82597     0.02386     0.02857     0.04393     0.02857     0.04764     0.03996     0.04958     0.03996     0.04764     0.34971
    14.97997     0.01720     0.01949     0.03403     0.01949     0.04239     0.04318     0.04355     0.04318     0.04239     0.30490
    15.13297     0.02591     0.02933     0.02411     0.02933     0.04393     0.03572     0.03715     0.03572     0.04393     0.30513
    15.28597     0.02314     0.03257     0.02794     0.03257     0.04679     0.03753     0.04668     0.03753     0.04679     0.33154
    15.43997     0.02735     0.03300     0.04128     0.03300     0.05019     0.03640     0.04232     0.03640     0.05019     0.35013
    15.59297     0.02301     0.02790     0.02683     0.02790     0.03267     0.03074     0.03311     0.03074     0.03267     0.26557
    15.74597     0.01642     0.02484     0.02417     0.02484     0.03830     0.03805     0.04136     0.03805     0.03830     0.28433
    15.89997     0.01730     0.02546     0.02619     0.02546     0.03739     0.04617     0.04317     0.04617     0.03739     0.30470
    16.05297     0.01777     0.01809     0.03027     0.01809     0.03607     0.02988     0.02573     0.02988     0.03607     0.24185
    16.20697     0.02290     0.02446     0.03312     0.02446     0.04563     0.03051     0.03979     0.03051     0.04563     0.29701
    16.35997     0.02328     0.02791     0.03070     0.02791     0.04433     0.03121     0.04110     0.03121     0.04433     0.30198
    16.51297     0.02737     0.03521     0.03234     0.03521     0.04719     0.04293     0.05590     0.04293     0.04719     0.36627
    16.66697     0.02006     0.02848     0.04564     0.02848     0.04154     0.03641     0.03161     0.03641     0.04154     0.31017
    16.81997     0.01384     0.02161     0.03003     0.02161     0.02895     0.01888     0.03233     0.01888     0.02895     0.21508
    16.97297     0.01833     0.02581     0.02820     0.02581     0.03481     0.01947     0.03382     0.01947     0.03481     0.24053
    17.12697     0.01420     0.02204     0.02432     0.02204     0.02491     0.02504     0.02035     0.02504     0.02491     0.20285
    17.27997     0.01385     0.01416     0.02037     0.01416     0.01262     0.01828     0.01691     0.01828     0.01262     0.14125
    17.43297     0.00810     0.00799     0.00735     0.00799     0.00741     0.00787     0.00839     0.00787     0.00741     0.07039
    17.58697     0.00460     0.00473     0.00402     0.00473     0.00746     0.00834     0.00437     0.00834     0.00746     0.05406
    17.73997     0.00035     0.00057     0.00054     0.00057     0.00238     0.00206     0.00111     0.00206     0.00238     0.01202
    17.89297     0.00000     0.00000     0.00000     0.00000     0.00000     0.00000     0.00000     0.00000     0.00000     0.00002
    18.04697     0.00000     0.00000     0.00000     0.00000     0.00000     0.00000     0.00000     0.00000     0.00000     0.00000
    18.19997     0.00000     0.00000     0.00000     0.00000     0.00000     0.00000     0.00000     0.00000     0.00000     0.00000
    18.35397     0.00000     0.00000     0.00000     0.00000     0.00000     0.00000     0.00000     0.00000     0.00000     0.00000
    18.50697     0.00000     0.00000     0.00000     0.00000     0.00000     0.00000     0.00000     0.00000     0.00000     0.00000
    18.65997     0.00000     0.00000     0.00000     0.00000     0.00000     0.00000     0.00000     0.00000     0.00000     0.00000
    18.81397     0.00000     0.00000     0.00000     0.00000     0.00000     0.00000     0.00000     0.00000     0.00000     0.00000
    18.96697     0.00000     0.00000     0.00000     0.00000     0.00000     0.00000     0.00000     0.00000     0.00000     0.00000
    19.11997     0.00000     0.00000     0.00000     0.00000     0.00000     0.00000     0.00000     0.00000     0.00000     0.00000
    19.27397     0.00000     0.00000     0.00000     0.00000     0.00000     0.00000     0.00000     0.00000     0.00000     0.00000
    19.42697     0.00000     0.00000     0.00000     0.00000     0.00000     0.00000     0.00000     0.00000     0.00000     0.00000
    19.57997     0.00000     0.00000     0.00000     0.00000     0.00000     0.00000     0.00000     0.00000     0.00000     0.00000
    19.73397     0.00000     0.00000     0.00000     0.00000     0.00000     0.00000     0.00000     0.00000     0.00000     0.00000
