#K-Path     Band-1    Band-2    Band-3    Band-4      ...     Band-n
  0.0000  -24.1834  -24.1812  -24.1576  -24.1569  -21.2263  -21.2213  -21.2067  -21.2036  -21.1872  -21.1869  -10.1080  -10.0972   -8.5108   -8.4506   -3.3812   -2.9187   -2.1354   -1.6144   -1.5663   -1.3765    1.6731    2.0389    2.2915    2.8951    2.9172    3.2080    5.6852    5.8018    5.8062    5.8704    5.8843    5.9602    6.5696
  0.0308  -24.1833  -24.1812  -24.1576  -24.1569  -21.2262  -21.2213  -21.2067  -21.2036  -21.1872  -21.1869  -10.1118  -10.1011   -8.5065   -8.4466   -3.3758   -2.9130   -2.1434   -1.6411   -1.5435   -1.3629    1.6770    2.0425    2.2836    2.8838    2.9099    3.1984    5.6666    5.7798    5.8181    5.8492    5.9040    5.9533    6.5806
  0.0616  -24.1833  -24.1813  -24.1576  -24.1569  -21.2262  -21.2214  -21.2067  -21.2036  -21.1872  -21.1869  -10.1237  -10.1135   -8.4929   -8.4341   -3.3598   -2.8961   -2.1663   -1.6900   -1.5032   -1.3252    1.6884    2.0506    2.2640    2.8565    2.8850    3.1697    5.6198    5.7360    5.8140    5.8188    5.9154    5.9648    6.5411
  0.0924  -24.1833  -24.1813  -24.1576  -24.1569  -21.2262  -21.2215  -21.2066  -21.2036  -21.1873  -21.1869  -10.1441  -10.1346   -8.4694   -8.4123   -3.3335   -2.8681   -2.2007   -1.7466   -1.4539   -1.2712    1.7060    2.0552    2.2422    2.8120    2.8501    3.1241    5.5456    5.6571    5.7889    5.8074    5.9277    6.0055    6.4130
  0.1232  -24.1833  -24.1814  -24.1576  -24.1569  -21.2262  -21.2216  -21.2065  -21.2036  -21.1873  -21.1869  -10.1729  -10.1645   -8.4359   -8.3810   -3.2975   -2.8296   -2.2419   -1.8061   -1.3961   -1.2076    1.7274    2.0421    2.2333    2.7483    2.8147    3.0655    5.4502    5.5525    5.7742    5.8052    5.9459    6.0391    6.2731
  0.1540  -24.1833  -24.1814  -24.1576  -24.1569  -21.2262  -21.2218  -21.2063  -21.2036  -21.1874  -21.1870  -10.2098  -10.2025   -8.3928   -8.3403   -3.2526   -2.7814   -2.2855   -1.8657   -1.3313   -1.1380    1.7497    2.0021    2.2457    2.6708    2.7820    2.9981    5.3452    5.4394    5.7506    5.8083    5.9579    6.0265    6.1724
  0.1849  -24.1833  -24.1815  -24.1576  -24.1569  -21.2262  -21.2221  -21.2062  -21.2036  -21.1874  -21.1870  -10.2539  -10.2478   -8.3409   -8.2910   -3.2000   -2.7245   -2.3272   -1.9230   -1.2615   -1.0647    1.7692    1.9414    2.2716    2.5851    2.7555    2.9258    5.2385    5.3265    5.6949    5.7844    5.9554    5.9777    6.1208
  0.2157  -24.1833  -24.1816  -24.1576  -24.1569  -21.2262  -21.2223  -21.2060  -21.2036  -21.1875  -21.1870  -10.3042  -10.2991   -8.2812   -8.2338   -3.1411   -2.6609   -2.3625   -1.9760   -1.1880   -0.9891    1.7815    1.8684    2.2984    2.4969    2.7402    2.8527    5.1342    5.2173    5.6050    5.6934    5.9255    5.9725    6.0844
  0.2465  -24.1833  -24.1817  -24.1575  -24.1569  -21.2262  -21.2226  -21.2058  -21.2036  -21.1876  -21.1870  -10.3595  -10.3553   -8.2151   -8.1701   -3.0779   -2.5946   -2.3851   -2.0225   -1.1122   -0.9123    1.7820    1.7884    2.3083    2.4184    2.7405    2.7830    5.0342    5.1136    5.4968    5.5693    5.8800    5.9130    6.1090
  0.2773  -24.1833  -24.1818  -24.1575  -24.1569  -21.2262  -21.2229  -21.2056  -21.2036  -21.1877  -21.1871  -10.4186  -10.4151   -8.1439   -8.1009   -3.0134   -2.5351   -2.3836   -2.0601   -1.0351   -0.8353    1.7033    1.7687    2.2647    2.3818    2.7222    2.7578    4.9395    5.0160    5.3835    5.4408    5.8024    5.8222    6.1700
  0.3081  -24.1833  -24.1820  -24.1575  -24.1569  -21.2262  -21.2232  -21.2054  -21.2036  -21.1878  -21.1871  -10.4804  -10.4774   -8.0688   -8.0276   -2.9513   -2.4936   -2.3459   -2.0851   -0.9577   -0.7588    1.6163    1.7393    2.1830    2.3678    2.6769    2.7892    4.8502    4.9248    5.2716    5.3158    5.7117    5.7254    6.2486
  0.3389  -24.1833  -24.1821  -24.1575  -24.1569  -21.2262  -21.2235  -21.2052  -21.2036  -21.1879  -21.1872  -10.5437  -10.5411   -7.9913   -7.9514   -2.8956   -2.4599   -2.2856   -2.0893   -0.8807   -0.6838    1.5284    1.6955    2.0958    2.3417    2.6512    2.8287    4.7661    4.8393    5.1644    5.1973    5.6210    5.6314    6.2948
  0.3697  -24.1833  -24.1822  -24.1575  -24.1569  -21.2262  -21.2238  -21.2050  -21.2036  -21.1880  -21.1873  -10.6077  -10.6053   -7.9125   -7.8736   -2.8488   -2.4163   -2.2330   -2.0575   -0.8047   -0.6108    1.4405    1.6396    2.0108    2.3001    2.6412    2.8692    4.6870    4.7589    5.0633    5.0869    5.5361    5.5446    6.2885
  0.4005  -24.1833  -24.1824  -24.1575  -24.1569  -21.2262  -21.2241  -21.2048  -21.2036  -21.1881  -21.1874  -10.6715  -10.6691   -7.8336   -7.7953   -2.8099   -2.3595   -2.1978   -1.9846   -0.7304   -0.5405    1.3535    1.5745    1.9309    2.2492    2.6371    2.9044    4.6122    4.6826    4.9683    4.9858    5.4603    5.4677    6.2502
  0.4313  -24.1833  -24.1825  -24.1575  -24.1569  -21.2263  -21.2244  -21.2046  -21.2036  -21.1883  -21.1875  -10.7342  -10.7318   -7.7557   -7.7179   -2.7746   -2.2972   -2.1595   -1.8883   -0.6582   -0.4736    1.2677    1.5025    1.8573    2.1951    2.6293    2.9283    4.5415    4.6095    4.8790    4.8949    5.3954    5.4020    6.1843
  0.4621  -24.1833  -24.1826  -24.1575  -24.1569  -21.2263  -21.2247  -21.2044  -21.2035  -21.1884  -21.1876  -10.7952  -10.7928   -7.6798   -7.6423   -2.7381   -2.2421   -2.0985   -1.7820   -0.5884   -0.4106    1.1832    1.4256    1.7913    2.1415    2.6111    2.9362    4.4745    4.5390    4.7956    4.8128    5.3419    5.3480    6.1456
  0.4929  -24.1833  -24.1828  -24.1575  -24.1569  -21.2264  -21.2250  -21.2042  -21.2035  -21.1885  -21.1877  -10.8540  -10.8516   -7.6067   -7.5695   -2.6964   -2.1950   -2.0131   -1.6718   -0.5212   -0.3519    1.0996    1.3451    1.7336    2.0904    2.5790    2.9246    4.4107    4.4707    4.7188    4.7375    5.2988    5.3047    6.0869
  0.5238  -24.1834  -24.1829  -24.1575  -24.1570  -21.2265  -21.2253  -21.2040  -21.2034  -21.1887  -21.1878  -10.9100  -10.9076   -7.5372   -7.5006   -2.6470   -2.1478   -1.9133   -1.5610   -0.4569   -0.2978    1.0161    1.2619    1.6848    2.0424    2.5323    2.8916    4.3495    4.4049    4.6484    4.6676    5.2635    5.2701    6.0613
  0.5546  -24.1834  -24.1830  -24.1575  -24.1570  -21.2265  -21.2256  -21.2038  -21.2034  -21.1888  -21.1879  -10.9627  -10.9604   -7.4720   -7.4361   -2.5886   -2.0953   -1.8060   -1.4519   -0.3957   -0.2488    0.9316    1.1764    1.6455    1.9969    2.4737    2.8381    4.2903    4.3416    4.5837    4.6024    5.2318    5.2414    6.0345
  0.5854  -24.1834  -24.1831  -24.1575  -24.1570  -21.2266  -21.2259  -21.2036  -21.2033  -21.1889  -21.1880  -11.0119  -11.0097   -7.4115   -7.3767   -2.5205   -2.0364   -1.6948   -1.3462   -0.3378   -0.2049    0.8444    1.0886    1.6156    1.9518    2.4093    2.7671    4.2328    4.2810    4.5239    4.5413    5.1996    5.2145    6.0306
  0.6162  -24.1835  -24.1833  -24.1575  -24.1570  -21.2267  -21.2261  -21.2035  -21.2032  -21.1890  -21.1882  -11.0573  -11.0552   -7.3562   -7.3230   -2.4430   -1.9718   -1.5811   -1.2451   -0.2835   -0.1664    0.7526    0.9976    1.5951    1.9039    2.3475    2.6839    4.1769    4.2235    4.4683    4.4843    5.1635    5.1852    6.0399
  0.6470  -24.1835  -24.1834  -24.1575  -24.1570  -21.2268  -21.2263  -21.2033  -21.2032  -21.1890  -21.1883  -11.0985  -11.0965   -7.3063   -7.2752   -2.3570   -1.9038   -1.4650   -1.1491   -0.2334   -0.1333    0.6545    0.9021    1.5829    1.8500    2.2978    2.5955    4.1230    4.1690    4.4168    4.4314    5.1218    5.1502    6.0913
  0.6778  -24.1835  -24.1834  -24.1575  -24.1570  -21.2269  -21.2265  -21.2032  -21.2031  -21.1891  -21.1884  -11.1353  -11.1335   -7.2621   -7.2336   -2.2639   -1.8357   -1.3459   -1.0582   -0.1883   -0.1059    0.5488    0.8002    1.5773    1.7900    2.2663    2.5096    4.0718    4.1178    4.3694    4.3829    5.0741    5.1079    6.0545
  0.7086  -24.1836  -24.1835  -24.1574  -24.1571  -21.2270  -21.2267  -21.2031  -21.2030  -21.1892  -21.1886  -11.1675  -11.1660   -7.2235   -7.1981   -2.1660   -1.7716   -1.2227   -0.9711   -0.1497   -0.0840    0.4356    0.6901    1.5755    1.7279    2.2539    2.4337    4.0238    4.0699    4.3264    4.3389    5.0217    5.0583    6.0785
  0.7394  -24.1836  -24.1836  -24.1574  -24.1571  -21.2271  -21.2268  -21.2030  -21.2029  -21.1892  -21.1887  -11.1950  -11.1937   -7.1907   -7.1687   -2.0662   -1.7158   -1.0939   -0.8862   -0.1203   -0.0676    0.3165    0.5713    1.5739    1.6700    2.2568    2.3744    3.9801    4.0253    4.2883    4.2999    4.9674    5.0035    5.9921
  0.7702  -24.1836  -24.1836  -24.1574  -24.1571  -21.2271  -21.2270  -21.2029  -21.2029  -21.1892  -21.1888  -11.2177  -11.2166   -7.1635   -7.1454   -1.9682   -1.6726   -0.9589   -0.8010   -0.1054   -0.0573    0.1972    0.4465    1.5694    1.6216    2.2696    2.3353    3.9418    3.9842    4.2558    4.2662    4.9149    4.9473    5.9559
  0.8010  -24.1837  -24.1837  -24.1574  -24.1572  -21.2272  -21.2271  -21.2029  -21.2029  -21.1892  -21.1889  -11.2353  -11.2345   -7.1419   -7.1280   -1.8761   -1.6452   -0.8186   -0.7130   -0.1123   -0.0664    0.0967    0.3227    1.5608    1.5857    2.2864    2.3158    3.9107    3.9473    4.2297    4.2384    4.8688    4.8948    5.8967
  0.8318  -24.1837  -24.1837  -24.1573  -24.1572  -21.2272  -21.2272  -21.2028  -21.2028  -21.1892  -21.1890  -11.2480  -11.2474   -7.1258   -7.1164   -1.7943   -1.6361   -0.6764   -0.6207   -0.1502   -0.1316    0.0573    0.2142    1.5498    1.5624    2.3020    2.3110    3.8886    3.9159    4.2108    4.2172    4.8334    4.8514    5.8579
  0.8627  -24.1837  -24.1837  -24.1573  -24.1572  -21.2273  -21.2272  -21.2028  -21.2028  -21.1892  -21.1891  -11.2555  -11.2553   -7.1152   -7.1105   -1.7269   -1.6465   -0.5431   -0.5279   -0.2337   -0.2174    0.0646    0.1365    1.5420    1.5485    2.3122    2.3134    3.8776    3.8923    4.1999    4.2033    4.8123    4.8215    5.8332
  0.8935  -24.1837  -24.1837  -24.1573  -24.1573  -21.2273  -21.2273  -21.2028  -21.2028  -21.1891  -21.1891  -11.2580  -11.2580   -7.1101   -7.1101   -1.6770   -1.6770   -0.4705   -0.4705   -0.2829   -0.2829    0.0904    0.0904    1.5415    1.5415    2.3155    2.3155    3.8789    3.8789    4.1975    4.1975    4.8081    4.8081    5.8252
  0.8935  -24.1837  -24.1837  -24.1573  -24.1573  -21.2273  -21.2273  -21.2028  -21.2028  -21.1891  -21.1891  -11.2580  -11.2580   -7.1101   -7.1101   -1.6770   -1.6770   -0.4705   -0.4705   -0.2829   -0.2829    0.0904    0.0904    1.5415    1.5415    2.3155    2.3155    3.8789    3.8789    4.1975    4.1975    4.8081    4.8081    5.8252
  0.9201  -24.1837  -24.1837  -24.1573  -24.1572  -21.2273  -21.2272  -21.2028  -21.2028  -21.1892  -21.1891  -11.2562  -11.2559   -7.1142   -7.1101   -1.7192   -1.6494   -0.5274   -0.5166   -0.2453   -0.2288    0.0672    0.1287    1.5415    1.5471    2.3134    2.3136    3.8771    3.8898    4.1991    4.2021    4.8108    4.8187    5.8318
  0.9468  -24.1837  -24.1837  -24.1573  -24.1572  -21.2273  -21.2272  -21.2028  -21.2028  -21.1892  -21.1890  -11.2505  -11.2500   -7.1224   -7.1143   -1.7747   -1.6369   -0.6381   -0.5965   -0.1620   -0.1616    0.0568    0.1897    1.5477    1.5574    2.3077    2.3090    3.8845    3.9087    4.2071    4.2127    4.8262    4.8419    5.8497
  0.9735  -24.1837  -24.1837  -24.1573  -24.1572  -21.2272  -21.2271  -21.2028  -21.2028  -21.1892  -21.1889  -11.2410  -11.2403   -7.1347   -7.1227   -1.8418   -1.6393   -0.7589   -0.6790   -0.1172   -0.0911    0.0736    0.2749    1.5607    1.5711    2.3006    2.3050    3.9006    3.9339    4.2212    4.2290    4.8531    4.8760    5.8797
  1.0002  -24.1837  -24.1837  -24.1574  -24.1571  -21.2272  -21.2270  -21.2029  -21.2029  -21.1892  -21.1888  -11.2278  -11.2268   -7.1512   -7.1354   -1.9181   -1.6561   -0.8788   -0.7590   -0.0950   -0.0685    0.1416    0.3739    1.5814    1.5870    2.2954    2.3055    3.9242    3.9638    4.2410    4.2505    4.8892    4.9183    5.9182
  1.0269  -24.1836  -24.1836  -24.1574  -24.1571  -21.2271  -21.2269  -21.2029  -21.2029  -21.1892  -21.1887  -11.2107  -11.2096   -7.1718   -7.1524   -2.0008   -1.6863   -0.9938   -0.8360   -0.0875   -0.0789    0.2398    0.4731    1.6043    1.6118    2.2956    2.3143    3.9540    3.9974    4.2659    4.2767    4.9320    4.9656    5.9577
  1.0536  -24.1836  -24.1836  -24.1574  -24.1571  -21.2270  -21.2268  -21.2030  -21.2030  -21.1892  -21.1886  -11.1900  -11.1886   -7.1967   -7.1740   -2.0875   -1.7287   -1.1016   -0.9103   -0.1020   -0.0897    0.3432    0.5617    1.6235    1.6549    2.3039    2.3340    3.9887    4.0338    4.2954    4.3071    4.9785    5.0143    5.9938
  1.0802  -24.1835  -24.1835  -24.1574  -24.1571  -21.2270  -21.2267  -21.2031  -21.2030  -21.1891  -21.1885  -11.1656  -11.1641   -7.2258   -7.2002   -2.1756   -1.7816   -1.2013   -0.9824   -0.1319   -0.0991    0.4417    0.6326    1.6467    1.7137    2.3215    2.3655    4.0275    4.0728    4.3290    4.3415    5.0261    5.0615    6.0459
  1.1069  -24.1835  -24.1835  -24.1575  -24.1570  -21.2269  -21.2266  -21.2031  -21.2031  -21.1891  -21.1884  -11.1378  -11.1360   -7.2591   -7.2310   -2.2630   -1.8426   -1.2928   -1.0528   -0.1671   -0.1148    0.5302    0.6827    1.6766    1.7898    2.3484    2.4082    4.0696    4.1145    4.3663    4.3796    5.0727    5.1052    6.0055
  1.1336  -24.1834  -24.1834  -24.1575  -24.1570  -21.2268  -21.2264  -21.2032  -21.2032  -21.1891  -21.1883  -11.1065  -11.1046   -7.2968   -7.2665   -2.3477   -1.9093   -1.3768   -1.1218   -0.2071   -0.1367    0.6054    0.7133    1.7160    1.8815    2.3834    2.4603    4.1145    4.1587    4.4068    4.4213    5.1171    5.1445    6.0056
  1.1603  -24.1834  -24.1834  -24.1575  -24.1570  -21.2266  -21.2263  -21.2033  -21.2033  -21.1890  -21.1882  -11.0719  -11.0698   -7.3387   -7.3066   -2.4285   -1.9787   -1.4542   -1.1894   -0.2516   -0.1651    0.6662    0.7286    1.7659    1.9848    2.4247    2.5192    4.1616    4.2056    4.4505    4.4664    5.1588    5.1799    5.9355
  1.1870  -24.1833  -24.1833  -24.1575  -24.1570  -21.2265  -21.2261  -21.2034  -21.2034  -21.1889  -21.1881  -11.0341  -11.0320   -7.3848   -7.3514   -2.5040   -2.0485   -1.5263   -1.2555   -0.3003   -0.2000    0.7134    0.7340    1.8255    2.0939    2.4705    2.5824    4.2107    4.2552    4.4969    4.5148    5.1987    5.2127    5.9108
  1.2136  -24.1833  -24.1833  -24.1575  -24.1570  -21.2264  -21.2260  -21.2035  -21.2035  -21.1888  -21.1880  -10.9934  -10.9912   -7.4348   -7.4007   -2.5733   -2.1166   -1.5939   -1.3200   -0.3528   -0.2416    0.7344    0.7492    1.8922    2.2032    2.5189    2.6472    4.2615    4.3076    4.5460    4.5667    5.2383    5.2452    5.8800
  1.2403  -24.1832  -24.1832  -24.1575  -24.1570  -21.2263  -21.2258  -21.2036  -21.2036  -21.1887  -21.1879  -10.9500  -10.9477   -7.4887   -7.4542   -2.6357   -2.1813   -1.6577   -1.3828   -0.4085   -0.2895    0.7336    0.7762    1.9626    2.3074    2.5684    2.7111    4.3139    4.3630    4.5977    4.6220    5.2800    5.2802    5.8667
  1.2670  -24.1831  -24.1831  -24.1575  -24.1570  -21.2261  -21.2257  -21.2038  -21.2037  -21.1886  -21.1878  -10.9041  -10.9018   -7.5459   -7.5117   -2.6908   -2.2416   -1.7179   -1.4437   -0.4667   -0.3429    0.7337    0.7973    2.0332    2.4021    2.6177    2.7717    4.3683    4.4216    4.6522    4.6808    5.3202    5.3262    5.8727
  1.2937  -24.1831  -24.1831  -24.1575  -24.1570  -21.2260  -21.2255  -21.2039  -21.2038  -21.1885  -21.1877  -10.8561  -10.8537   -7.6062   -7.5726   -2.7384   -2.2969   -1.7747   -1.5024   -0.5265   -0.4008    0.7360    0.8144    2.1011    2.4837    2.6661    2.8271    4.4251    4.4838    4.7095    4.7431    5.3668    5.3782    5.8988
  1.3204  -24.1830  -24.1830  -24.1575  -24.1570  -21.2259  -21.2254  -21.2040  -21.2038  -21.1884  -21.1876  -10.8061  -10.8038   -7.6690   -7.6364   -2.7782   -2.3468   -1.8280   -1.5588   -0.5870   -0.4621    0.7411    0.8289    2.1642    2.5500    2.7127    2.8756    4.4850    4.5496    4.7699    4.8088    5.4203    5.4362    5.9326
  1.3471  -24.1829  -24.1829  -24.1575  -24.1570  -21.2257  -21.2252  -21.2041  -21.2039  -21.1883  -21.1875  -10.7548  -10.7525   -7.7337   -7.7025   -2.8105   -2.3915   -1.8775   -1.6128   -0.6473   -0.5255    0.7487    0.8417    2.2214    2.6004    2.7567    2.9165    4.5483    4.6185    4.8336    4.8776    5.4794    5.4982    5.9826
  1.3737  -24.1829  -24.1829  -24.1575  -24.1570  -21.2256  -21.2251  -21.2041  -21.2040  -21.1882  -21.1874  -10.7025  -10.7003   -7.7996   -7.7701   -2.8352   -2.4314   -1.9230   -1.6642   -0.7065   -0.5896    0.7586    0.8533    2.2721    2.6358    2.7973    2.9497    4.6145    4.6889    4.9016    4.9492    5.5422    5.5621    6.0509
  1.4004  -24.1828  -24.1828  -24.1575  -24.1570  -21.2255  -21.2250  -21.2042  -21.2041  -21.1881  -21.1873  -10.6499  -10.6478   -7.8658   -7.8384   -2.8528   -2.4668   -1.9640   -1.7129   -0.7636   -0.6534    0.7703    0.8638    2.3164    2.6579    2.8339    2.9755    4.6821    4.7577    4.9753    5.0236    5.6069    5.6258    6.1366
  1.4271  -24.1827  -24.1827  -24.1575  -24.1570  -21.2253  -21.2249  -21.2043  -21.2042  -21.1880  -21.1873  -10.5976  -10.5957   -7.9315   -7.9063   -2.8636   -2.4988   -2.0000   -1.7590   -0.8179   -0.7156    0.7832    0.8732    2.3546    2.6689    2.8663    2.9949    4.7487    4.8215    5.0566    5.1013    5.6725    5.6891    6.2116
  1.4538  -24.1827  -24.1827  -24.1574  -24.1570  -21.2252  -21.2248  -21.2044  -21.2042  -21.1878  -21.1872  -10.5463  -10.5446   -7.9954   -7.9726   -2.8681   -2.5280   -2.0304   -1.8023   -0.8685   -0.7752    0.7968    0.8813    2.3876    2.6710    2.8948    3.0090    4.8117    4.8770    5.1467    5.1830    5.7388    5.7521    6.3084
  1.4805  -24.1826  -24.1826  -24.1574  -24.1570  -21.2251  -21.2247  -21.2044  -21.2043  -21.1877  -21.1872  -10.4970  -10.4956   -8.0565   -8.0363   -2.8667   -2.5555   -2.0548   -1.8430   -0.9145   -0.8312    0.8107    0.8880    2.4161    2.6663    2.9196    3.0187    4.8684    4.9230    5.2453    5.2693    5.8048    5.8147    6.3731
  1.5071  -24.1826  -24.1826  -24.1574  -24.1571  -21.2250  -21.2246  -21.2044  -21.2043  -21.1876  -21.1871  -10.4508  -10.4495   -8.1135   -8.0959   -2.8600   -2.5821   -2.0728   -1.8811   -0.9553   -0.8827    0.8243    0.8931    2.4411    2.6565    2.9412    3.0250    4.9170    4.9600    5.3505    5.3602    5.8678    5.8747    6.3687
  1.5338  -24.1826  -24.1826  -24.1574  -24.1571  -21.2249  -21.2246  -21.2045  -21.2044  -21.1875  -21.1871  -10.4086  -10.4076   -8.1649   -8.1501   -2.8486   -2.6084   -2.0842   -1.9165   -0.9902   -0.9289    0.8375    0.8965    2.4634    2.6433    2.9599    3.0287    4.9570    4.9890    5.4540    5.4594    5.9221    5.9282    6.3571
  1.5605  -24.1825  -24.1825  -24.1573  -24.1571  -21.2248  -21.2246  -21.2045  -21.2044  -21.1874  -21.1871  -10.3718  -10.3710   -8.2093   -8.1974   -2.8332   -2.6350   -2.0890   -1.9492   -1.0185   -0.9690    0.8498    0.8982    2.4838    2.6278    2.9758    3.0300    4.9887    5.0113    5.5469    5.5669    5.9624    5.9730    6.3732
  1.5872  -24.1825  -24.1825  -24.1573  -24.1571  -21.2248  -21.2246  -21.2045  -21.2045  -21.1874  -21.1871  -10.3415  -10.3410   -8.2454   -8.2364   -2.8142   -2.6619   -2.0876   -1.9793   -1.0397   -1.0023    0.8611    0.8980    2.5030    2.6109    2.9894    3.0295    5.0127    5.0277    5.6318    5.6639    5.9945    6.0146    6.4085
  1.6139  -24.1825  -24.1825  -24.1573  -24.1572  -21.2247  -21.2246  -21.2045  -21.2045  -21.1873  -21.1871  -10.3189  -10.3185   -8.2718   -8.2658   -2.7924   -2.6891   -2.0804   -2.0065   -1.0534   -1.0284    0.8711    0.8961    2.5215    2.5934    3.0007    3.0271    5.0297    5.0387    5.6994    5.7339    6.0400    6.0664    6.4408
  1.6406  -24.1825  -24.1825  -24.1573  -24.1572  -21.2246  -21.2246  -21.2045  -21.2045  -21.1872  -21.1872  -10.3049  -10.3047   -8.2875   -8.2845   -2.7684   -2.7162   -2.0682   -2.0307   -1.0593   -1.0467    0.8798    0.8923    2.5396    2.5755    3.0100    3.0231    5.0404    5.0446    5.7435    5.7651    6.1135    6.1341    6.3816
  1.6672  -24.1825  -24.1825  -24.1572  -24.1572  -21.2246  -21.2246  -21.2045  -21.2045  -21.1872  -21.1872  -10.3001  -10.3001   -8.2918   -8.2918   -2.7428   -2.7428   -2.0514   -2.0514   -1.0570   -1.0570    0.8869    0.8869    2.5576    2.5576    3.0174    3.0174    5.0453    5.0453    5.7653    5.7653    6.1769    6.1769    6.3220
  1.6672  -24.1825  -24.1825  -24.1572  -24.1572  -21.2246  -21.2246  -21.2045  -21.2045  -21.1872  -21.1872  -10.3001  -10.3001   -8.2918   -8.2918   -2.7428   -2.7428   -2.0514   -2.0514   -1.0570   -1.0570    0.8869    0.8869    2.5576    2.5576    3.0174    3.0174    5.0453    5.0453    5.7653    5.7653    6.1769    6.1769    6.3220
  1.6826  -24.1825  -24.1824  -24.1572  -24.1572  -21.2247  -21.2245  -21.2046  -21.2044  -21.1872  -21.1872  -10.2998  -10.2995   -8.2938   -8.2907   -2.7639   -2.7228   -2.0755   -2.0294   -1.0613   -1.0550    0.8769    0.9069    2.5398    2.5739    2.9967    3.0348    5.0456    5.0467    5.7599    5.7761    6.1762    6.1793    6.3214
  1.6980  -24.1826  -24.1824  -24.1573  -24.1572  -21.2249  -21.2243  -21.2047  -21.2044  -21.1872  -21.1872  -10.2987  -10.2979   -8.2965   -8.2903   -2.7859   -2.7038   -2.1016   -2.0094   -1.0680   -1.0552    0.8771    0.9367    2.5204    2.5886    2.9727    3.0489    5.0476    5.0499    5.7599    5.7922    6.1773    6.1835    6.3245
  1.7134  -24.1826  -24.1823  -24.1573  -24.1572  -21.2250  -21.2242  -21.2048  -21.2043  -21.1872  -21.1872  -10.2966  -10.2955   -8.3000   -8.2906   -2.8090   -2.6857   -2.1293   -1.9916   -1.0770   -1.0573    0.8875    0.9756    2.4995    2.6018    2.9457    3.0599    5.0515    5.0550    5.7650    5.8133    6.1801    6.1894    6.3202
  1.7289  -24.1827  -24.1822  -24.1573  -24.1571  -21.2251  -21.2240  -21.2049  -21.2042  -21.1872  -21.1871  -10.2937  -10.2923   -8.3043   -8.2918   -2.8332   -2.6688   -2.1583   -1.9756   -1.0882   -1.0611    0.9077    1.0231    2.4770    2.6131    2.9162    3.0683    5.0570    5.0618    5.7747    5.8390    6.1847    6.1973    6.3251
  1.7443  -24.1828  -24.1822  -24.1573  -24.1571  -21.2252  -21.2239  -21.2050  -21.2042  -21.1872  -21.1871  -10.2900  -10.2881   -8.3093   -8.2938   -2.8584   -2.6532   -2.1881   -1.9614   -1.1015   -1.0664    0.9372    1.0782    2.4531    2.6224    2.8851    3.0744    5.0644    5.0705    5.7885    5.8686    6.1907    6.2065    6.3217
  1.7597  -24.1828  -24.1821  -24.1573  -24.1571  -21.2253  -21.2237  -21.2051  -21.2041  -21.1872  -21.1871  -10.2854  -10.2832   -8.3150   -8.2965   -2.8846   -2.6391   -2.2181   -1.9487   -1.1165   -1.0729    0.9754    1.1401    2.4279    2.6287    2.8538    3.0786    5.0735    5.0811    5.8057    5.9014    6.1983    6.2174    6.3233
  1.7751  -24.1829  -24.1821  -24.1574  -24.1571  -21.2254  -21.2236  -21.2052  -21.2040  -21.1872  -21.1871  -10.2800  -10.2774   -8.3215   -8.2999   -2.9118   -2.6270   -2.2474   -1.9372   -1.1331   -1.0804    1.0214    1.2079    2.4017    2.6308    2.8242    3.0815    5.0845    5.0936    5.8254    5.9367    6.2074    6.2298    6.3274
  1.7905  -24.1829  -24.1820  -24.1574  -24.1571  -21.2255  -21.2234  -21.2053  -21.2040  -21.1872  -21.1871  -10.2739  -10.2709   -8.3286   -8.3041   -2.9399   -2.6175   -2.2749   -1.9266   -1.1509   -1.0888    1.0742    1.2804    2.3748    2.6264    2.7991    3.0835    5.0972    5.1081    5.8467    5.9736    6.2176    6.2431    6.3293
  1.8059  -24.1829  -24.1819  -24.1574  -24.1571  -21.2256  -21.2233  -21.2054  -21.2039  -21.1873  -21.1871  -10.2670  -10.2636   -8.3364   -8.3091   -2.9688   -2.6117   -2.2993   -1.9165   -1.1697   -1.0979    1.1329    1.3566    2.3478    2.6136    2.7816    3.0849    5.1118    5.1246    5.8687    6.0112    6.2289    6.2573    6.3326
  1.8213  -24.1830  -24.1819  -24.1574  -24.1570  -21.2257  -21.2231  -21.2055  -21.2039  -21.1873  -21.1871  -10.2595  -10.2557   -8.3448   -8.3147   -2.9984   -2.6106   -2.3191   -1.9067   -1.1894   -1.1076    1.1962    1.4353    2.3212    2.5919    2.7727    3.0860    5.1283    5.1431    5.8904    6.0486    6.2406    6.2724    6.3398
  1.8367  -24.1830  -24.1818  -24.1574  -24.1570  -21.2257  -21.2230  -21.2056  -21.2039  -21.1873  -21.1871  -10.2513  -10.2471   -8.3538   -8.3210   -3.0283   -2.6152   -2.3329   -1.8969   -1.2097   -1.1180    1.2631    1.5149    2.2959    2.5637    2.7710    3.0872    5.1466    5.1637    5.9107    6.0847    6.2525    6.2860    6.3470
  1.8521  -24.1831  -24.1818  -24.1575  -24.1570  -21.2258  -21.2228  -21.2057  -21.2038  -21.1873  -21.1870  -10.2426  -10.2379   -8.3634   -8.3279   -3.0584   -2.6259   -2.3400   -1.8868   -1.2305   -1.1290    1.3320    1.5938    2.2730    2.5326    2.7741    3.0886    5.1668    5.1865    5.9285    6.1183    6.2640    6.2972    6.3509
  1.8675  -24.1831  -24.1817  -24.1575  -24.1570  -21.2259  -21.2227  -21.2058  -21.2038  -21.1873  -21.1870  -10.2334  -10.2283   -8.3734   -8.3354   -3.0885   -2.6422   -2.3406   -1.8762   -1.2517   -1.1407    1.4016    1.6699    2.2536    2.5019    2.7802    3.0905    5.1890    5.2115    5.9428    6.1475    6.2746    6.3067    6.3525
  1.8829  -24.1831  -24.1817  -24.1575  -24.1570  -21.2259  -21.2225  -21.2059  -21.2037  -21.1873  -21.1870  -10.2238  -10.2182   -8.3839   -8.3434   -3.1184   -2.6629   -2.3355   -1.8650   -1.2733   -1.1531    1.4699    1.7408    2.2389    2.4747    2.7883    3.0928    5.2131    5.2387    5.9525    6.1698    6.2813    6.3142    6.3570
  1.8983  -24.1832  -24.1816  -24.1575  -24.1570  -21.2260  -21.2224  -21.2060  -21.2037  -21.1873  -21.1870  -10.2138  -10.2077   -8.3947   -8.3519   -3.1476   -2.6866   -2.3262   -1.8529   -1.2951   -1.1662    1.5347    1.8042    2.2290    2.4550    2.7977    3.0958    5.2393    5.2683    5.9570    6.1826    6.2732    6.3189    6.3655
  1.9137  -24.1832  -24.1816  -24.1575  -24.1570  -21.2260  -21.2222  -21.2061  -21.2037  -21.1873  -21.1870  -10.2036  -10.1971   -8.4057   -8.3607   -3.1761   -2.7118   -2.3136   -1.8398   -1.3172   -1.1801    1.5930    1.8589    2.2222    2.4480    2.8081    3.0995    5.2675    5.3002    5.9560    6.1852    6.2469    6.3060    6.3699
  1.9291  -24.1832  -24.1815  -24.1575  -24.1570  -21.2261  -21.2221  -21.2062  -21.2037  -21.1873  -21.1870  -10.1932  -10.1862   -8.4170   -8.3698   -3.2036   -2.7376   -2.2987   -1.8257   -1.3395   -1.1948    1.6415    1.9059    2.2149    2.4585    2.8193    3.1040    5.2977    5.3346    5.9498    6.1782    6.2099    6.2672    6.3823
  1.9445  -24.1832  -24.1815  -24.1575  -24.1569  -21.2261  -21.2220  -21.2062  -21.2037  -21.1873  -21.1870  -10.1828  -10.1754   -8.4282   -8.3791   -3.2297   -2.7631   -2.2823   -1.8106   -1.3618   -1.2104    1.6772    1.9485    2.2043    2.4874    2.8311    3.1095    5.3300    5.3715    5.9392    6.1613    6.1704    6.2189    6.4006
  1.9599  -24.1833  -24.1814  -24.1576  -24.1569  -21.2261  -21.2219  -21.2063  -21.2036  -21.1873  -21.1870  -10.1726  -10.1647   -8.4394   -8.3885   -3.2543   -2.7877   -2.2648   -1.7944   -1.3842   -1.2268    1.6992    1.9891    2.1915    2.5309    2.8433    3.1160    5.3643    5.4108    5.9253    6.1221    6.1459    6.1693    6.4230
  1.9753  -24.1833  -24.1814  -24.1576  -24.1569  -21.2262  -21.2218  -21.2064  -21.2036  -21.1873  -21.1870  -10.1625  -10.1542   -8.4504   -8.3978   -3.2772   -2.8109   -2.2468   -1.7771   -1.4064   -1.2440    1.7094    2.0266    2.1802    2.5827    2.8558    3.1236    5.4006    5.4527    5.9095    6.0788    6.1165    6.1266    6.4480
  1.9907  -24.1833  -24.1814  -24.1576  -24.1569  -21.2262  -21.2217  -21.2065  -21.2036  -21.1873  -21.1869  -10.1528  -10.1440   -8.4610   -8.4068   -3.2982   -2.8324   -2.2287   -1.7588   -1.4285   -1.2620    1.7112    2.0555    2.1765    2.6376    2.8681    3.1325    5.4387    5.4970    5.8930    6.0368    6.0731    6.0987    6.4753
  2.0061  -24.1833  -24.1813  -24.1576  -24.1569  -21.2262  -21.2216  -21.2065  -21.2036  -21.1873  -21.1869  -10.1437  -10.1345   -8.4711   -8.4155   -3.3171   -2.8519   -2.2109   -1.7396   -1.4501   -1.2804    1.7078    2.0692    2.1862    2.6916    2.8799    3.1428    5.4782    5.5433    5.8772    5.9969    6.0318    6.0715    6.5036
  2.0215  -24.1833  -24.1813  -24.1576  -24.1569  -21.2262  -21.2215  -21.2066  -21.2036  -21.1872  -21.1869  -10.1352  -10.1256   -8.4805   -8.4237   -3.3337   -2.8691   -2.1939   -1.7197   -1.4711   -1.2990    1.7017    2.0691    2.2071    2.7419    2.8907    3.1542    5.5186    5.5912    5.8630    5.9598    5.9953    6.0445    6.5314
  2.0369  -24.1833  -24.1813  -24.1576  -24.1569  -21.2262  -21.2214  -21.2066  -21.2036  -21.1872  -21.1869  -10.1276  -10.1176   -8.4889   -8.4311   -3.3480   -2.8840   -2.1780   -1.6993   -1.4913   -1.3175    1.6946    2.0627    2.2309    2.7867    2.8999    3.1664    5.5589    5.6398    5.8513    5.9260    5.9641    6.0187    6.5565
  2.0523  -24.1833  -24.1813  -24.1576  -24.1569  -21.2262  -21.2214  -21.2067  -21.2036  -21.1872  -21.1869  -10.1210  -10.1107   -8.4963   -8.4376   -3.3599   -2.8963   -2.1639   -1.6786   -1.5105   -1.3352    1.6876    2.0551    2.2526    2.8246    2.9071    3.1787    5.5977    5.6873    5.8422    5.8971    5.9383    5.9956    6.5748
  2.0678  -24.1833  -24.1813  -24.1576  -24.1569  -21.2262  -21.2213  -21.2067  -21.2036  -21.1872  -21.1869  -10.1156  -10.1050   -8.5024   -8.4430   -3.3691   -2.9060   -2.1521   -1.6581   -1.5285   -1.3512    1.6816    2.0482    2.2699    2.8551    2.9121    3.1901    5.6327    5.7311    5.8340    5.8759    5.9178    5.9770    6.5827
  2.0832  -24.1833  -24.1812  -24.1576  -24.1569  -21.2262  -21.2213  -21.2067  -21.2036  -21.1872  -21.1869  -10.1115  -10.1008   -8.5069   -8.4471   -3.3758   -2.9130   -2.1431   -1.6387   -1.5452   -1.3644    1.6770    2.0431    2.2821    2.8774    2.9150    3.1995    5.6610    5.7670    5.8240    5.8661    5.9019    5.9649    6.5786
  2.0986  -24.1833  -24.1812  -24.1576  -24.1569  -21.2262  -21.2213  -21.2067  -21.2036  -21.1872  -21.1869  -10.1089  -10.0981   -8.5098   -8.4497   -3.3798   -2.9172   -2.1374   -1.6221   -1.5595   -1.3733    1.6741    2.0399    2.2892    2.8909    2.9165    3.2057    5.6792    5.7910    5.8135    5.8667    5.8903    5.9603    6.5698
  2.1140  -24.1834  -24.1812  -24.1576  -24.1569  -21.2263  -21.2213  -21.2067  -21.2036  -21.1872  -21.1869  -10.1080  -10.0972   -8.5108   -8.4506   -3.3812   -2.9187   -2.1354   -1.6144   -1.5663   -1.3765    1.6731    2.0389    2.2915    2.8951    2.9172    3.2080    5.6852    5.8018    5.8062    5.8704    5.8843    5.9602    6.5657
  2.1140  -24.1834  -24.1812  -24.1576  -24.1569  -21.2263  -21.2213  -21.2067  -21.2036  -21.1872  -21.1869  -10.1080  -10.0972   -8.5108   -8.4506   -3.3812   -2.9187   -2.1354   -1.6144   -1.5663   -1.3765    1.6731    2.0389    2.2915    2.8951    2.9172    3.2080    5.6852    5.8018    5.8062    5.8704    5.8843    5.9602    6.5657
  2.1448  -24.1833  -24.1812  -24.1576  -24.1569  -21.2262  -21.2213  -21.2067  -21.2036  -21.1872  -21.1869  -10.1118  -10.1011   -8.5065   -8.4466   -3.3758   -2.9130   -2.1434   -1.6411   -1.5435   -1.3629    1.6770    2.0425    2.2836    2.8838    2.9099    3.1984    5.6666    5.7798    5.8181    5.8492    5.9040    5.9533    6.5796
  2.1756  -24.1833  -24.1813  -24.1576  -24.1569  -21.2262  -21.2214  -21.2067  -21.2036  -21.1872  -21.1869  -10.1237  -10.1135   -8.4929   -8.4341   -3.3598   -2.8961   -2.1663   -1.6900   -1.5032   -1.3252    1.6884    2.0506    2.2640    2.8565    2.8850    3.1697    5.6198    5.7360    5.8140    5.8188    5.9154    5.9648    6.5411
  2.2064  -24.1833  -24.1813  -24.1576  -24.1569  -21.2262  -21.2215  -21.2066  -21.2036  -21.1873  -21.1869  -10.1441  -10.1346   -8.4694   -8.4123   -3.3335   -2.8681   -2.2007   -1.7466   -1.4539   -1.2712    1.7060    2.0552    2.2422    2.8120    2.8501    3.1241    5.5456    5.6571    5.7889    5.8074    5.9277    6.0055    6.4117
  2.2372  -24.1833  -24.1814  -24.1576  -24.1569  -21.2262  -21.2216  -21.2065  -21.2036  -21.1873  -21.1869  -10.1729  -10.1645   -8.4359   -8.3810   -3.2975   -2.8296   -2.2419   -1.8061   -1.3961   -1.2076    1.7274    2.0421    2.2333    2.7483    2.8147    3.0655    5.4502    5.5525    5.7742    5.8052    5.9459    6.0391    6.2730
  2.2680  -24.1833  -24.1814  -24.1576  -24.1569  -21.2262  -21.2218  -21.2063  -21.2036  -21.1874  -21.1870  -10.2098  -10.2025   -8.3928   -8.3403   -3.2526   -2.7814   -2.2855   -1.8657   -1.3313   -1.1380    1.7497    2.0021    2.2457    2.6708    2.7820    2.9981    5.3452    5.4394    5.7506    5.8083    5.9579    6.0265    6.1723
  2.2988  -24.1833  -24.1815  -24.1576  -24.1569  -21.2262  -21.2221  -21.2062  -21.2036  -21.1874  -21.1870  -10.2539  -10.2478   -8.3409   -8.2910   -3.2000   -2.7245   -2.3272   -1.9230   -1.2615   -1.0647    1.7692    1.9414    2.2716    2.5851    2.7555    2.9258    5.2385    5.3265    5.6949    5.7844    5.9554    5.9777    6.1212
  2.3296  -24.1833  -24.1816  -24.1576  -24.1569  -21.2262  -21.2223  -21.2060  -21.2036  -21.1875  -21.1870  -10.3042  -10.2991   -8.2812   -8.2338   -3.1411   -2.6609   -2.3625   -1.9760   -1.1880   -0.9891    1.7815    1.8684    2.2984    2.4969    2.7402    2.8527    5.1342    5.2173    5.6050    5.6934    5.9255    5.9725    6.0854
  2.3604  -24.1833  -24.1817  -24.1575  -24.1569  -21.2262  -21.2226  -21.2058  -21.2036  -21.1876  -21.1870  -10.3595  -10.3553   -8.2151   -8.1701   -3.0779   -2.5946   -2.3851   -2.0225   -1.1122   -0.9123    1.7820    1.7884    2.3083    2.4184    2.7405    2.7830    5.0342    5.1136    5.4968    5.5693    5.8800    5.9130    6.1099
  2.3913  -24.1833  -24.1818  -24.1575  -24.1569  -21.2262  -21.2229  -21.2056  -21.2036  -21.1877  -21.1871  -10.4186  -10.4151   -8.1439   -8.1009   -3.0134   -2.5351   -2.3836   -2.0601   -1.0351   -0.8353    1.7033    1.7687    2.2647    2.3818    2.7222    2.7578    4.9395    5.0160    5.3835    5.4408    5.8024    5.8222    6.1732
  2.4221  -24.1833  -24.1820  -24.1575  -24.1569  -21.2262  -21.2232  -21.2054  -21.2036  -21.1878  -21.1871  -10.4804  -10.4774   -8.0688   -8.0276   -2.9513   -2.4936   -2.3459   -2.0851   -0.9577   -0.7588    1.6163    1.7393    2.1830    2.3678    2.6769    2.7892    4.8502    4.9248    5.2716    5.3158    5.7117    5.7254    6.2435
  2.4529  -24.1833  -24.1821  -24.1575  -24.1569  -21.2262  -21.2235  -21.2052  -21.2036  -21.1879  -21.1872  -10.5437  -10.5411   -7.9913   -7.9514   -2.8956   -2.4599   -2.2856   -2.0893   -0.8807   -0.6838    1.5284    1.6955    2.0958    2.3417    2.6512    2.8287    4.7661    4.8393    5.1644    5.1973    5.6210    5.6314    6.2965
  2.4837  -24.1833  -24.1822  -24.1575  -24.1569  -21.2262  -21.2238  -21.2050  -21.2036  -21.1880  -21.1873  -10.6077  -10.6053   -7.9125   -7.8736   -2.8488   -2.4163   -2.2330   -2.0575   -0.8047   -0.6108    1.4405    1.6396    2.0108    2.3001    2.6412    2.8692    4.6870    4.7589    5.0633    5.0869    5.5361    5.5446    6.2930
  2.5145  -24.1833  -24.1824  -24.1575  -24.1569  -21.2262  -21.2241  -21.2048  -21.2036  -21.1881  -21.1874  -10.6715  -10.6691   -7.8336   -7.7953   -2.8099   -2.3595   -2.1978   -1.9846   -0.7304   -0.5405    1.3535    1.5745    1.9309    2.2492    2.6371    2.9044    4.6122    4.6826    4.9683    4.9858    5.4603    5.4677    6.2397
  2.5453  -24.1833  -24.1825  -24.1575  -24.1569  -21.2263  -21.2244  -21.2046  -21.2036  -21.1883  -21.1875  -10.7342  -10.7318   -7.7557   -7.7179   -2.7746   -2.2972   -2.1595   -1.8883   -0.6582   -0.4736    1.2677    1.5025    1.8573    2.1951    2.6293    2.9283    4.5415    4.6095    4.8790    4.8949    5.3954    5.4020    6.1838
  2.5761  -24.1833  -24.1826  -24.1575  -24.1569  -21.2263  -21.2247  -21.2044  -21.2035  -21.1884  -21.1876  -10.7952  -10.7928   -7.6798   -7.6423   -2.7381   -2.2421   -2.0985   -1.7820   -0.5884   -0.4106    1.1832    1.4256    1.7913    2.1415    2.6111    2.9362    4.4745    4.5390    4.7956    4.8128    5.3419    5.3480    6.1312
  2.6069  -24.1833  -24.1828  -24.1575  -24.1569  -21.2264  -21.2250  -21.2042  -21.2035  -21.1885  -21.1877  -10.8540  -10.8516   -7.6067   -7.5695   -2.6964   -2.1950   -2.0131   -1.6718   -0.5212   -0.3519    1.0996    1.3451    1.7336    2.0904    2.5790    2.9246    4.4107    4.4707    4.7188    4.7375    5.2988    5.3047    6.0865
  2.6377  -24.1834  -24.1829  -24.1575  -24.1570  -21.2265  -21.2253  -21.2040  -21.2034  -21.1887  -21.1878  -10.9100  -10.9076   -7.5372   -7.5006   -2.6470   -2.1478   -1.9133   -1.5610   -0.4569   -0.2978    1.0161    1.2619    1.6848    2.0424    2.5323    2.8916    4.3495    4.4049    4.6484    4.6676    5.2635    5.2701    6.0538
  2.6685  -24.1834  -24.1830  -24.1575  -24.1570  -21.2265  -21.2256  -21.2038  -21.2034  -21.1888  -21.1879  -10.9627  -10.9604   -7.4720   -7.4361   -2.5886   -2.0953   -1.8060   -1.4519   -0.3957   -0.2488    0.9316    1.1764    1.6455    1.9969    2.4737    2.8381    4.2903    4.3416    4.5837    4.6024    5.2318    5.2414    6.0350
  2.6993  -24.1834  -24.1831  -24.1575  -24.1570  -21.2266  -21.2259  -21.2036  -21.2033  -21.1889  -21.1880  -11.0119  -11.0097   -7.4115   -7.3767   -2.5205   -2.0364   -1.6948   -1.3462   -0.3378   -0.2049    0.8444    1.0886    1.6156    1.9518    2.4093    2.7671    4.2328    4.2810    4.5239    4.5413    5.1996    5.2145    6.0315
  2.7302  -24.1835  -24.1833  -24.1575  -24.1570  -21.2267  -21.2261  -21.2035  -21.2032  -21.1890  -21.1882  -11.0573  -11.0552   -7.3562   -7.3230   -2.4430   -1.9718   -1.5811   -1.2451   -0.2835   -0.1664    0.7526    0.9976    1.5951    1.9039    2.3475    2.6839    4.1769    4.2235    4.4683    4.4843    5.1635    5.1852    6.0411
  2.7610  -24.1835  -24.1834  -24.1575  -24.1570  -21.2268  -21.2263  -21.2033  -21.2032  -21.1890  -21.1883  -11.0985  -11.0965   -7.3063   -7.2752   -2.3570   -1.9038   -1.4650   -1.1491   -0.2334   -0.1333    0.6545    0.9021    1.5829    1.8500    2.2978    2.5955    4.1230    4.1690    4.4168    4.4314    5.1218    5.1502    6.0550
  2.7918  -24.1835  -24.1834  -24.1575  -24.1570  -21.2269  -21.2265  -21.2032  -21.2031  -21.1891  -21.1884  -11.1353  -11.1335   -7.2621   -7.2336   -2.2639   -1.8357   -1.3459   -1.0582   -0.1883   -0.1059    0.5488    0.8002    1.5773    1.7900    2.2663    2.5096    4.0718    4.1178    4.3694    4.3829    5.0741    5.1079    6.0567
  2.8226  -24.1836  -24.1835  -24.1574  -24.1571  -21.2270  -21.2267  -21.2031  -21.2030  -21.1892  -21.1886  -11.1675  -11.1660   -7.2235   -7.1981   -2.1660   -1.7716   -1.2227   -0.9711   -0.1497   -0.0840    0.4356    0.6901    1.5755    1.7279    2.2539    2.4337    4.0238    4.0699    4.3264    4.3389    5.0217    5.0583    6.0339
  2.8534  -24.1836  -24.1836  -24.1574  -24.1571  -21.2271  -21.2268  -21.2030  -21.2029  -21.1892  -21.1887  -11.1950  -11.1937   -7.1907   -7.1687   -2.0662   -1.7158   -1.0939   -0.8862   -0.1203   -0.0676    0.3165    0.5713    1.5739    1.6700    2.2568    2.3744    3.9801    4.0253    4.2883    4.2999    4.9674    5.0035    5.9935
  2.8842  -24.1836  -24.1836  -24.1574  -24.1571  -21.2271  -21.2270  -21.2029  -21.2029  -21.1892  -21.1888  -11.2177  -11.2166   -7.1635   -7.1454   -1.9682   -1.6726   -0.9589   -0.8010   -0.1054   -0.0573    0.1972    0.4465    1.5694    1.6216    2.2696    2.3353    3.9418    3.9842    4.2558    4.2662    4.9149    4.9473    5.9513
  2.9150  -24.1837  -24.1837  -24.1574  -24.1572  -21.2272  -21.2271  -21.2029  -21.2029  -21.1892  -21.1889  -11.2353  -11.2345   -7.1419   -7.1280   -1.8761   -1.6452   -0.8186   -0.7130   -0.1123   -0.0664    0.0967    0.3227    1.5608    1.5857    2.2864    2.3158    3.9107    3.9473    4.2297    4.2384    4.8688    4.8948    5.8983
  2.9458  -24.1837  -24.1837  -24.1573  -24.1572  -21.2272  -21.2272  -21.2028  -21.2028  -21.1892  -21.1890  -11.2480  -11.2474   -7.1258   -7.1164   -1.7943   -1.6361   -0.6764   -0.6207   -0.1502   -0.1316    0.0573    0.2142    1.5498    1.5624    2.3020    2.3110    3.8886    3.9159    4.2108    4.2172    4.8334    4.8514    5.8578
  2.9766  -24.1837  -24.1837  -24.1573  -24.1572  -21.2273  -21.2272  -21.2028  -21.2028  -21.1892  -21.1891  -11.2555  -11.2553   -7.1152   -7.1105   -1.7269   -1.6465   -0.5431   -0.5279   -0.2337   -0.2174    0.0646    0.1365    1.5420    1.5485    2.3122    2.3134    3.8776    3.8923    4.1999    4.2033    4.8123    4.8215    5.8333
  3.0074  -24.1837  -24.1837  -24.1573  -24.1573  -21.2273  -21.2273  -21.2028  -21.2028  -21.1891  -21.1891  -11.2580  -11.2580   -7.1101   -7.1101   -1.6770   -1.6770   -0.4705   -0.4705   -0.2829   -0.2829    0.0904    0.0904    1.5415    1.5415    2.3155    2.3155    3.8789    3.8789    4.1975    4.1975    4.8081    4.8081    5.8252
