      0.00000000      0.01394128
      0.01000000      0.01343705
      0.02000000      0.01295827
      0.03000000      0.01250253
      0.04000000      0.01206344
      0.05000000      0.01163493
      0.06000000      0.01121124
      0.07000000      0.01078684
      0.08000000      0.01035654
      0.09000000      0.00991547
      0.10000000      0.00945938
      0.11000000      0.00898499
      0.12000000      0.00849057
      0.13000000      0.00797680
      0.14000000      0.00744753
      0.15000000      0.00691014
      0.16000000      0.00637507
      0.17000000      0.00585423
      0.18000000      0.00535879
      0.19000000      0.00489727
      0.20000000      0.00447461
      0.21000000      0.00409228
      0.22000000      0.00374913
      0.23000000      0.00344238
      0.24000000      0.00316847
      0.25000000      0.00292366
      0.26000000      0.00270437
      0.27000000      0.00250901
      0.28000000      0.00232961
      0.29000000      0.00216878
      0.30000000      0.00202265
      0.31000000      0.00188940
      0.32000000      0.00176744
      0.33000000      0.00165543
      0.34000000      0.00155222
      0.35000000      0.00145682
      0.36000000      0.00136837
      0.37000000      0.00128615
      0.38000000      0.00120953
      0.39000000      0.00113797
      0.40000000      0.00107099
      0.41000000      0.00100819
      0.42000000      0.00094921
      0.43000000      0.00089372
      0.44000000      0.00084145
      0.45000000      0.00079214
      0.46000000      0.00074556
      0.47000000      0.00070149
      0.48000000      0.00065974
      0.49000000      0.00062012
      0.50000000      0.00058246
      0.51000000      0.00054661
      0.52000000      0.00051243
      0.53000000      0.00047977
      0.54000000      0.00044853
      0.55000000      0.00041859
      0.56000000      0.00038984
      0.57000000      0.00036219
      0.58000000      0.00033555
      0.59000000      0.00030984
      0.60000000      0.00028498
      0.61000000      0.00026089
      0.62000000      0.00023749
      0.63000000      0.00021471
      0.64000000      0.00019248
      0.65000000      0.00017072
      0.66000000      0.00014936
      0.67000000      0.00012834
      0.68000000      0.00010759
      0.69000000      0.00008705
      0.70000000      0.00006665
      0.71000000      0.00004519
      0.72000000      0.00002493
      0.73000000      0.00000466
      0.74000000      0.03432633
      0.75000000      0.03432730
      0.76000000      0.03432834
      0.77000000      0.03432946
      0.78000000      0.03433065
      0.79000000      0.03433193
      0.80000000      0.03433329
      0.81000000      0.03433476
      0.82000000      0.03433631
      0.83000000      0.03433797
      0.84000000      0.03433973
      0.85000000      0.03434159
      0.86000000      0.03434356
      0.87000000      0.03434563
      0.88000000      0.03434780
      0.89000000      0.03435007
      0.90000000      0.03435244
      0.91000000      0.03435491
      0.92000000      0.03435749
      0.93000000      0.03436015
      0.94000000      0.03436291
      0.95000000      0.03436577
      0.96000000      0.03436871
      0.97000000      0.03437175
      0.98000000      0.03437487
      0.99000000      0.03437807
      1.00000000      0.03438045
  
      0.00000000      0.01395230
      0.01000000      0.01449334
      0.02000000      0.01508358
      0.03000000      0.01572688
      0.04000000      0.01643195
      0.05000000      0.01720775
      0.06000000      0.01806317
      0.07000000      0.01900631
      0.08000000      0.02004336
      0.09000000      0.02117697
      0.10000000      0.02240395
      0.11000000      0.02371278
      0.12000000      0.02508128
      0.13000000      0.02647553
      0.14000000      0.02785060
      0.15000000      0.02915336
      0.16000000      0.03032707
      0.17000000      0.03131925
      0.18000000      0.03209646
      0.19000000      0.03266154
      0.20000000      0.03305284
      0.21000000      0.03332092
      0.22000000      0.03350804
      0.23000000      0.03364302
      0.24000000      0.03374396
      0.25000000      0.03382208
      0.26000000      0.03388440
      0.27000000      0.03393513
      0.28000000      0.03397811
      0.29000000      0.03401447
      0.30000000      0.03404592
      0.31000000      0.03407344
      0.32000000      0.03409776
      0.33000000      0.03411943
      0.34000000      0.03413884
      0.35000000      0.03415633
      0.36000000      0.03417214
      0.37000000      0.03418647
      0.38000000      0.03419949
      0.39000000      0.03421135
      0.40000000      0.03422214
      0.41000000      0.03423198
      0.42000000      0.03424095
      0.43000000      0.03424913
      0.44000000      0.03425659
      0.45000000      0.03426338
      0.46000000      0.03426956
      0.47000000      0.03427518
      0.48000000      0.03428028
      0.49000000      0.03428491
      0.50000000      0.03428910
      0.51000000      0.03429288
      0.52000000      0.03429629
      0.53000000      0.03429936
      0.54000000      0.03430211
      0.55000000      0.03430458
      0.56000000      0.03430679
      0.57000000      0.03430877
      0.58000000      0.03431053
      0.59000000      0.03431211
      0.60000000      0.03431352
      0.61000000      0.03431479
      0.62000000      0.03431593
      0.63000000      0.03431697
      0.64000000      0.03431792
      0.65000000      0.03431881
      0.66000000      0.03431964
      0.67000000      0.03432044
      0.68000000      0.03432122
      0.69000000      0.03432199
      0.70000000      0.03432276
      0.71000000      0.03432373
      0.72000000      0.03432456
      0.73000000      0.03432542
      0.74000000      0.03449358
      0.75000000      0.03448852
      0.76000000      0.03448347
      0.77000000      0.03447845
      0.78000000      0.03447346
      0.79000000      0.03446850
      0.80000000      0.03446359
      0.81000000      0.03445873
      0.82000000      0.03445393
      0.83000000      0.03444919
      0.84000000      0.03444451
      0.85000000      0.03443990
      0.86000000      0.03443536
      0.87000000      0.03443090
      0.88000000      0.03442652
      0.89000000      0.03442223
      0.90000000      0.03441801
      0.91000000      0.03441389
      0.92000000      0.03440984
      0.93000000      0.03440588
      0.94000000      0.03440201
      0.95000000      0.03439822
      0.96000000      0.03439451
      0.97000000      0.03439089
      0.98000000      0.03438735
      0.99000000      0.03438389
      1.00000000      0.03438143
  
      0.00000000      0.03472590
      0.01000000      0.03471036
      0.02000000      0.03469605
      0.03000000      0.03468380
      0.04000000      0.03467363
      0.05000000      0.03466551
      0.06000000      0.03465942
      0.07000000      0.03465532
      0.08000000      0.03465314
      0.09000000      0.03465277
      0.10000000      0.03465406
      0.11000000      0.03465676
      0.12000000      0.03466055
      0.13000000      0.03466497
      0.14000000      0.03466952
      0.15000000      0.03467370
      0.16000000      0.03467709
      0.17000000      0.03467949
      0.18000000      0.03468085
      0.19000000      0.03468129
      0.20000000      0.03468100
      0.21000000      0.03468017
      0.22000000      0.03467898
      0.23000000      0.03467755
      0.24000000      0.03467597
      0.25000000      0.03467429
      0.26000000      0.03467255
      0.27000000      0.03467076
      0.28000000      0.03466892
      0.29000000      0.03466703
      0.30000000      0.03466508
      0.31000000      0.03466307
      0.32000000      0.03466099
      0.33000000      0.03465882
      0.34000000      0.03465658
      0.35000000      0.03465423
      0.36000000      0.03465180
      0.37000000      0.03464926
      0.38000000      0.03464662
      0.39000000      0.03464388
      0.40000000      0.03464104
      0.41000000      0.03463809
      0.42000000      0.03463503
      0.43000000      0.03463187
      0.44000000      0.03462860
      0.45000000      0.03462524
      0.46000000      0.03462176
      0.47000000      0.03461819
      0.48000000      0.03461452
      0.49000000      0.03461074
      0.50000000      0.03460687
      0.51000000      0.03460290
      0.52000000      0.03459884
      0.53000000      0.03459469
      0.54000000      0.03459045
      0.55000000      0.03458613
      0.56000000      0.03458173
      0.57000000      0.03457725
      0.58000000      0.03457269
      0.59000000      0.03456807
      0.60000000      0.03456338
      0.61000000      0.03455863
      0.62000000      0.03455382
      0.63000000      0.03454896
      0.64000000      0.03454405
      0.65000000      0.03453910
      0.66000000      0.03453412
      0.67000000      0.03452910
      0.68000000      0.03452405
      0.69000000      0.03451899
      0.70000000      0.03451391
      0.71000000      0.03450885
      0.72000000      0.03450375
      0.73000000      0.03449866
      0.74000000      0.04880210
      0.75000000      0.04889279
      0.76000000      0.04898270
      0.77000000      0.04907181
      0.78000000      0.04916014
      0.79000000      0.04924768
      0.80000000      0.04933445
      0.81000000      0.04942045
      0.82000000      0.04950570
      0.83000000      0.04959019
      0.84000000      0.04967394
      0.85000000      0.04975696
      0.86000000      0.04983927
      0.87000000      0.04992086
      0.88000000      0.05000175
      0.89000000      0.05008194
      0.90000000      0.05016145
      0.91000000      0.05024028
      0.92000000      0.05031843
      0.93000000      0.05039590
      0.94000000      0.05047270
      0.95000000      0.05054883
      0.96000000      0.05062429
      0.97000000      0.05069909
      0.98000000      0.05077324
      0.99000000      0.05084674
      1.00000000      0.05091929
  
      0.00000000      0.03472676
      0.01000000      0.03474429
      0.02000000      0.03476456
      0.03000000      0.03478670
      0.04000000      0.03481065
      0.05000000      0.03483640
      0.06000000      0.03486404
      0.07000000      0.03489383
      0.08000000      0.03492636
      0.09000000      0.03496266
      0.10000000      0.03500451
      0.11000000      0.03505477
      0.12000000      0.03511796
      0.13000000      0.03520109
      0.14000000      0.03531483
      0.15000000      0.03547508
      0.16000000      0.03570384
      0.17000000      0.03602630
      0.18000000      0.03645878
      0.19000000      0.03699151
      0.20000000      0.03758750
      0.21000000      0.03820305
      0.22000000      0.03880570
      0.23000000      0.03937748
      0.24000000      0.03991088
      0.25000000      0.04040441
      0.26000000      0.04085966
      0.27000000      0.04127664
      0.28000000      0.04166738
      0.29000000      0.04202649
      0.30000000      0.04235996
      0.31000000      0.04267058
      0.32000000      0.04296079
      0.33000000      0.04323278
      0.34000000      0.04348844
      0.35000000      0.04372942
      0.36000000      0.04395720
      0.37000000      0.04417304
      0.38000000      0.04437808
      0.39000000      0.04457333
      0.40000000      0.04475969
      0.41000000      0.04493796
      0.42000000      0.04510884
      0.43000000      0.04527299
      0.44000000      0.04543099
      0.45000000      0.04558336
      0.46000000      0.04573057
      0.47000000      0.04587305
      0.48000000      0.04601119
      0.49000000      0.04614535
      0.50000000      0.04627584
      0.51000000      0.04640295
      0.52000000      0.04652695
      0.53000000      0.04664808
      0.54000000      0.04676656
      0.55000000      0.04688260
      0.56000000      0.04699638
      0.57000000      0.04710807
      0.58000000      0.04721784
      0.59000000      0.04732582
      0.60000000      0.04743216
      0.61000000      0.04753697
      0.62000000      0.04764036
      0.63000000      0.04774244
      0.64000000      0.04784330
      0.65000000      0.04794301
      0.66000000      0.04804166
      0.67000000      0.04813929
      0.68000000      0.04823596
      0.69000000      0.04833171
      0.70000000      0.04842657
      0.71000000      0.04852515
      0.72000000      0.04861828
      0.73000000      0.04871059
      0.74000000      0.05266100
      0.75000000      0.05259751
      0.76000000      0.05253385
      0.77000000      0.05247000
      0.78000000      0.05240595
      0.79000000      0.05234168
      0.80000000      0.05227720
      0.81000000      0.05221248
      0.82000000      0.05214752
      0.83000000      0.05208231
      0.84000000      0.05201684
      0.85000000      0.05195110
      0.86000000      0.05188508
      0.87000000      0.05181876
      0.88000000      0.05175214
      0.89000000      0.05168518
      0.90000000      0.05161788
      0.91000000      0.05155020
      0.92000000      0.05148212
      0.93000000      0.05141361
      0.94000000      0.05134465
      0.95000000      0.05127520
      0.96000000      0.05120523
      0.97000000      0.05113473
      0.98000000      0.05106367
      0.99000000      0.05099202
      1.00000000      0.05092008
  
      0.00000000      0.07153777
      0.01000000      0.07105756
      0.02000000      0.07063011
      0.03000000      0.07026132
      0.04000000      0.06994039
      0.05000000      0.06965467
      0.06000000      0.06938944
      0.07000000      0.06912779
      0.08000000      0.06885077
      0.09000000      0.06853782
      0.10000000      0.06816783
      0.11000000      0.06772091
      0.12000000      0.06718116
      0.13000000      0.06654014
      0.14000000      0.06580033
      0.15000000      0.06497717
      0.16000000      0.06409809
      0.17000000      0.06319781
      0.18000000      0.06231150
      0.19000000      0.06146839
      0.20000000      0.06068824
      0.21000000      0.05998113
      0.22000000      0.05934929
      0.23000000      0.05878976
      0.24000000      0.05829670
      0.25000000      0.05786305
      0.26000000      0.05748158
      0.27000000      0.05714586
      0.28000000      0.05684854
      0.29000000      0.05658536
      0.30000000      0.05635119
      0.31000000      0.05614195
      0.32000000      0.05595415
      0.33000000      0.05578479
      0.34000000      0.05563128
      0.35000000      0.05549141
      0.36000000      0.05536327
      0.37000000      0.05524523
      0.38000000      0.05513586
      0.39000000      0.05503394
      0.40000000      0.05493840
      0.41000000      0.05484831
      0.42000000      0.05476288
      0.43000000      0.05468141
      0.44000000      0.05460329
      0.45000000      0.05452800
      0.46000000      0.05445507
      0.47000000      0.05438412
      0.48000000      0.05431480
      0.49000000      0.05424681
      0.50000000      0.05417992
      0.51000000      0.05411390
      0.52000000      0.05404859
      0.53000000      0.05398383
      0.54000000      0.05391951
      0.55000000      0.05385553
      0.56000000      0.05379182
      0.57000000      0.05372831
      0.58000000      0.05366496
      0.59000000      0.05360174
      0.60000000      0.05353863
      0.61000000      0.05347559
      0.62000000      0.05341262
      0.63000000      0.05334970
      0.64000000      0.05328682
      0.65000000      0.05322398
      0.66000000      0.05316114
      0.67000000      0.05309831
      0.68000000      0.05303547
      0.69000000      0.05297259
      0.70000000      0.05290967
      0.71000000      0.05285064
      0.72000000      0.05278755
      0.73000000      0.05272434
      0.74000000      0.14464357
      0.75000000      0.14480860
      0.76000000      0.14496843
      0.77000000      0.14512380
      0.78000000      0.14527542
      0.79000000      0.14542399
      0.80000000      0.14557014
      0.81000000      0.14571452
      0.82000000      0.14585771
      0.83000000      0.14600028
      0.84000000      0.14614276
      0.85000000      0.14628568
      0.86000000      0.14642950
      0.87000000      0.14657471
      0.88000000      0.14672172
      0.89000000      0.14687096
      0.90000000      0.14702282
      0.91000000      0.14717769
      0.92000000      0.14733592
      0.93000000      0.14749788
      0.94000000      0.14766390
      0.95000000      0.14783432
      0.96000000      0.14800946
      0.97000000      0.14818963
      0.98000000      0.14837514
      0.99000000      0.14856630
      1.00000000      0.14876200
  
      0.00000000      0.07155702
      0.01000000      0.07211169
      0.02000000      0.07276360
      0.03000000      0.07350344
      0.04000000      0.07433620
      0.05000000      0.07526640
      0.06000000      0.07629843
      0.07000000      0.07743680
      0.08000000      0.07868651
      0.09000000      0.08005302
      0.10000000      0.08154193
      0.11000000      0.08315797
      0.12000000      0.08490314
      0.13000000      0.08677453
      0.14000000      0.08876196
      0.15000000      0.09084670
      0.16000000      0.09300193
      0.17000000      0.09519535
      0.18000000      0.09739321
      0.19000000      0.09956464
      0.20000000      0.10168468
      0.21000000      0.10373563
      0.22000000      0.10570675
      0.23000000      0.10759306
      0.24000000      0.10939377
      0.25000000      0.11111090
      0.26000000      0.11274813
      0.27000000      0.11430103
      0.28000000      0.11580114
      0.29000000      0.11722639
      0.30000000      0.11859016
      0.31000000      0.11989648
      0.32000000      0.12114901
      0.33000000      0.12235097
      0.34000000      0.12350518
      0.35000000      0.12461413
      0.36000000      0.12567994
      0.37000000      0.12670449
      0.38000000      0.12768940
      0.39000000      0.12863608
      0.40000000      0.12954578
      0.41000000      0.13041960
      0.42000000      0.13125854
      0.43000000      0.13206352
      0.44000000      0.13283537
      0.45000000      0.13357489
      0.46000000      0.13428284
      0.47000000      0.13495997
      0.48000000      0.13560702
      0.49000000      0.13622473
      0.50000000      0.13681385
      0.51000000      0.13737514
      0.52000000      0.13790939
      0.53000000      0.13841740
      0.54000000      0.13890000
      0.55000000      0.13935804
      0.56000000      0.13979241
      0.57000000      0.14020401
      0.58000000      0.14059375
      0.59000000      0.14096260
      0.60000000      0.14131149
      0.61000000      0.14164142
      0.62000000      0.14195336
      0.63000000      0.14224830
      0.64000000      0.14252722
      0.65000000      0.14279112
      0.66000000      0.14304097
      0.67000000      0.14327776
      0.68000000      0.14350242
      0.69000000      0.14371592
      0.70000000      0.14391916
      0.71000000      0.14410940
      0.72000000      0.14429478
      0.73000000      0.14447256
      0.74000000      0.15655857
      0.75000000      0.15616237
      0.76000000      0.15577223
      0.77000000      0.15538864
      0.78000000      0.15501201
      0.79000000      0.15464271
      0.80000000      0.15428103
      0.81000000      0.15392723
      0.82000000      0.15358151
      0.83000000      0.15324402
      0.84000000      0.15291491
      0.85000000      0.15259424
      0.86000000      0.15228207
      0.87000000      0.15197841
      0.88000000      0.15168325
      0.89000000      0.15139655
      0.90000000      0.15111824
      0.91000000      0.15084821
      0.92000000      0.15058636
      0.93000000      0.15033253
      0.94000000      0.15008656
      0.95000000      0.14984827
      0.96000000      0.14961744
      0.97000000      0.14939386
      0.98000000      0.14917729
      0.99000000      0.14896748
      1.00000000      0.14876555
  
      0.00000000      0.20545166
      0.01000000      0.20304904
      0.02000000      0.20062329
      0.03000000      0.19819177
      0.04000000      0.19575214
      0.05000000      0.19330222
      0.06000000      0.19084074
      0.07000000      0.18836786
      0.08000000      0.18588571
      0.09000000      0.18339891
      0.10000000      0.18091533
      0.11000000      0.17844746
      0.12000000      0.17601417
      0.13000000      0.17364268
      0.14000000      0.17136939
      0.15000000      0.16923816
      0.16000000      0.16729482
      0.17000000      0.16557903
      0.18000000      0.16411652
      0.19000000      0.16291519
      0.20000000      0.16196621
      0.21000000      0.16124868
      0.22000000      0.16073528
      0.23000000      0.16039687
      0.24000000      0.16020556
      0.25000000      0.16013617
      0.26000000      0.16016673
      0.27000000      0.16027413
      0.28000000      0.16045535
      0.29000000      0.16068376
      0.30000000      0.16095200
      0.31000000      0.16124996
      0.32000000      0.16156880
      0.33000000      0.16190070
      0.34000000      0.16223869
      0.35000000      0.16257649
      0.36000000      0.16290840
      0.37000000      0.16322925
      0.38000000      0.16353432
      0.39000000      0.16381933
      0.40000000      0.16408043
      0.41000000      0.16431418
      0.42000000      0.16451757
      0.43000000      0.16468805
      0.44000000      0.16482351
      0.45000000      0.16492233
      0.46000000      0.16498337
      0.47000000      0.16500598
      0.48000000      0.16499001
      0.49000000      0.16493577
      0.50000000      0.16484402
      0.51000000      0.16471593
      0.52000000      0.16455302
      0.53000000      0.16435714
      0.54000000      0.16413036
      0.55000000      0.16387497
      0.56000000      0.16359335
      0.57000000      0.16328801
      0.58000000      0.16296143
      0.59000000      0.16261611
      0.60000000      0.16225449
      0.61000000      0.16187890
      0.62000000      0.16149160
      0.63000000      0.16109470
      0.64000000      0.16069018
      0.65000000      0.16027989
      0.66000000      0.15986553
      0.67000000      0.15944864
      0.68000000      0.15903066
      0.69000000      0.15861287
      0.70000000      0.15819641
      0.71000000      0.15777751
      0.72000000      0.15736682
      0.73000000      0.15696026
      0.74000000      0.21637086
      0.75000000      0.21675812
      0.76000000      0.21714131
      0.77000000      0.21751949
      0.78000000      0.21789184
      0.79000000      0.21825757
      0.80000000      0.21861601
      0.81000000      0.21896651
      0.82000000      0.21930853
      0.83000000      0.21964155
      0.84000000      0.21996513
      0.85000000      0.22027888
      0.86000000      0.22058244
      0.87000000      0.22087552
      0.88000000      0.22115788
      0.89000000      0.22142929
      0.90000000      0.22168959
      0.91000000      0.22193865
      0.92000000      0.22217639
      0.93000000      0.22240274
      0.94000000      0.22261769
      0.95000000      0.22282127
      0.96000000      0.22301351
      0.97000000      0.22319451
      0.98000000      0.22336439
      0.99000000      0.22352328
      1.00000000      0.22366965
  
      0.00000000      0.20549766
      0.01000000      0.20789350
      0.02000000      0.21030178
      0.03000000      0.21269689
      0.04000000      0.21506759
      0.05000000      0.21739740
      0.06000000      0.21966471
      0.07000000      0.22184362
      0.08000000      0.22390560
      0.09000000      0.22582176
      0.10000000      0.22756548
      0.11000000      0.22911486
      0.12000000      0.23045440
      0.13000000      0.23157581
      0.14000000      0.23247768
      0.15000000      0.23316413
      0.16000000      0.23364274
      0.17000000      0.23392204
      0.18000000      0.23400884
      0.19000000      0.23390608
      0.20000000      0.23361257
      0.21000000      0.23312686
      0.22000000      0.23245603
      0.23000000      0.23162338
      0.24000000      0.23066593
      0.25000000      0.22962344
      0.26000000      0.22852950
      0.27000000      0.22742157
      0.28000000      0.22627945
      0.29000000      0.22515318
      0.30000000      0.22403918
      0.31000000      0.22294425
      0.32000000      0.22187387
      0.33000000      0.22083263
      0.34000000      0.21982454
      0.35000000      0.21885323
      0.36000000      0.21792204
      0.37000000      0.21703407
      0.38000000      0.21619222
      0.39000000      0.21539921
      0.40000000      0.21465751
      0.41000000      0.21396938
      0.42000000      0.21333677
      0.43000000      0.21276132
      0.44000000      0.21224430
      0.45000000      0.21178657
      0.46000000      0.21138856
      0.47000000      0.21105021
      0.48000000      0.21077101
      0.49000000      0.21054997
      0.50000000      0.21038564
      0.51000000      0.21027617
      0.52000000      0.21021932
      0.53000000      0.21021251
      0.54000000      0.21025292
      0.55000000      0.21033751
      0.56000000      0.21046310
      0.57000000      0.21062645
      0.58000000      0.21082425
      0.59000000      0.21105326
      0.60000000      0.21131026
      0.61000000      0.21159216
      0.62000000      0.21189595
      0.63000000      0.21221881
      0.64000000      0.21255804
      0.65000000      0.21291112
      0.66000000      0.21327569
      0.67000000      0.21364954
      0.68000000      0.21403066
      0.69000000      0.21441717
      0.70000000      0.21480733
      0.71000000      0.21519527
      0.72000000      0.21558827
      0.73000000      0.21598054
      0.74000000      0.22468387
      0.75000000      0.22470459
      0.76000000      0.22472472
      0.77000000      0.22474355
      0.78000000      0.22476039
      0.79000000      0.22477462
      0.80000000      0.22478564
      0.81000000      0.22479288
      0.82000000      0.22479583
      0.83000000      0.22479401
      0.84000000      0.22478697
      0.85000000      0.22477429
      0.86000000      0.22475558
      0.87000000      0.22473047
      0.88000000      0.22469860
      0.89000000      0.22465964
      0.90000000      0.22461325
      0.91000000      0.22455911
      0.92000000      0.22449691
      0.93000000      0.22442633
      0.94000000      0.22434706
      0.95000000      0.22425879
      0.96000000      0.22416123
      0.97000000      0.22405410
      0.98000000      0.22393710
      0.99000000      0.22380998
      1.00000000      0.22367422
  
      0.00000000      0.27601846
      0.01000000      0.27401396
      0.02000000      0.27203681
      0.03000000      0.27010440
      0.04000000      0.26820586
      0.05000000      0.26633093
      0.06000000      0.26447024
      0.07000000      0.26261558
      0.08000000      0.26076025
      0.09000000      0.25889948
      0.10000000      0.25703109
      0.11000000      0.25515624
      0.12000000      0.25328029
      0.13000000      0.25141343
      0.14000000      0.24957089
      0.15000000      0.24777212
      0.16000000      0.24603900
      0.17000000      0.24439359
      0.18000000      0.24285657
      0.19000000      0.24144695
      0.20000000      0.24018220
      0.21000000      0.23907544
      0.22000000      0.23812831
      0.23000000      0.23732462
      0.24000000      0.23663367
      0.25000000      0.23602170
      0.26000000      0.23546098
      0.27000000      0.23493438
      0.28000000      0.23442400
      0.29000000      0.23392899
      0.30000000      0.23344373
      0.31000000      0.23296655
      0.32000000      0.23249697
      0.33000000      0.23203521
      0.34000000      0.23158189
      0.35000000      0.23113786
      0.36000000      0.23070406
      0.37000000      0.23028144
      0.38000000      0.22987097
      0.39000000      0.22947352
      0.40000000      0.22908994
      0.41000000      0.22872094
      0.42000000      0.22836719
      0.43000000      0.22802921
      0.44000000      0.22770747
      0.45000000      0.22740231
      0.46000000      0.22711397
      0.47000000      0.22684263
      0.48000000      0.22658834
      0.49000000      0.22635110
      0.50000000      0.22613080
      0.51000000      0.22592728
      0.52000000      0.22574031
      0.53000000      0.22556957
      0.54000000      0.22541471
      0.55000000      0.22527531
      0.56000000      0.22515088
      0.57000000      0.22504090
      0.58000000      0.22494479
      0.59000000      0.22486193
      0.60000000      0.22479165
      0.61000000      0.22473324
      0.62000000      0.22468596
      0.63000000      0.22464903
      0.64000000      0.22462163
      0.65000000      0.22460295
      0.66000000      0.22459212
      0.67000000      0.22458827
      0.68000000      0.22459053
      0.69000000      0.22459802
      0.70000000      0.22460985
      0.71000000      0.22462590
      0.72000000      0.22464373
      0.73000000      0.22466332
      0.74000000      0.33477141
      0.75000000      0.33486307
      0.76000000      0.33495657
      0.77000000      0.33505218
      0.78000000      0.33515016
      0.79000000      0.33525078
      0.80000000      0.33535429
      0.81000000      0.33546097
      0.82000000      0.33557106
      0.83000000      0.33568484
      0.84000000      0.33580255
      0.85000000      0.33592444
      0.86000000      0.33605074
      0.87000000      0.33618168
      0.88000000      0.33631746
      0.89000000      0.33645827
      0.90000000      0.33660430
      0.91000000      0.33675569
      0.92000000      0.33691259
      0.93000000      0.33707511
      0.94000000      0.33724335
      0.95000000      0.33741741
      0.96000000      0.33759734
      0.97000000      0.33778323
      0.98000000      0.33797511
      0.99000000      0.33817303
      1.00000000      0.33837655
  
      0.00000000      0.27606502
      0.01000000      0.27813603
      0.02000000      0.28031239
      0.03000000      0.28257353
      0.04000000      0.28492427
      0.05000000      0.28736494
      0.06000000      0.28988994
      0.07000000      0.29248656
      0.08000000      0.29513424
      0.09000000      0.29780470
      0.10000000      0.30046306
      0.11000000      0.30307025
      0.12000000      0.30558629
      0.13000000      0.30797416
      0.14000000      0.31020364
      0.15000000      0.31225410
      0.16000000      0.31411592
      0.17000000      0.31578999
      0.18000000      0.31728569
      0.19000000      0.31861809
      0.20000000      0.31980504
      0.21000000      0.32086490
      0.22000000      0.32181504
      0.23000000      0.32267101
      0.24000000      0.32344629
      0.25000000      0.32415232
      0.26000000      0.32479865
      0.27000000      0.32539164
      0.28000000      0.32594254
      0.29000000      0.32645210
      0.30000000      0.32692636
      0.31000000      0.32736910
      0.32000000      0.32778347
      0.33000000      0.32817214
      0.34000000      0.32853741
      0.35000000      0.32888126
      0.36000000      0.32920541
      0.37000000      0.32951139
      0.38000000      0.32980055
      0.39000000      0.33007407
      0.40000000      0.33033304
      0.41000000      0.33057843
      0.42000000      0.33081110
      0.43000000      0.33103185
      0.44000000      0.33124141
      0.45000000      0.33144044
      0.46000000      0.33162955
      0.47000000      0.33180933
      0.48000000      0.33198030
      0.49000000      0.33214299
      0.50000000      0.33229787
      0.51000000      0.33244543
      0.52000000      0.33258611
      0.53000000      0.33272035
      0.54000000      0.33284860
      0.55000000      0.33297128
      0.56000000      0.33308880
      0.57000000      0.33320160
      0.58000000      0.33331006
      0.59000000      0.33341461
      0.60000000      0.33351565
      0.61000000      0.33361357
      0.62000000      0.33370878
      0.63000000      0.33380165
      0.64000000      0.33389256
      0.65000000      0.33398189
      0.66000000      0.33406999
      0.67000000      0.33415722
      0.68000000      0.33424392
      0.69000000      0.33433042
      0.70000000      0.33441704
      0.71000000      0.33450474
      0.72000000      0.33459252
      0.73000000      0.33468131
      0.74000000      0.34591694
      0.75000000      0.34554694
      0.76000000      0.34518316
      0.77000000      0.34482565
      0.78000000      0.34447441
      0.79000000      0.34412950
      0.80000000      0.34379095
      0.81000000      0.34345879
      0.82000000      0.34313305
      0.83000000      0.34281378
      0.84000000      0.34250100
      0.85000000      0.34219474
      0.86000000      0.34189501
      0.87000000      0.34160182
      0.88000000      0.34131519
      0.89000000      0.34103509
      0.90000000      0.34076153
      0.91000000      0.34049447
      0.92000000      0.34023389
      0.93000000      0.33997976
      0.94000000      0.33973204
      0.95000000      0.33949068
      0.96000000      0.33925565
      0.97000000      0.33902690
      0.98000000      0.33880439
      0.99000000      0.33858808
      1.00000000      0.33837842
  
      0.00000000      0.45789310
      0.01000000      0.45372209
      0.02000000      0.44970038
      0.03000000      0.44584791
      0.04000000      0.44212253
      0.05000000      0.43848629
      0.06000000      0.43490625
      0.07000000      0.43135493
      0.08000000      0.42781066
      0.09000000      0.42425791
      0.10000000      0.42068769
      0.11000000      0.41709830
      0.12000000      0.41349646
      0.13000000      0.40989879
      0.14000000      0.40633299
      0.15000000      0.40283726
      0.16000000      0.39945686
      0.17000000      0.39623722
      0.18000000      0.39321595
      0.19000000      0.39041679
      0.20000000      0.38784773
      0.21000000      0.38550326
      0.22000000      0.38336857
      0.23000000      0.38142396
      0.24000000      0.37964821
      0.25000000      0.37802068
      0.26000000      0.37652250
      0.27000000      0.37514668
      0.28000000      0.37384941
      0.29000000      0.37264750
      0.30000000      0.37152053
      0.31000000      0.37045940
      0.32000000      0.36945635
      0.33000000      0.36850475
      0.34000000      0.36759890
      0.35000000      0.36673393
      0.36000000      0.36590563
      0.37000000      0.36511035
      0.38000000      0.36434494
      0.39000000      0.36360666
      0.40000000      0.36289311
      0.41000000      0.36220217
      0.42000000      0.36153200
      0.43000000      0.36088094
      0.44000000      0.36024753
      0.45000000      0.35963046
      0.46000000      0.35902855
      0.47000000      0.35844075
      0.48000000      0.35786609
      0.49000000      0.35730371
      0.50000000      0.35675283
      0.51000000      0.35621274
      0.52000000      0.35568279
      0.53000000      0.35516242
      0.54000000      0.35465111
      0.55000000      0.35414839
      0.56000000      0.35365388
      0.57000000      0.35316720
      0.58000000      0.35268805
      0.59000000      0.35221616
      0.60000000      0.35175131
      0.61000000      0.35129330
      0.62000000      0.35084195
      0.63000000      0.35039716
      0.64000000      0.34995879
      0.65000000      0.34952677
      0.66000000      0.34910102
      0.67000000      0.34868151
      0.68000000      0.34826819
      0.69000000      0.34786105
      0.70000000      0.34746007
      0.71000000      0.34706411
      0.72000000      0.34667555
      0.73000000      0.34629315
      0.74000000      0.63187641
      0.75000000      0.63250414
      0.76000000      0.63312416
      0.77000000      0.63373643
      0.78000000      0.63434093
      0.79000000      0.63493767
      0.80000000      0.63552671
      0.81000000      0.63610811
      0.82000000      0.63668198
      0.83000000      0.63724848
      0.84000000      0.63780776
      0.85000000      0.63836001
      0.86000000      0.63890544
      0.87000000      0.63944428
      0.88000000      0.63997677
      0.89000000      0.64050315
      0.90000000      0.64102367
      0.91000000      0.64153859
      0.92000000      0.64204815
      0.93000000      0.64255260
      0.94000000      0.64305219
      0.95000000      0.64354715
      0.96000000      0.64403771
      0.97000000      0.64452410
      0.98000000      0.64500655
      0.99000000      0.64548527
      1.00000000      0.64595943
  
      0.00000000      0.45798523
      0.01000000      0.46241593
      0.02000000      0.46721980
      0.03000000      0.47237297
      0.04000000      0.47790808
      0.05000000      0.48384372
      0.06000000      0.49017878
      0.07000000      0.49688721
      0.08000000      0.50391445
      0.09000000      0.51117662
      0.10000000      0.51856361
      0.11000000      0.52594627
      0.12000000      0.53318729
      0.13000000      0.54015417
      0.14000000      0.54673203
      0.15000000      0.55283407
      0.16000000      0.55840752
      0.17000000      0.56343405
      0.18000000      0.56792528
      0.19000000      0.57191497
      0.20000000      0.57545035
      0.21000000      0.57858436
      0.22000000      0.58137008
      0.23000000      0.58385718
      0.24000000      0.58609017
      0.25000000      0.58810781
      0.26000000      0.58994330
      0.27000000      0.59163087
      0.28000000      0.59317571
      0.29000000      0.59461607
      0.30000000      0.59596241
      0.31000000      0.59722865
      0.32000000      0.59842650
      0.33000000      0.59956582
      0.34000000      0.60065493
      0.35000000      0.60170088
      0.36000000      0.60270968
      0.37000000      0.60368643
      0.38000000      0.60463547
      0.39000000      0.60556052
      0.40000000      0.60646474
      0.41000000      0.60735083
      0.42000000      0.60822107
      0.43000000      0.60907739
      0.44000000      0.60992142
      0.45000000      0.61075449
      0.46000000      0.61157772
      0.47000000      0.61239202
      0.48000000      0.61319812
      0.49000000      0.61399661
      0.50000000      0.61478793
      0.51000000      0.61557245
      0.52000000      0.61635043
      0.53000000      0.61712207
      0.54000000      0.61788751
      0.55000000      0.61864685
      0.56000000      0.61940015
      0.57000000      0.62014745
      0.58000000      0.62088877
      0.59000000      0.62162408
      0.60000000      0.62235338
      0.61000000      0.62307662
      0.62000000      0.62379375
      0.63000000      0.62450469
      0.64000000      0.62520937
      0.65000000      0.62590768
      0.66000000      0.62659952
      0.67000000      0.62728476
      0.68000000      0.62796327
      0.69000000      0.62863490
      0.70000000      0.62929953
      0.71000000      0.62994781
      0.72000000      0.63059814
      0.73000000      0.63124104
      0.74000000      0.65791020
      0.75000000      0.65743707
      0.76000000      0.65696739
      0.77000000      0.65650077
      0.78000000      0.65603683
      0.79000000      0.65557524
      0.80000000      0.65511568
      0.81000000      0.65465786
      0.82000000      0.65420150
      0.83000000      0.65374637
      0.84000000      0.65329220
      0.85000000      0.65283878
      0.86000000      0.65238586
      0.87000000      0.65193321
      0.88000000      0.65148061
      0.89000000      0.65102780
      0.90000000      0.65057455
      0.91000000      0.65012059
      0.92000000      0.64966566
      0.93000000      0.64920951
      0.94000000      0.64875185
      0.95000000      0.64829244
      0.96000000      0.64783099
      0.97000000      0.64736726
      0.98000000      0.64690099
      0.99000000      0.64643194
      1.00000000      0.64596094
  
      0.00000000      0.86870061
      0.01000000      0.86371400
      0.02000000      0.85888843
      0.03000000      0.85425669
      0.04000000      0.84976887
      0.05000000      0.84536181
      0.06000000      0.84095892
      0.07000000      0.83647016
      0.08000000      0.83179286
      0.09000000      0.82681421
      0.10000000      0.82141676
      0.11000000      0.81548840
      0.12000000      0.80893839
      0.13000000      0.80171940
      0.14000000      0.79385198
      0.15000000      0.78544265
      0.16000000      0.77668357
      0.17000000      0.76782625
      0.18000000      0.75913521
      0.19000000      0.75083984
      0.20000000      0.74310325
      0.21000000      0.73601498
      0.22000000      0.72960169
      0.23000000      0.72384549
      0.24000000      0.71870199
      0.25000000      0.71411406
      0.26000000      0.71002105
      0.27000000      0.70638685
      0.28000000      0.70308879
      0.29000000      0.70014644
      0.30000000      0.69749404
      0.31000000      0.69509409
      0.32000000      0.69291405
      0.33000000      0.69092575
      0.34000000      0.68910485
      0.35000000      0.68743031
      0.36000000      0.68588390
      0.37000000      0.68444987
      0.38000000      0.68311451
      0.39000000      0.68186596
      0.40000000      0.68069390
      0.41000000      0.67958935
      0.42000000      0.67854449
      0.43000000      0.67755253
      0.44000000      0.67660755
      0.45000000      0.67570442
      0.46000000      0.67483867
      0.47000000      0.67400642
      0.48000000      0.67320433
      0.49000000      0.67242948
      0.50000000      0.67167938
      0.51000000      0.67095186
      0.52000000      0.67024505
      0.53000000      0.66955734
      0.54000000      0.66888733
      0.55000000      0.66823379
      0.56000000      0.66759566
      0.57000000      0.66697197
      0.58000000      0.66636187
      0.59000000      0.66576458
      0.60000000      0.66517938
      0.61000000      0.66460561
      0.62000000      0.66404261
      0.63000000      0.66348979
      0.64000000      0.66294655
      0.65000000      0.66241232
      0.66000000      0.66188653
      0.67000000      0.66136864
      0.68000000      0.66085810
      0.69000000      0.66035438
      0.70000000      0.65985695
      0.71000000      0.65935457
      0.72000000      0.65886849
      0.73000000      0.65838719
      0.74000000      0.93390763
      0.75000000      0.93390977
      0.76000000      0.93391187
      0.77000000      0.93391392
      0.78000000      0.93391593
      0.79000000      0.93391791
      0.80000000      0.93391984
      0.81000000      0.93392173
      0.82000000      0.93392358
      0.83000000      0.93392540
      0.84000000      0.93392718
      0.85000000      0.93392893
      0.86000000      0.93393064
      0.87000000      0.93393232
      0.88000000      0.93393397
      0.89000000      0.93393559
      0.90000000      0.93393719
      0.91000000      0.93393876
      0.92000000      0.93394032
      0.93000000      0.93394185
      0.94000000      0.93394337
      0.95000000      0.93394488
      0.96000000      0.93394637
      0.97000000      0.93394786
      0.98000000      0.93394933
      0.99000000      0.93395080
      1.00000000      0.93395222
  
      0.00000000      0.86886251
      0.01000000      0.87409826
      0.02000000      0.87966891
      0.03000000      0.88549810
      0.04000000      0.89155968
      0.05000000      0.89780295
      0.06000000      0.90414456
      0.07000000      0.91045471
      0.08000000      0.91652999
      0.09000000      0.92204003
      0.10000000      0.92648228
      0.11000000      0.92943000
      0.12000000      0.93107510
      0.13000000      0.93196785
      0.14000000      0.93248575
      0.15000000      0.93281084
      0.16000000      0.93302856
      0.17000000      0.93318181
      0.18000000      0.93329394
      0.19000000      0.93337857
      0.20000000      0.93344412
      0.21000000      0.93349603
      0.22000000      0.93353795
      0.23000000      0.93357241
      0.24000000      0.93360118
      0.25000000      0.93362557
      0.26000000      0.93364651
      0.27000000      0.93366464
      0.28000000      0.93368072
      0.29000000      0.93369493
      0.30000000      0.93370766
      0.31000000      0.93371917
      0.32000000      0.93372964
      0.33000000      0.93373925
      0.34000000      0.93374812
      0.35000000      0.93375634
      0.36000000      0.93376401
      0.37000000      0.93377120
      0.38000000      0.93377796
      0.39000000      0.93378435
      0.40000000      0.93379040
      0.41000000      0.93379615
      0.42000000      0.93380163
      0.43000000      0.93380687
      0.44000000      0.93381188
      0.45000000      0.93381670
      0.46000000      0.93382133
      0.47000000      0.93382578
      0.48000000      0.93383008
      0.49000000      0.93383424
      0.50000000      0.93383825
      0.51000000      0.93384214
      0.52000000      0.93384590
      0.53000000      0.93384955
      0.54000000      0.93385309
      0.55000000      0.93385652
      0.56000000      0.93385986
      0.57000000      0.93386311
      0.58000000      0.93386626
      0.59000000      0.93386933
      0.60000000      0.93387232
      0.61000000      0.93387523
      0.62000000      0.93387807
      0.63000000      0.93388085
      0.64000000      0.93388355
      0.65000000      0.93388619
      0.66000000      0.93388877
      0.67000000      0.93389130
      0.68000000      0.93389377
      0.69000000      0.93389619
      0.70000000      0.93389855
      0.71000000      0.93390095
      0.72000000      0.93390322
      0.73000000      0.93390545
      0.74000000      0.93399493
      0.75000000      0.93399312
      0.76000000      0.93399134
      0.77000000      0.93398958
      0.78000000      0.93398785
      0.79000000      0.93398614
      0.80000000      0.93398445
      0.81000000      0.93398278
      0.82000000      0.93398113
      0.83000000      0.93397949
      0.84000000      0.93397787
      0.85000000      0.93397626
      0.86000000      0.93397466
      0.87000000      0.93397307
      0.88000000      0.93397150
      0.89000000      0.93396994
      0.90000000      0.93396838
      0.91000000      0.93396684
      0.92000000      0.93396531
      0.93000000      0.93396379
      0.94000000      0.93396227
      0.95000000      0.93396077
      0.96000000      0.93395927
      0.97000000      0.93395778
      0.98000000      0.93395630
      0.99000000      0.93395483
      1.00000000      0.93395342
  
      0.00000000      0.93498045
      0.01000000      0.93492597
      0.02000000      0.93487851
      0.03000000      0.93483709
      0.04000000      0.93480018
      0.05000000      0.93476657
      0.06000000      0.93473524
      0.07000000      0.93470531
      0.08000000      0.93467602
      0.09000000      0.93464669
      0.10000000      0.93461679
      0.11000000      0.93458593
      0.12000000      0.93455392
      0.13000000      0.93452082
      0.14000000      0.93448696
      0.15000000      0.93445290
      0.16000000      0.93441938
      0.17000000      0.93438715
      0.18000000      0.93435684
      0.19000000      0.93432887
      0.20000000      0.93430341
      0.21000000      0.93428047
      0.22000000      0.93425990
      0.23000000      0.93424148
      0.24000000      0.93422498
      0.25000000      0.93421016
      0.26000000      0.93419679
      0.27000000      0.93418470
      0.28000000      0.93417369
      0.29000000      0.93416364
      0.30000000      0.93415441
      0.31000000      0.93414592
      0.32000000      0.93413805
      0.33000000      0.93413075
      0.34000000      0.93412394
      0.35000000      0.93411757
      0.36000000      0.93411159
      0.37000000      0.93410596
      0.38000000      0.93410064
      0.39000000      0.93409561
      0.40000000      0.93409082
      0.41000000      0.93408626
      0.42000000      0.93408190
      0.43000000      0.93407773
      0.44000000      0.93407372
      0.45000000      0.93406987
      0.46000000      0.93406616
      0.47000000      0.93406258
      0.48000000      0.93405911
      0.49000000      0.93405576
      0.50000000      0.93405250
      0.51000000      0.93404934
      0.52000000      0.93404627
      0.53000000      0.93404329
      0.54000000      0.93404038
      0.55000000      0.93403755
      0.56000000      0.93403479
      0.57000000      0.93403210
      0.58000000      0.93402947
      0.59000000      0.93402692
      0.60000000      0.93402442
      0.61000000      0.93402198
      0.62000000      0.93401960
      0.63000000      0.93401728
      0.64000000      0.93401501
      0.65000000      0.93401279
      0.66000000      0.93401063
      0.67000000      0.93400851
      0.68000000      0.93400644
      0.69000000      0.93400441
      0.70000000      0.93400242
      0.71000000      0.93400055
      0.72000000      0.93399864
      0.73000000      0.93399677
      0.74000000      0.95767426
      0.75000000      0.95767970
      0.76000000      0.95768498
      0.77000000      0.95769011
      0.78000000      0.95769510
      0.79000000      0.95769994
      0.80000000      0.95770465
      0.81000000      0.95770922
      0.82000000      0.95771366
      0.83000000      0.95771797
      0.84000000      0.95772216
      0.85000000      0.95772623
      0.86000000      0.95773018
      0.87000000      0.95773401
      0.88000000      0.95773773
      0.89000000      0.95774133
      0.90000000      0.95774483
      0.91000000      0.95774821
      0.92000000      0.95775148
      0.93000000      0.95775464
      0.94000000      0.95775769
      0.95000000      0.95776063
      0.96000000      0.95776346
      0.97000000      0.95776619
      0.98000000      0.95776880
      0.99000000      0.95777130
      1.00000000      0.95777368
  
      0.00000000      0.93498203
      0.01000000      0.93504726
      0.02000000      0.93512820
      0.03000000      0.93522964
      0.04000000      0.93536066
      0.05000000      0.93553618
      0.06000000      0.93578222
      0.07000000      0.93614741
      0.08000000      0.93672891
      0.09000000      0.93772644
      0.10000000      0.93948972
      0.11000000      0.94227285
      0.12000000      0.94569211
      0.13000000      0.94899358
      0.14000000      0.95164041
      0.15000000      0.95346816
      0.16000000      0.95462387
      0.17000000      0.95534625
      0.18000000      0.95581392
      0.19000000      0.95613180
      0.20000000      0.95635825
      0.21000000      0.95652635
      0.22000000      0.95665557
      0.23000000      0.95675790
      0.24000000      0.95684101
      0.25000000      0.95690999
      0.26000000      0.95696833
      0.27000000      0.95701831
      0.28000000      0.95706219
      0.29000000      0.95710078
      0.30000000      0.95713521
      0.31000000      0.95716624
      0.32000000      0.95719443
      0.33000000      0.95722025
      0.34000000      0.95724405
      0.35000000      0.95726613
      0.36000000      0.95728671
      0.37000000      0.95730601
      0.38000000      0.95732417
      0.39000000      0.95734134
      0.40000000      0.95735762
      0.41000000      0.95737311
      0.42000000      0.95738789
      0.43000000      0.95740202
      0.44000000      0.95741558
      0.45000000      0.95742860
      0.46000000      0.95744114
      0.47000000      0.95745322
      0.48000000      0.95746489
      0.49000000      0.95747617
      0.50000000      0.95748709
      0.51000000      0.95749767
      0.52000000      0.95750792
      0.53000000      0.95751788
      0.54000000      0.95752754
      0.55000000      0.95753693
      0.56000000      0.95754606
      0.57000000      0.95755493
      0.58000000      0.95756357
      0.59000000      0.95757197
      0.60000000      0.95758015
      0.61000000      0.95758811
      0.62000000      0.95759586
      0.63000000      0.95760340
      0.64000000      0.95761075
      0.65000000      0.95761790
      0.66000000      0.95762486
      0.67000000      0.95763164
      0.68000000      0.95763824
      0.69000000      0.95764466
      0.70000000      0.95765091
      0.71000000      0.95765702
      0.72000000      0.95766293
      0.73000000      0.95766868
      0.74000000      0.95780503
      0.75000000      0.95780469
      0.76000000      0.95780430
      0.77000000      0.95780385
      0.78000000      0.95780335
      0.79000000      0.95780279
      0.80000000      0.95780217
      0.81000000      0.95780149
      0.82000000      0.95780074
      0.83000000      0.95779994
      0.84000000      0.95779907
      0.85000000      0.95779814
      0.86000000      0.95779713
      0.87000000      0.95779606
      0.88000000      0.95779491
      0.89000000      0.95779368
      0.90000000      0.95779237
      0.91000000      0.95779097
      0.92000000      0.95778949
      0.93000000      0.95778791
      0.94000000      0.95778624
      0.95000000      0.95778448
      0.96000000      0.95778261
      0.97000000      0.95778064
      0.98000000      0.95777857
      0.99000000      0.95777639
      1.00000000      0.95777412
  
      0.00000000      0.95849995
      0.01000000      0.95846458
      0.02000000      0.95843215
      0.03000000      0.95840249
      0.04000000      0.95837488
      0.05000000      0.95834871
      0.06000000      0.95832346
      0.07000000      0.95829864
      0.08000000      0.95827382
      0.09000000      0.95824863
      0.10000000      0.95822275
      0.11000000      0.95819597
      0.12000000      0.95816820
      0.13000000      0.95813950
      0.14000000      0.95811016
      0.15000000      0.95808065
      0.16000000      0.95805159
      0.17000000      0.95802365
      0.18000000      0.95799741
      0.19000000      0.95797329
      0.20000000      0.95795150
      0.21000000      0.95793207
      0.22000000      0.95791489
      0.23000000      0.95789979
      0.24000000      0.95788656
      0.25000000      0.95787498
      0.26000000      0.95786485
      0.27000000      0.95785604
      0.28000000      0.95784822
      0.29000000      0.95784142
      0.30000000      0.95783547
      0.31000000      0.95783027
      0.32000000      0.95782573
      0.33000000      0.95782177
      0.34000000      0.95781833
      0.35000000      0.95781535
      0.36000000      0.95781279
      0.37000000      0.95781058
      0.38000000      0.95780871
      0.39000000      0.95780713
      0.40000000      0.95780581
      0.41000000      0.95780472
      0.42000000      0.95780385
      0.43000000      0.95780315
      0.44000000      0.95780262
      0.45000000      0.95780223
      0.46000000      0.95780197
      0.47000000      0.95780182
      0.48000000      0.95780176
      0.49000000      0.95780179
      0.50000000      0.95780189
      0.51000000      0.95780205
      0.52000000      0.95780226
      0.53000000      0.95780251
      0.54000000      0.95780278
      0.55000000      0.95780308
      0.56000000      0.95780339
      0.57000000      0.95780371
      0.58000000      0.95780403
      0.59000000      0.95780434
      0.60000000      0.95780463
      0.61000000      0.95780491
      0.62000000      0.95780516
      0.63000000      0.95780538
      0.64000000      0.95780557
      0.65000000      0.95780572
      0.66000000      0.95780583
      0.67000000      0.95780590
      0.68000000      0.95780593
      0.69000000      0.95780590
      0.70000000      0.95780583
      0.71000000      0.95780571
      0.72000000      0.95780554
      0.73000000      0.95780531
      0.74000000      0.98537590
      0.75000000      0.98541354
      0.76000000      0.98545008
      0.77000000      0.98548555
      0.78000000      0.98552003
      0.79000000      0.98555355
      0.80000000      0.98558619
      0.81000000      0.98561798
      0.82000000      0.98564897
      0.83000000      0.98567922
      0.84000000      0.98570875
      0.85000000      0.98573762
      0.86000000      0.98576587
      0.87000000      0.98579353
      0.88000000      0.98582064
      0.89000000      0.98584722
      0.90000000      0.98587332
      0.91000000      0.98589897
      0.92000000      0.98592418
      0.93000000      0.98594899
      0.94000000      0.98597341
      0.95000000      0.98599748
      0.96000000      0.98602121
      0.97000000      0.98604462
      0.98000000      0.98606772
      0.99000000      0.98609054
      1.00000000      0.98611239
  
      0.00000000      0.95850086
      0.01000000      0.95854086
      0.02000000      0.95858753
      0.03000000      0.95864195
      0.04000000      0.95870650
      0.05000000      0.95878450
      0.06000000      0.95888070
      0.07000000      0.95900217
      0.08000000      0.95915974
      0.09000000      0.95937067
      0.10000000      0.95966338
      0.11000000      0.96008600
      0.12000000      0.96071881
      0.13000000      0.96168007
      0.14000000      0.96307917
      0.15000000      0.96488727
      0.16000000      0.96689566
      0.17000000      0.96887252
      0.18000000      0.97068065
      0.19000000      0.97227097
      0.20000000      0.97364332
      0.21000000      0.97481873
      0.22000000      0.97582468
      0.23000000      0.97668839
      0.24000000      0.97743412
      0.25000000      0.97808239
      0.26000000      0.97865013
      0.27000000      0.97914957
      0.28000000      0.97959645
      0.29000000      0.97999514
      0.30000000      0.98035444
      0.31000000      0.98068026
      0.32000000      0.98097738
      0.33000000      0.98124975
      0.34000000      0.98150062
      0.35000000      0.98173267
      0.36000000      0.98194815
      0.37000000      0.98214895
      0.38000000      0.98233665
      0.39000000      0.98251262
      0.40000000      0.98267802
      0.41000000      0.98283383
      0.42000000      0.98298093
      0.43000000      0.98312005
      0.44000000      0.98325186
      0.45000000      0.98337692
      0.46000000      0.98349575
      0.47000000      0.98360879
      0.48000000      0.98371644
      0.49000000      0.98381907
      0.50000000      0.98391699
      0.51000000      0.98401051
      0.52000000      0.98409990
      0.53000000      0.98418540
      0.54000000      0.98426724
      0.55000000      0.98434563
      0.56000000      0.98442076
      0.57000000      0.98449282
      0.58000000      0.98456198
      0.59000000      0.98462838
      0.60000000      0.98469219
      0.61000000      0.98475354
      0.62000000      0.98481256
      0.63000000      0.98486936
      0.64000000      0.98492407
      0.65000000      0.98497679
      0.66000000      0.98502763
      0.67000000      0.98507668
      0.68000000      0.98512403
      0.69000000      0.98516977
      0.70000000      0.98521398
      0.71000000      0.98525564
      0.72000000      0.98529701
      0.73000000      0.98533708
      0.74000000      0.98661822
      0.75000000      0.98660230
      0.76000000      0.98658598
      0.77000000      0.98656928
      0.78000000      0.98655222
      0.79000000      0.98653482
      0.80000000      0.98651710
      0.81000000      0.98649908
      0.82000000      0.98648076
      0.83000000      0.98646217
      0.84000000      0.98644332
      0.85000000      0.98642423
      0.86000000      0.98640490
      0.87000000      0.98638535
      0.88000000      0.98636558
      0.89000000      0.98634561
      0.90000000      0.98632543
      0.91000000      0.98630506
      0.92000000      0.98628448
      0.93000000      0.98626372
      0.94000000      0.98624275
      0.95000000      0.98622158
      0.96000000      0.98620020
      0.97000000      0.98617861
      0.98000000      0.98615679
      0.99000000      0.98613474
      1.00000000      0.98611314
  
      0.00000000      0.98929710
      0.01000000      0.98919182
      0.02000000      0.98908815
      0.03000000      0.98898617
      0.04000000      0.98888537
      0.05000000      0.98878532
      0.06000000      0.98868563
      0.07000000      0.98858594
      0.08000000      0.98848590
      0.09000000      0.98838519
      0.10000000      0.98828349
      0.11000000      0.98818057
      0.12000000      0.98807632
      0.13000000      0.98797088
      0.14000000      0.98786479
      0.15000000      0.98775906
      0.16000000      0.98765520
      0.17000000      0.98755504
      0.18000000      0.98746041
      0.19000000      0.98737280
      0.20000000      0.98729323
      0.21000000      0.98722213
      0.22000000      0.98715945
      0.23000000      0.98710482
      0.24000000      0.98705764
      0.25000000      0.98701723
      0.26000000      0.98698290
      0.27000000      0.98695419
      0.28000000      0.98692978
      0.29000000      0.98690976
      0.30000000      0.98689338
      0.31000000      0.98688015
      0.32000000      0.98686963
      0.33000000      0.98686145
      0.34000000      0.98685524
      0.35000000      0.98685068
      0.36000000      0.98684749
      0.37000000      0.98684542
      0.38000000      0.98684422
      0.39000000      0.98684368
      0.40000000      0.98684363
      0.41000000      0.98684389
      0.42000000      0.98684432
      0.43000000      0.98684479
      0.44000000      0.98684517
      0.45000000      0.98684537
      0.46000000      0.98684531
      0.47000000      0.98684491
      0.48000000      0.98684410
      0.49000000      0.98684283
      0.50000000      0.98684105
      0.51000000      0.98683874
      0.52000000      0.98683585
      0.53000000      0.98683238
      0.54000000      0.98682829
      0.55000000      0.98682357
      0.56000000      0.98681823
      0.57000000      0.98681224
      0.58000000      0.98680562
      0.59000000      0.98679836
      0.60000000      0.98679046
      0.61000000      0.98678194
      0.62000000      0.98677279
      0.63000000      0.98676303
      0.64000000      0.98675268
      0.65000000      0.98674173
      0.66000000      0.98673021
      0.67000000      0.98671813
      0.68000000      0.98670551
      0.69000000      0.98669236
      0.70000000      0.98667870
      0.71000000      0.98666342
      0.72000000      0.98664880
      0.73000000      0.98663373
      0.74000000      0.99812198
      0.75000000      0.99817875
      0.76000000      0.99823471
      0.77000000      0.99828984
      0.78000000      0.99834413
      0.79000000      0.99839756
      0.80000000      0.99845013
      0.81000000      0.99850182
      0.82000000      0.99855263
      0.83000000      0.99860255
      0.84000000      0.99865158
      0.85000000      0.99869971
      0.86000000      0.99874695
      0.87000000      0.99879329
      0.88000000      0.99883874
      0.89000000      0.99888329
      0.90000000      0.99892695
      0.91000000      0.99896972
      0.92000000      0.99901160
      0.93000000      0.99905259
      0.94000000      0.99909268
      0.95000000      0.99913190
      0.96000000      0.99917022
      0.97000000      0.99920766
      0.98000000      0.99924423
      0.99000000      0.99927992
      1.00000000      0.99931440
  
      0.00000000      0.98929915
      0.01000000      0.98940726
      0.02000000      0.98951965
      0.03000000      0.98963658
      0.04000000      0.98975907
      0.05000000      0.98988832
      0.06000000      0.99002563
      0.07000000      0.99017248
      0.08000000      0.99033036
      0.09000000      0.99050072
      0.10000000      0.99068477
      0.11000000      0.99088319
      0.12000000      0.99109589
      0.13000000      0.99132176
      0.14000000      0.99155852
      0.15000000      0.99180284
      0.16000000      0.99205073
      0.17000000      0.99229802
      0.18000000      0.99254093
      0.19000000      0.99277643
      0.20000000      0.99300238
      0.21000000      0.99321756
      0.22000000      0.99342142
      0.23000000      0.99361399
      0.24000000      0.99379563
      0.25000000      0.99396693
      0.26000000      0.99412860
      0.27000000      0.99428046
      0.28000000      0.99442606
      0.29000000      0.99456331
      0.30000000      0.99469382
      0.31000000      0.99481821
      0.32000000      0.99493705
      0.33000000      0.99505086
      0.34000000      0.99516011
      0.35000000      0.99526525
      0.36000000      0.99536668
      0.37000000      0.99546474
      0.38000000      0.99555977
      0.39000000      0.99565207
      0.40000000      0.99574191
      0.41000000      0.99582953
      0.42000000      0.99591515
      0.43000000      0.99599897
      0.44000000      0.99608114
      0.45000000      0.99616183
      0.46000000      0.99624116
      0.47000000      0.99631924
      0.48000000      0.99639617
      0.49000000      0.99647204
      0.50000000      0.99654690
      0.51000000      0.99662084
      0.52000000      0.99669389
      0.53000000      0.99676610
      0.54000000      0.99683752
      0.55000000      0.99690818
      0.56000000      0.99697810
      0.57000000      0.99704732
      0.58000000      0.99711585
      0.59000000      0.99718371
      0.60000000      0.99725091
      0.61000000      0.99731746
      0.62000000      0.99738337
      0.63000000      0.99744864
      0.64000000      0.99751327
      0.65000000      0.99757725
      0.66000000      0.99764058
      0.67000000      0.99770325
      0.68000000      0.99776524
      0.69000000      0.99782654
      0.70000000      0.99788713
      0.71000000      0.99794698
      0.72000000      0.99800608
      0.73000000      0.99806442
      0.74000000      0.99998432
      0.75000000      0.99996388
      0.76000000      0.99994328
      0.77000000      0.99992250
      0.78000000      0.99990148
      0.79000000      0.99988020
      0.80000000      0.99985862
      0.81000000      0.99983670
      0.82000000      0.99981441
      0.83000000      0.99979171
      0.84000000      0.99976857
      0.85000000      0.99974496
      0.86000000      0.99972085
      0.87000000      0.99969621
      0.88000000      0.99967101
      0.89000000      0.99964521
      0.90000000      0.99961880
      0.91000000      0.99959174
      0.92000000      0.99956400
      0.93000000      0.99953556
      0.94000000      0.99950640
      0.95000000      0.99947648
      0.96000000      0.99944579
      0.97000000      0.99941430
      0.98000000      0.99938200
      0.99000000      0.99934887
      1.00000000      0.99931525
  
