      0.00000000      0.03765927
      0.01000000      0.03758965
      0.02000000      0.03751986
      0.03000000      0.03745209
      0.04000000      0.03738788
      0.05000000      0.03732811
      0.06000000      0.03727313
      0.07000000      0.03722284
      0.08000000      0.03717693
      0.09000000      0.03713501
      0.10000000      0.03709664
      0.11000000      0.03706149
      0.12000000      0.03702926
      0.13000000      0.03699975
      0.14000000      0.03697281
      0.15000000      0.03694833
      0.16000000      0.03692625
      0.17000000      0.03690653
      0.18000000      0.03688914
      0.19000000      0.03687405
      0.20000000      0.03686122
      0.21000000      0.03685062
      0.22000000      0.03684222
      0.23000000      0.03683594
      0.24000000      0.03683174
      0.25000000      0.03682954
      0.26000000      0.03682925
      0.27000000      0.03683077
      0.28000000      0.03683399
      0.29000000      0.03683878
      0.30000000      0.03684503
      0.31000000      0.03685257
      0.32000000      0.03686127
      0.33000000      0.03687095
      0.34000000      0.03688145
      0.35000000      0.03689261
      0.36000000      0.03690427
      0.37000000      0.03691626
      0.38000000      0.03692845
      0.39000000      0.03694074
      0.40000000      0.03695474
      0.41000000      0.03696700
      0.42000000      0.03697920
      0.43000000      0.03699135
      0.44000000      0.00006726
      0.45000000      0.00014301
      0.46000000      0.00022192
      0.47000000      0.00030377
      0.48000000      0.00038833
      0.49000000      0.00047530
      0.50000000      0.00056440
      0.51000000      0.00065531
      0.52000000      0.00074770
      0.53000000      0.00084123
      0.54000000      0.00093555
      0.55000000      0.00103034
      0.56000000      0.00112524
      0.57000000      0.00121993
      0.58000000      0.00131410
      0.59000000      0.00140745
      0.60000000      0.00149968
      0.61000000      0.00159053
      0.62000000      0.00167977
      0.63000000      0.00176716
      0.64000000      0.00185251
      0.65000000      0.00193562
      0.66000000      0.00201635
      0.67000000      0.00007304
      0.68000000      0.00020001
      0.69000000      0.00032513
      0.70000000      0.00044829
      0.71000000      0.00056940
      0.72000000      0.00068835
      0.73000000      0.00080505
      0.74000000      0.00091939
      0.75000000      0.00103129
      0.76000000      0.00114066
      0.77000000      0.00124741
      0.78000000      0.00135146
      0.79000000      0.00145274
      0.80000000      0.00155117
      0.81000000      0.00164670
      0.82000000      0.00173927
      0.83000000      0.00182882
      0.84000000      0.00191532
      0.85000000      0.00199872
      0.86000000      0.00207900
      0.87000000      0.00215613
      0.88000000      0.00223009
      0.89000000      0.00230086
      0.90000000      0.00236843
      0.91000000      0.00243278
      0.92000000      0.00249391
      0.93000000      0.00255180
      0.94000000      0.00260646
      0.95000000      0.00265785
      0.96000000      0.00270598
      0.97000000      0.00275083
      0.98000000      0.00279239
      0.99000000      0.00283063
      1.00000000      0.00286538
  
      0.00000000      0.03765966
      0.01000000      0.03772678
      0.02000000      0.03778900
      0.03000000      0.03784418
      0.04000000      0.03789080
      0.05000000      0.03792809
      0.06000000      0.03795590
      0.07000000      0.03797458
      0.08000000      0.03798482
      0.09000000      0.03798748
      0.10000000      0.03798349
      0.11000000      0.03797378
      0.12000000      0.03795924
      0.13000000      0.03794069
      0.14000000      0.03791888
      0.15000000      0.03789448
      0.16000000      0.03786810
      0.17000000      0.03784027
      0.18000000      0.03781147
      0.19000000      0.03778211
      0.20000000      0.03775255
      0.21000000      0.03772313
      0.22000000      0.03769413
      0.23000000      0.03766580
      0.24000000      0.03763836
      0.25000000      0.03761202
      0.26000000      0.03758696
      0.27000000      0.03756333
      0.28000000      0.03754131
      0.29000000      0.03752102
      0.30000000      0.03750260
      0.31000000      0.03748618
      0.32000000      0.03747188
      0.33000000      0.03745981
      0.34000000      0.03745009
      0.35000000      0.03744280
      0.36000000      0.03743802
      0.37000000      0.03743583
      0.38000000      0.03743625
      0.39000000      0.03743929
      0.40000000      0.03744628
      0.41000000      0.03745441
      0.42000000      0.03746496
      0.43000000      0.03747776
      0.44000000      0.03700350
      0.45000000      0.03701571
      0.46000000      0.03702806
      0.47000000      0.03704064
      0.48000000      0.03705353
      0.49000000      0.03706681
      0.50000000      0.03708055
      0.51000000      0.03709481
      0.52000000      0.03710965
      0.53000000      0.03712509
      0.54000000      0.03714115
      0.55000000      0.03715785
      0.56000000      0.03717519
      0.57000000      0.03719314
      0.58000000      0.03721170
      0.59000000      0.03723085
      0.60000000      0.03725053
      0.61000000      0.03727074
      0.62000000      0.03729141
      0.63000000      0.03731253
      0.64000000      0.03733404
      0.65000000      0.03735590
      0.66000000      0.03737807
      0.67000000      0.00209454
      0.68000000      0.00217006
      0.69000000      0.00224282
      0.70000000      0.00231270
      0.71000000      0.00237963
      0.72000000      0.00244353
      0.73000000      0.00250434
      0.74000000      0.00256201
      0.75000000      0.00261647
      0.76000000      0.00266769
      0.77000000      0.00271563
      0.78000000      0.00276024
      0.79000000      0.00280150
      0.80000000      0.00283938
      0.81000000      0.00287384
      0.82000000      0.00290487
      0.83000000      0.00293244
      0.84000000      0.00295653
      0.85000000      0.00297712
      0.86000000      0.00299421
      0.87000000      0.00300778
      0.88000000      0.00301783
      0.89000000      0.00302434
      0.90000000      0.00302734
      0.91000000      0.00302681
      0.92000000      0.00302277
      0.93000000      0.00301523
      0.94000000      0.00300420
      0.95000000      0.00298970
      0.96000000      0.00297174
      0.97000000      0.00295035
      0.98000000      0.00292554
      0.99000000      0.00289735
      1.00000000      0.00286594
  
      0.00000000      0.07333476
      0.01000000      0.07308742
      0.02000000      0.07284869
      0.03000000      0.07262883
      0.04000000      0.07243501
      0.05000000      0.07227171
      0.06000000      0.07214064
      0.07000000      0.07204121
      0.08000000      0.07197118
      0.09000000      0.07192737
      0.10000000      0.07190619
      0.11000000      0.07190411
      0.12000000      0.07191787
      0.13000000      0.07194462
      0.14000000      0.07198194
      0.15000000      0.07202781
      0.16000000      0.07208061
      0.17000000      0.07213900
      0.18000000      0.07220192
      0.19000000      0.07226850
      0.20000000      0.07233803
      0.21000000      0.07240989
      0.22000000      0.07248357
      0.23000000      0.07255862
      0.24000000      0.07263460
      0.25000000      0.07271110
      0.26000000      0.07278768
      0.27000000      0.07286389
      0.28000000      0.07293921
      0.29000000      0.07301303
      0.30000000      0.07308464
      0.31000000      0.07315316
      0.32000000      0.07321753
      0.33000000      0.07327652
      0.34000000      0.07332881
      0.35000000      0.07337316
      0.36000000      0.07340882
      0.37000000      0.07343573
      0.38000000      0.07345468
      0.39000000      0.07346705
      0.40000000      0.07348207
      0.41000000      0.07348604
      0.42000000      0.07348785
      0.43000000      0.07348854
      0.44000000      0.03749266
      0.45000000      0.03750943
      0.46000000      0.03752787
      0.47000000      0.03754775
      0.48000000      0.03756885
      0.49000000      0.03759093
      0.50000000      0.03761378
      0.51000000      0.03763722
      0.52000000      0.03766105
      0.53000000      0.03768510
      0.54000000      0.03770923
      0.55000000      0.03773329
      0.56000000      0.03775716
      0.57000000      0.03778075
      0.58000000      0.03780394
      0.59000000      0.03782666
      0.60000000      0.03784885
      0.61000000      0.03787043
      0.62000000      0.03789135
      0.63000000      0.03791158
      0.64000000      0.03793108
      0.65000000      0.03794982
      0.66000000      0.03796776
      0.67000000      0.03740051
      0.68000000      0.03742319
      0.69000000      0.03744605
      0.70000000      0.03746907
      0.71000000      0.03749220
      0.72000000      0.03751541
      0.73000000      0.03753866
      0.74000000      0.03756191
      0.75000000      0.03758513
      0.76000000      0.03760829
      0.77000000      0.03763135
      0.78000000      0.03765428
      0.79000000      0.03767705
      0.80000000      0.03769962
      0.81000000      0.03772196
      0.82000000      0.03774403
      0.83000000      0.03776581
      0.84000000      0.03778727
      0.85000000      0.03780837
      0.86000000      0.03782909
      0.87000000      0.03784938
      0.88000000      0.03786923
      0.89000000      0.03788860
      0.90000000      0.03790747
      0.91000000      0.03792580
      0.92000000      0.03794357
      0.93000000      0.03796074
      0.94000000      0.03797730
      0.95000000      0.03799321
      0.96000000      0.03800845
      0.97000000      0.03802299
      0.98000000      0.03803682
      0.99000000      0.03804991
      1.00000000      0.03806192
  
      0.00000000      0.07333641
      0.01000000      0.07358302
      0.02000000      0.07381984
      0.03000000      0.07403751
      0.04000000      0.07423009
      0.05000000      0.07439436
      0.06000000      0.07452952
      0.07000000      0.07463655
      0.08000000      0.07471754
      0.09000000      0.07477516
      0.10000000      0.07481225
      0.11000000      0.07483159
      0.12000000      0.07483579
      0.13000000      0.07482723
      0.14000000      0.07480805
      0.15000000      0.07478016
      0.16000000      0.07474526
      0.17000000      0.07470484
      0.18000000      0.07466023
      0.19000000      0.07461260
      0.20000000      0.07456297
      0.21000000      0.07451224
      0.22000000      0.07446121
      0.23000000      0.07441060
      0.24000000      0.07436102
      0.25000000      0.07431309
      0.26000000      0.07426733
      0.27000000      0.07422431
      0.28000000      0.07418459
      0.29000000      0.07414878
      0.30000000      0.07411759
      0.31000000      0.07409187
      0.32000000      0.07407261
      0.33000000      0.07406096
      0.34000000      0.07405817
      0.35000000      0.07406533
      0.36000000      0.07408311
      0.37000000      0.07411143
      0.38000000      0.07414936
      0.39000000      0.07419540
      0.40000000      0.07425412
      0.41000000      0.07431120
      0.42000000      0.07437154
      0.43000000      0.07443399
      0.44000000      0.07348887
      0.45000000      0.07348942
      0.46000000      0.07349063
      0.47000000      0.07349282
      0.48000000      0.07349621
      0.49000000      0.07350100
      0.50000000      0.07350732
      0.51000000      0.07351526
      0.52000000      0.07352490
      0.53000000      0.07353628
      0.54000000      0.07354945
      0.55000000      0.07356441
      0.56000000      0.07358117
      0.57000000      0.07359972
      0.58000000      0.07362006
      0.59000000      0.07364214
      0.60000000      0.07366596
      0.61000000      0.07369146
      0.62000000      0.07371862
      0.63000000      0.07374738
      0.64000000      0.07377770
      0.65000000      0.07380953
      0.66000000      0.07384280
      0.67000000      0.03798490
      0.68000000      0.03800122
      0.69000000      0.03801669
      0.70000000      0.03803132
      0.71000000      0.03804510
      0.72000000      0.03805802
      0.73000000      0.03807007
      0.74000000      0.03808124
      0.75000000      0.03809155
      0.76000000      0.03810098
      0.77000000      0.03810954
      0.78000000      0.03811721
      0.79000000      0.03812400
      0.80000000      0.03812991
      0.81000000      0.03813494
      0.82000000      0.03813907
      0.83000000      0.03814232
      0.84000000      0.03814467
      0.85000000      0.03814614
      0.86000000      0.03814671
      0.87000000      0.03814638
      0.88000000      0.03814516
      0.89000000      0.03814305
      0.90000000      0.03814005
      0.91000000      0.03813615
      0.92000000      0.03813137
      0.93000000      0.03812571
      0.94000000      0.03811918
      0.95000000      0.03811178
      0.96000000      0.03810353
      0.97000000      0.03809443
      0.98000000      0.03808450
      0.99000000      0.03807375
      1.00000000      0.03806252
  
      0.00000000      0.15031530
      0.01000000      0.14860634
      0.02000000      0.14670225
      0.03000000      0.14475557
      0.04000000      0.14287582
      0.05000000      0.14113965
      0.06000000      0.13959257
      0.07000000      0.13825498
      0.08000000      0.13712935
      0.09000000      0.13620674
      0.10000000      0.13547198
      0.11000000      0.13490724
      0.12000000      0.13449437
      0.13000000      0.13421617
      0.14000000      0.13405703
      0.15000000      0.13400308
      0.16000000      0.13404221
      0.17000000      0.13416379
      0.18000000      0.13435844
      0.19000000      0.13461765
      0.20000000      0.13493340
      0.21000000      0.13529757
      0.22000000      0.13570112
      0.23000000      0.13613284
      0.24000000      0.13657778
      0.25000000      0.13701616
      0.26000000      0.13742683
      0.27000000      0.13779831
      0.28000000      0.13813768
      0.29000000      0.13846329
      0.30000000      0.13879194
      0.31000000      0.13913399
      0.32000000      0.13949426
      0.33000000      0.13987402
      0.34000000      0.14027244
      0.35000000      0.14068746
      0.36000000      0.14111629
      0.37000000      0.14155570
      0.38000000      0.14200223
      0.39000000      0.14245227
      0.40000000      0.14290830
      0.41000000      0.14335334
      0.42000000      0.14379102
      0.43000000      0.14421787
      0.44000000      0.07449762
      0.45000000      0.07456173
      0.46000000      0.07462576
      0.47000000      0.07468928
      0.48000000      0.07475194
      0.49000000      0.07481343
      0.50000000      0.07487354
      0.51000000      0.07493205
      0.52000000      0.07498882
      0.53000000      0.07504370
      0.54000000      0.07509657
      0.55000000      0.07514735
      0.56000000      0.07519594
      0.57000000      0.07524230
      0.58000000      0.07528637
      0.59000000      0.07532812
      0.60000000      0.07536751
      0.61000000      0.07540454
      0.62000000      0.07543920
      0.63000000      0.07547149
      0.64000000      0.07550142
      0.65000000      0.07552901
      0.66000000      0.07555428
      0.67000000      0.07387747
      0.68000000      0.07391346
      0.69000000      0.07395072
      0.70000000      0.07398916
      0.71000000      0.07402870
      0.72000000      0.07406928
      0.73000000      0.07411079
      0.74000000      0.07415316
      0.75000000      0.07419628
      0.76000000      0.07424007
      0.77000000      0.07428442
      0.78000000      0.07432924
      0.79000000      0.07437443
      0.80000000      0.07441989
      0.81000000      0.07446551
      0.82000000      0.07451122
      0.83000000      0.07455691
      0.84000000      0.07460250
      0.85000000      0.07464790
      0.86000000      0.07469303
      0.87000000      0.07473783
      0.88000000      0.07478222
      0.89000000      0.07482613
      0.90000000      0.07486950
      0.91000000      0.07491228
      0.92000000      0.07495442
      0.93000000      0.07499586
      0.94000000      0.07503655
      0.95000000      0.07507646
      0.96000000      0.07511552
      0.97000000      0.07515371
      0.98000000      0.07519096
      0.99000000      0.07522724
      1.00000000      0.07526125
  
      0.00000000      0.15033745
      0.01000000      0.15172801
      0.02000000      0.15269506
      0.03000000      0.15315587
      0.04000000      0.15311475
      0.05000000      0.15263782
      0.06000000      0.15182693
      0.07000000      0.15079118
      0.08000000      0.14962748
      0.09000000      0.14841230
      0.10000000      0.14720134
      0.11000000      0.14603282
      0.12000000      0.14493168
      0.13000000      0.14391331
      0.14000000      0.14298656
      0.15000000      0.14215583
      0.16000000      0.14142265
      0.17000000      0.14078669
      0.18000000      0.14024660
      0.19000000      0.13980054
      0.20000000      0.13944675
      0.21000000      0.13918412
      0.22000000      0.13901303
      0.23000000      0.13893649
      0.24000000      0.13896176
      0.25000000      0.13910127
      0.26000000      0.13936919
      0.27000000      0.13977028
      0.28000000      0.14029093
      0.29000000      0.14090645
      0.30000000      0.14159379
      0.31000000      0.14233638
      0.32000000      0.14312320
      0.33000000      0.14394668
      0.34000000      0.14480127
      0.35000000      0.14568245
      0.36000000      0.14658619
      0.37000000      0.14750861
      0.38000000      0.14844571
      0.39000000      0.14939319
      0.40000000      0.15035529
      0.41000000      0.15130827
      0.42000000      0.15225567
      0.43000000      0.15319080
      0.44000000      0.14463058
      0.45000000      0.14502602
      0.46000000      0.14540128
      0.47000000      0.14575371
      0.48000000      0.14608093
      0.49000000      0.14638090
      0.50000000      0.14665189
      0.51000000      0.14689252
      0.52000000      0.14710176
      0.53000000      0.14727896
      0.54000000      0.14742379
      0.55000000      0.14753631
      0.56000000      0.14761687
      0.57000000      0.14766614
      0.58000000      0.14768507
      0.59000000      0.14767484
      0.60000000      0.14763687
      0.61000000      0.14757276
      0.62000000      0.14748423
      0.63000000      0.14737317
      0.64000000      0.14724150
      0.65000000      0.14709125
      0.66000000      0.14692444
      0.67000000      0.07557726
      0.68000000      0.07559797
      0.69000000      0.07561645
      0.70000000      0.07563273
      0.71000000      0.07564685
      0.72000000      0.07565884
      0.73000000      0.07566874
      0.74000000      0.07567659
      0.75000000      0.07568241
      0.76000000      0.07568624
      0.77000000      0.07568811
      0.78000000      0.07568805
      0.79000000      0.07568610
      0.80000000      0.07568227
      0.81000000      0.07567661
      0.82000000      0.07566913
      0.83000000      0.07565986
      0.84000000      0.07564884
      0.85000000      0.07563608
      0.86000000      0.07562163
      0.87000000      0.07560551
      0.88000000      0.07558775
      0.89000000      0.07556839
      0.90000000      0.07554746
      0.91000000      0.07552500
      0.92000000      0.07550106
      0.93000000      0.07547567
      0.94000000      0.07544888
      0.95000000      0.07542074
      0.96000000      0.07539128
      0.97000000      0.07536057
      0.98000000      0.07532865
      0.99000000      0.07529556
      1.00000000      0.07526261
  
      0.00000000      0.22257872
      0.01000000      0.22075758
      0.02000000      0.21927616
      0.03000000      0.21820054
      0.04000000      0.21751393
      0.05000000      0.21715641
      0.06000000      0.21704484
      0.07000000      0.21709350
      0.08000000      0.21722786
      0.09000000      0.21739028
      0.10000000      0.21753988
      0.11000000      0.21764982
      0.12000000      0.21770386
      0.13000000      0.21769323
      0.14000000      0.21761417
      0.15000000      0.21746617
      0.16000000      0.21725064
      0.17000000      0.21697010
      0.18000000      0.21662760
      0.19000000      0.21622642
      0.20000000      0.21576986
      0.21000000      0.21526113
      0.22000000      0.21470338
      0.23000000      0.21409964
      0.24000000      0.21345292
      0.25000000      0.21276622
      0.26000000      0.21204258
      0.27000000      0.21128510
      0.28000000      0.21049698
      0.29000000      0.20968152
      0.30000000      0.20884210
      0.31000000      0.20798223
      0.32000000      0.20710549
      0.33000000      0.20621554
      0.34000000      0.20531615
      0.35000000      0.20441118
      0.36000000      0.20350462
      0.37000000      0.20260065
      0.38000000      0.20170366
      0.39000000      0.20081831
      0.40000000      0.19991999
      0.41000000      0.19907463
      0.42000000      0.19825739
      0.43000000      0.19747480
      0.44000000      0.15410619
      0.45000000      0.15499356
      0.46000000      0.15584385
      0.47000000      0.15664731
      0.48000000      0.15739376
      0.49000000      0.15807285
      0.50000000      0.15867450
      0.51000000      0.15918950
      0.52000000      0.15961006
      0.53000000      0.15993046
      0.54000000      0.16014748
      0.55000000      0.16026070
      0.56000000      0.16027251
      0.57000000      0.16018781
      0.58000000      0.16001354
      0.59000000      0.15975809
      0.60000000      0.15943067
      0.61000000      0.15904075
      0.62000000      0.15859767
      0.63000000      0.15811031
      0.64000000      0.15758690
      0.65000000      0.15703494
      0.66000000      0.15646113
      0.67000000      0.14674313
      0.68000000      0.14654935
      0.69000000      0.14634513
      0.70000000      0.14613244
      0.71000000      0.14591318
      0.72000000      0.14568922
      0.73000000      0.14546234
      0.74000000      0.14523424
      0.75000000      0.14500655
      0.76000000      0.14478082
      0.77000000      0.14455848
      0.78000000      0.14434091
      0.79000000      0.14412939
      0.80000000      0.14392512
      0.81000000      0.14372920
      0.82000000      0.14354268
      0.83000000      0.14336651
      0.84000000      0.14320157
      0.85000000      0.14304868
      0.86000000      0.14290858
      0.87000000      0.14278197
      0.88000000      0.14266947
      0.89000000      0.14257165
      0.90000000      0.14248904
      0.91000000      0.14242211
      0.92000000      0.14237130
      0.93000000      0.14233699
      0.94000000      0.14231955
      0.95000000      0.14231930
      0.96000000      0.14233652
      0.97000000      0.14237150
      0.98000000      0.14242447
      0.99000000      0.14249565
      1.00000000      0.14258386
  
      0.00000000      0.22261504
      0.01000000      0.22471847
      0.02000000      0.22702271
      0.03000000      0.22936502
      0.04000000      0.23161528
      0.05000000      0.23366258
      0.06000000      0.23542667
      0.07000000      0.23686175
      0.08000000      0.23795317
      0.09000000      0.23871002
      0.10000000      0.23915690
      0.11000000      0.23932694
      0.12000000      0.23925657
      0.13000000      0.23898219
      0.14000000      0.23853819
      0.15000000      0.23795589
      0.16000000      0.23726318
      0.17000000      0.23648446
      0.18000000      0.23564085
      0.19000000      0.23475039
      0.20000000      0.23382844
      0.21000000      0.23288792
      0.22000000      0.23193962
      0.23000000      0.23099247
      0.24000000      0.23005379
      0.25000000      0.22912944
      0.26000000      0.22822410
      0.27000000      0.22734137
      0.28000000      0.22648397
      0.29000000      0.22565390
      0.30000000      0.22485257
      0.31000000      0.22408093
      0.32000000      0.22333963
      0.33000000      0.22262910
      0.34000000      0.22194966
      0.35000000      0.22130158
      0.36000000      0.22068518
      0.37000000      0.22010084
      0.38000000      0.21954902
      0.39000000      0.21903030
      0.40000000      0.21854306
      0.41000000      0.21809321
      0.42000000      0.21767881
      0.43000000      0.21730075
      0.44000000      0.19673401
      0.45000000      0.19604280
      0.46000000      0.19540960
      0.47000000      0.19484333
      0.48000000      0.19435328
      0.49000000      0.19394876
      0.50000000      0.19363871
      0.51000000      0.19343116
      0.52000000      0.19333265
      0.53000000      0.19334763
      0.54000000      0.19347801
      0.55000000      0.19372290
      0.56000000      0.19407864
      0.57000000      0.19453905
      0.58000000      0.19509596
      0.59000000      0.19573980
      0.60000000      0.19646023
      0.61000000      0.19724668
      0.62000000      0.19808880
      0.63000000      0.19897675
      0.64000000      0.19990143
      0.65000000      0.20085450
      0.66000000      0.20182849
      0.67000000      0.15587146
      0.68000000      0.15527119
      0.69000000      0.15466492
      0.70000000      0.15405669
      0.71000000      0.15345001
      0.72000000      0.15284791
      0.73000000      0.15225303
      0.74000000      0.15166761
      0.75000000      0.15109361
      0.76000000      0.15053269
      0.77000000      0.14998623
      0.78000000      0.14945542
      0.79000000      0.14894125
      0.80000000      0.14844453
      0.81000000      0.14796592
      0.82000000      0.14750595
      0.83000000      0.14706505
      0.84000000      0.14664352
      0.85000000      0.14624161
      0.86000000      0.14585948
      0.87000000      0.14549725
      0.88000000      0.14515496
      0.89000000      0.14483264
      0.90000000      0.14453027
      0.91000000      0.14424781
      0.92000000      0.14398517
      0.93000000      0.14374229
      0.94000000      0.14351904
      0.95000000      0.14331532
      0.96000000      0.14313100
      0.97000000      0.14296594
      0.98000000      0.14281999
      0.99000000      0.14269300
      1.00000000      0.14258621
  
      0.00000000      0.34877559
      0.01000000      0.34744422
      0.02000000      0.34615189
      0.03000000      0.34492171
      0.04000000      0.34377226
      0.05000000      0.34271858
      0.06000000      0.34177131
      0.07000000      0.34093646
      0.08000000      0.34021566
      0.09000000      0.33960673
      0.10000000      0.33910443
      0.11000000      0.33870119
      0.12000000      0.33838790
      0.13000000      0.33815457
      0.14000000      0.33799087
      0.15000000      0.33788662
      0.16000000      0.33783206
      0.17000000      0.33781809
      0.18000000      0.33783641
      0.19000000      0.33787957
      0.20000000      0.33794098
      0.21000000      0.33801487
      0.22000000      0.33809625
      0.23000000      0.33818086
      0.24000000      0.33826507
      0.25000000      0.33834581
      0.26000000      0.33842054
      0.27000000      0.33848713
      0.28000000      0.33854385
      0.29000000      0.33858930
      0.30000000      0.33862236
      0.31000000      0.33864215
      0.32000000      0.33864800
      0.33000000      0.33863946
      0.34000000      0.33861618
      0.35000000      0.33857801
      0.36000000      0.33852488
      0.37000000      0.33845684
      0.38000000      0.33837405
      0.39000000      0.33827675
      0.40000000      0.33816403
      0.41000000      0.33803869
      0.42000000      0.33789999
      0.43000000      0.33774845
      0.44000000      0.21695997
      0.45000000      0.21665736
      0.46000000      0.21639374
      0.47000000      0.21616981
      0.48000000      0.21598613
      0.49000000      0.21584305
      0.50000000      0.21574069
      0.51000000      0.21567892
      0.52000000      0.21565735
      0.53000000      0.21567527
      0.54000000      0.21573171
      0.55000000      0.21582540
      0.56000000      0.21595482
      0.57000000      0.21611817
      0.58000000      0.21631345
      0.59000000      0.21653846
      0.60000000      0.21679086
      0.61000000      0.21706818
      0.62000000      0.21736785
      0.63000000      0.21768730
      0.64000000      0.21802389
      0.65000000      0.21837504
      0.66000000      0.21873817
      0.67000000      0.20281670
      0.68000000      0.20381321
      0.69000000      0.20481278
      0.70000000      0.20581079
      0.71000000      0.20680318
      0.72000000      0.20778635
      0.73000000      0.20875716
      0.74000000      0.20971283
      0.75000000      0.21065091
      0.76000000      0.21156927
      0.77000000      0.21246600
      0.78000000      0.21333947
      0.79000000      0.21418823
      0.80000000      0.21501104
      0.81000000      0.21580682
      0.82000000      0.21657466
      0.83000000      0.21731379
      0.84000000      0.21802357
      0.85000000      0.21870348
      0.86000000      0.21935309
      0.87000000      0.21997208
      0.88000000      0.22056022
      0.89000000      0.22111734
      0.90000000      0.22164333
      0.91000000      0.22213816
      0.92000000      0.22260181
      0.93000000      0.22303435
      0.94000000      0.22343585
      0.95000000      0.22380641
      0.96000000      0.22414619
      0.97000000      0.22445534
      0.98000000      0.22473405
      0.99000000      0.22498251
      1.00000000      0.22520047
  
      0.00000000      0.34877822
      0.01000000      0.35012914
      0.02000000      0.35148208
      0.03000000      0.35281644
      0.04000000      0.35411664
      0.05000000      0.35536993
      0.06000000      0.35656633
      0.07000000      0.35769828
      0.08000000      0.35876039
      0.09000000      0.35974908
      0.10000000      0.36066228
      0.11000000      0.36149918
      0.12000000      0.36225998
      0.13000000      0.36294569
      0.14000000      0.36355793
      0.15000000      0.36409880
      0.16000000      0.36457074
      0.17000000      0.36497638
      0.18000000      0.36531853
      0.19000000      0.36560000
      0.20000000      0.36582366
      0.21000000      0.36599230
      0.22000000      0.36610865
      0.23000000      0.36617534
      0.24000000      0.36619490
      0.25000000      0.36616971
      0.26000000      0.36610207
      0.27000000      0.36599412
      0.28000000      0.36584791
      0.29000000      0.36566536
      0.30000000      0.36544829
      0.31000000      0.36519844
      0.32000000      0.36491744
      0.33000000      0.36460688
      0.34000000      0.36426826
      0.35000000      0.36390304
      0.36000000      0.36351265
      0.37000000      0.36309847
      0.38000000      0.36266185
      0.39000000      0.36220412
      0.40000000      0.36172397
      0.41000000      0.36122811
      0.42000000      0.36071503
      0.43000000      0.36018601
      0.44000000      0.33758465
      0.45000000      0.33740921
      0.46000000      0.33722280
      0.47000000      0.33702616
      0.48000000      0.33682002
      0.49000000      0.33660518
      0.50000000      0.33638246
      0.51000000      0.33615268
      0.52000000      0.33591672
      0.53000000      0.33567542
      0.54000000      0.33542965
      0.55000000      0.33518030
      0.56000000      0.33492822
      0.57000000      0.33467430
      0.58000000      0.33441938
      0.59000000      0.33416432
      0.60000000      0.33390996
      0.61000000      0.33365712
      0.62000000      0.33340662
      0.63000000      0.33315926
      0.64000000      0.33291580
      0.65000000      0.33267703
      0.66000000      0.33244366
      0.67000000      0.21911080
      0.68000000      0.21949048
      0.69000000      0.21987486
      0.70000000      0.22026170
      0.71000000      0.22064883
      0.72000000      0.22103416
      0.73000000      0.22141574
      0.74000000      0.22179165
      0.75000000      0.22216010
      0.76000000      0.22251936
      0.77000000      0.22286777
      0.78000000      0.22320377
      0.79000000      0.22352585
      0.80000000      0.22383259
      0.81000000      0.22412262
      0.82000000      0.22439468
      0.83000000      0.22464755
      0.84000000      0.22488012
      0.85000000      0.22509133
      0.86000000      0.22528021
      0.87000000      0.22544587
      0.88000000      0.22558749
      0.89000000      0.22570434
      0.90000000      0.22579573
      0.91000000      0.22586107
      0.92000000      0.22589979
      0.93000000      0.22591141
      0.94000000      0.22589548
      0.95000000      0.22585159
      0.96000000      0.22577938
      0.97000000      0.22567851
      0.98000000      0.22554866
      0.99000000      0.22538955
      1.00000000      0.22520139
  
      0.00000000      0.63501833
      0.01000000      0.63161386
      0.02000000      0.62835610
      0.03000000      0.62540589
      0.04000000      0.62284753
      0.05000000      0.62072229
      0.06000000      0.61903333
      0.07000000      0.61775569
      0.08000000      0.61684749
      0.09000000      0.61625946
      0.10000000      0.61594162
      0.11000000      0.61584726
      0.12000000      0.61593479
      0.13000000      0.61616831
      0.14000000      0.61651729
      0.15000000      0.61695611
      0.16000000      0.61746328
      0.17000000      0.61802079
      0.18000000      0.61861349
      0.19000000      0.61922853
      0.20000000      0.61985493
      0.21000000      0.62048318
      0.22000000      0.62110494
      0.23000000      0.62171277
      0.24000000      0.62229996
      0.25000000      0.62286037
      0.26000000      0.62338830
      0.27000000      0.62387854
      0.28000000      0.62432631
      0.29000000      0.62472743
      0.30000000      0.62507853
      0.31000000      0.62537724
      0.32000000      0.62562249
      0.33000000      0.62581475
      0.34000000      0.62595611
      0.35000000      0.62605023
      0.36000000      0.62610213
      0.37000000      0.62611776
      0.38000000      0.62610360
      0.39000000      0.62606618
      0.40000000      0.62599318
      0.41000000      0.62592843
      0.42000000      0.62585741
      0.43000000      0.62578449
      0.44000000      0.35964229
      0.45000000      0.35908511
      0.46000000      0.35851571
      0.47000000      0.35793527
      0.48000000      0.35734497
      0.49000000      0.35674595
      0.50000000      0.35613932
      0.51000000      0.35552615
      0.52000000      0.35490746
      0.53000000      0.35428423
      0.54000000      0.35365740
      0.55000000      0.35302785
      0.56000000      0.35239642
      0.57000000      0.35176392
      0.58000000      0.35113109
      0.59000000      0.35049867
      0.60000000      0.34986734
      0.61000000      0.34923776
      0.62000000      0.34861058
      0.63000000      0.34798639
      0.64000000      0.34736581
      0.65000000      0.34674942
      0.66000000      0.34613779
      0.67000000      0.33221643
      0.68000000      0.33199603
      0.69000000      0.33178313
      0.70000000      0.33157838
      0.71000000      0.33138237
      0.72000000      0.33119571
      0.73000000      0.33101894
      0.74000000      0.33085258
      0.75000000      0.33069712
      0.76000000      0.33055303
      0.77000000      0.33042072
      0.78000000      0.33030061
      0.79000000      0.33019307
      0.80000000      0.33009845
      0.81000000      0.33001707
      0.82000000      0.32994924
      0.83000000      0.32989523
      0.84000000      0.32985529
      0.85000000      0.32982965
      0.86000000      0.32981852
      0.87000000      0.32982207
      0.88000000      0.32984046
      0.89000000      0.32987385
      0.90000000      0.32992236
      0.91000000      0.32998608
      0.92000000      0.33006511
      0.93000000      0.33015952
      0.94000000      0.33026936
      0.95000000      0.33039467
      0.96000000      0.33053547
      0.97000000      0.33069177
      0.98000000      0.33086356
      0.99000000      0.33105082
      1.00000000      0.33125281
  
      0.00000000      0.63506470
      0.01000000      0.63849608
      0.02000000      0.64183763
      0.03000000      0.64490637
      0.04000000      0.64758849
      0.05000000      0.64981370
      0.06000000      0.65155613
      0.07000000      0.65282696
      0.08000000      0.65366300
      0.09000000      0.65411533
      0.10000000      0.65424039
      0.11000000      0.65409390
      0.12000000      0.65372751
      0.13000000      0.65318718
      0.14000000      0.65251280
      0.15000000      0.65173839
      0.16000000      0.65089268
      0.17000000      0.64999977
      0.18000000      0.64907979
      0.19000000      0.64814956
      0.20000000      0.64722312
      0.21000000      0.64631225
      0.22000000      0.64542689
      0.23000000      0.64457547
      0.24000000      0.64376523
      0.25000000      0.64300246
      0.26000000      0.64229263
      0.27000000      0.64164052
      0.28000000      0.64105025
      0.29000000      0.64052515
      0.30000000      0.64006771
      0.31000000      0.63967926
      0.32000000      0.63935979
      0.33000000      0.63910776
      0.34000000      0.63891997
      0.35000000      0.63879163
      0.36000000      0.63871668
      0.37000000      0.63868809
      0.38000000      0.63869841
      0.39000000      0.63874016
      0.40000000      0.63878399
      0.41000000      0.63886776
      0.42000000      0.63896356
      0.43000000      0.63906639
      0.44000000      0.62571332
      0.45000000      0.62564689
      0.46000000      0.62558761
      0.47000000      0.62553739
      0.48000000      0.62549770
      0.49000000      0.62546961
      0.50000000      0.62545389
      0.51000000      0.62545106
      0.52000000      0.62546138
      0.53000000      0.62548492
      0.54000000      0.62552161
      0.55000000      0.62557120
      0.56000000      0.62563336
      0.57000000      0.62570765
      0.58000000      0.62579354
      0.59000000      0.62589047
      0.60000000      0.62599783
      0.61000000      0.62611500
      0.62000000      0.62624132
      0.63000000      0.62637618
      0.64000000      0.62651895
      0.65000000      0.62666904
      0.66000000      0.62682587
      0.67000000      0.34553148
      0.68000000      0.34493103
      0.69000000      0.34433698
      0.70000000      0.34374986
      0.71000000      0.34317017
      0.72000000      0.34259839
      0.73000000      0.34203501
      0.74000000      0.34148047
      0.75000000      0.34093520
      0.76000000      0.34039961
      0.77000000      0.33987411
      0.78000000      0.33935906
      0.79000000      0.33885482
      0.80000000      0.33836173
      0.81000000      0.33788013
      0.82000000      0.33741032
      0.83000000      0.33695260
      0.84000000      0.33650726
      0.85000000      0.33607457
      0.86000000      0.33565480
      0.87000000      0.33524819
      0.88000000      0.33485499
      0.89000000      0.33447543
      0.90000000      0.33410972
      0.91000000      0.33375806
      0.92000000      0.33342066
      0.93000000      0.33309769
      0.94000000      0.33278932
      0.95000000      0.33249570
      0.96000000      0.33221697
      0.97000000      0.33195326
      0.98000000      0.33170467
      0.99000000      0.33147131
      1.00000000      0.33125393
  
      0.00000000      0.92839318
      0.01000000      0.92838691
      0.02000000      0.92838100
      0.03000000      0.92837561
      0.04000000      0.92837082
      0.05000000      0.92836663
      0.06000000      0.92836304
      0.07000000      0.92836001
      0.08000000      0.92835750
      0.09000000      0.92835545
      0.10000000      0.92835382
      0.11000000      0.92835257
      0.12000000      0.92835163
      0.13000000      0.92835099
      0.14000000      0.92835060
      0.15000000      0.92835043
      0.16000000      0.92835045
      0.17000000      0.92835065
      0.18000000      0.92835099
      0.19000000      0.92835147
      0.20000000      0.92835205
      0.21000000      0.92835273
      0.22000000      0.92835348
      0.23000000      0.92835430
      0.24000000      0.92835516
      0.25000000      0.92835607
      0.26000000      0.92835700
      0.27000000      0.92835794
      0.28000000      0.92835888
      0.29000000      0.92835981
      0.30000000      0.92836072
      0.31000000      0.92836160
      0.32000000      0.92836244
      0.33000000      0.92836323
      0.34000000      0.92836395
      0.35000000      0.92836460
      0.36000000      0.92836517
      0.37000000      0.92836565
      0.38000000      0.92836603
      0.39000000      0.92836630
      0.40000000      0.92836644
      0.41000000      0.92836648
      0.42000000      0.92836640
      0.43000000      0.92836619
      0.44000000      0.63917204
      0.45000000      0.63927704
      0.46000000      0.63937859
      0.47000000      0.63947443
      0.48000000      0.63956283
      0.49000000      0.63964246
      0.50000000      0.63971235
      0.51000000      0.63977180
      0.52000000      0.63982038
      0.53000000      0.63985783
      0.54000000      0.63988407
      0.55000000      0.63989915
      0.56000000      0.63990323
      0.57000000      0.63989655
      0.58000000      0.63987942
      0.59000000      0.63985224
      0.60000000      0.63981540
      0.61000000      0.63976934
      0.62000000      0.63971453
      0.63000000      0.63965142
      0.64000000      0.63958045
      0.65000000      0.63950206
      0.66000000      0.63941667
      0.67000000      0.62698890
      0.68000000      0.62715762
      0.69000000      0.62733156
      0.70000000      0.62751025
      0.71000000      0.62769329
      0.72000000      0.62788028
      0.73000000      0.62807085
      0.74000000      0.62826466
      0.75000000      0.62846138
      0.76000000      0.62866071
      0.77000000      0.62886237
      0.78000000      0.62906610
      0.79000000      0.62927164
      0.80000000      0.62947879
      0.81000000      0.62968732
      0.82000000      0.62989706
      0.83000000      0.63010782
      0.84000000      0.63031945
      0.85000000      0.63053182
      0.86000000      0.63074480
      0.87000000      0.63095830
      0.88000000      0.63117220
      0.89000000      0.63138644
      0.90000000      0.63160095
      0.91000000      0.63181566
      0.92000000      0.63203053
      0.93000000      0.63224549
      0.94000000      0.63246051
      0.95000000      0.63267554
      0.96000000      0.63289050
      0.97000000      0.63310534
      0.98000000      0.63331999
      0.99000000      0.63353433
      1.00000000      0.63374768
  
      0.00000000      0.92839323
      0.01000000      0.92839976
      0.02000000      0.92840639
      0.03000000      0.92841289
      0.04000000      0.92841906
      0.05000000      0.92842478
      0.06000000      0.92842995
      0.07000000      0.92843454
      0.08000000      0.92843855
      0.09000000      0.92844201
      0.10000000      0.92844496
      0.11000000      0.92844745
      0.12000000      0.92844953
      0.13000000      0.92845124
      0.14000000      0.92845263
      0.15000000      0.92845372
      0.16000000      0.92845456
      0.17000000      0.92845516
      0.18000000      0.92845555
      0.19000000      0.92845575
      0.20000000      0.92845577
      0.21000000      0.92845563
      0.22000000      0.92845534
      0.23000000      0.92845490
      0.24000000      0.92845433
      0.25000000      0.92845364
      0.26000000      0.92845281
      0.27000000      0.92845187
      0.28000000      0.92845081
      0.29000000      0.92844964
      0.30000000      0.92844836
      0.31000000      0.92844697
      0.32000000      0.92844546
      0.33000000      0.92844385
      0.34000000      0.92844214
      0.35000000      0.92844031
      0.36000000      0.92843838
      0.37000000      0.92843635
      0.38000000      0.92843422
      0.39000000      0.92843198
      0.40000000      0.92842962
      0.41000000      0.92842719
      0.42000000      0.92842466
      0.43000000      0.92842205
      0.44000000      0.92836585
      0.45000000      0.92836537
      0.46000000      0.92836476
      0.47000000      0.92836401
      0.48000000      0.92836313
      0.49000000      0.92836211
      0.50000000      0.92836097
      0.51000000      0.92835970
      0.52000000      0.92835830
      0.53000000      0.92835679
      0.54000000      0.92835517
      0.55000000      0.92835345
      0.56000000      0.92835164
      0.57000000      0.92834974
      0.58000000      0.92834776
      0.59000000      0.92834572
      0.60000000      0.92834361
      0.61000000      0.92834146
      0.62000000      0.92833927
      0.63000000      0.92833705
      0.64000000      0.92833481
      0.65000000      0.92833256
      0.66000000      0.92833030
      0.67000000      0.63932464
      0.68000000      0.63922633
      0.69000000      0.63912204
      0.70000000      0.63901205
      0.71000000      0.63889658
      0.72000000      0.63877583
      0.73000000      0.63864998
      0.74000000      0.63851915
      0.75000000      0.63838346
      0.76000000      0.63824302
      0.77000000      0.63809790
      0.78000000      0.63794818
      0.79000000      0.63779393
      0.80000000      0.63763523
      0.81000000      0.63747214
      0.82000000      0.63730477
      0.83000000      0.63713320
      0.84000000      0.63695756
      0.85000000      0.63677798
      0.86000000      0.63659461
      0.87000000      0.63640761
      0.88000000      0.63621719
      0.89000000      0.63602355
      0.90000000      0.63582690
      0.91000000      0.63562749
      0.92000000      0.63542557
      0.93000000      0.63522137
      0.94000000      0.63501517
      0.95000000      0.63480720
      0.96000000      0.63459772
      0.97000000      0.63438694
      0.98000000      0.63417510
      0.99000000      0.63396239
      1.00000000      0.63374956
  
      0.00000000      0.96731479
      0.01000000      0.96724276
      0.02000000      0.96715900
      0.03000000      0.96706807
      0.04000000      0.96697378
      0.05000000      0.96687953
      0.06000000      0.96678797
      0.07000000      0.96670089
      0.08000000      0.96661932
      0.09000000      0.96654365
      0.10000000      0.96647391
      0.11000000      0.96640986
      0.12000000      0.96635120
      0.13000000      0.96629761
      0.14000000      0.96624882
      0.15000000      0.96620465
      0.16000000      0.96616497
      0.17000000      0.96612974
      0.18000000      0.96609893
      0.19000000      0.96607256
      0.20000000      0.96605066
      0.21000000      0.96603326
      0.22000000      0.96602037
      0.23000000      0.96601198
      0.24000000      0.96600807
      0.25000000      0.96600859
      0.26000000      0.96601345
      0.27000000      0.96602256
      0.28000000      0.96603582
      0.29000000      0.96605309
      0.30000000      0.96607422
      0.31000000      0.96609907
      0.32000000      0.96612748
      0.33000000      0.96615928
      0.34000000      0.96619429
      0.35000000      0.96623234
      0.36000000      0.96627325
      0.37000000      0.96631684
      0.38000000      0.96636293
      0.39000000      0.96641133
      0.40000000      0.96646313
      0.41000000      0.96651557
      0.42000000      0.96656977
      0.43000000      0.96662557
      0.44000000      0.92841936
      0.45000000      0.92841659
      0.46000000      0.92841374
      0.47000000      0.92841082
      0.48000000      0.92840784
      0.49000000      0.92840481
      0.50000000      0.92840172
      0.51000000      0.92839860
      0.52000000      0.92839544
      0.53000000      0.92839225
      0.54000000      0.92838903
      0.55000000      0.92838580
      0.56000000      0.92838256
      0.57000000      0.92837932
      0.58000000      0.92837608
      0.59000000      0.92837285
      0.60000000      0.92836964
      0.61000000      0.92836643
      0.62000000      0.92836326
      0.63000000      0.92836010
      0.64000000      0.92835698
      0.65000000      0.92835388
      0.66000000      0.92835082
      0.67000000      0.92832806
      0.68000000      0.92832582
      0.69000000      0.92832361
      0.70000000      0.92832143
      0.71000000      0.92831929
      0.72000000      0.92831719
      0.73000000      0.92831513
      0.74000000      0.92831313
      0.75000000      0.92831119
      0.76000000      0.92830930
      0.77000000      0.92830749
      0.78000000      0.92830574
      0.79000000      0.92830406
      0.80000000      0.92830245
      0.81000000      0.92830092
      0.82000000      0.92829946
      0.83000000      0.92829808
      0.84000000      0.92829679
      0.85000000      0.92829557
      0.86000000      0.92829444
      0.87000000      0.92829339
      0.88000000      0.92829242
      0.89000000      0.92829155
      0.90000000      0.92829076
      0.91000000      0.92829006
      0.92000000      0.92828945
      0.93000000      0.92828893
      0.94000000      0.92828851
      0.95000000      0.92828819
      0.96000000      0.92828796
      0.97000000      0.92828783
      0.98000000      0.92828780
      0.99000000      0.92828787
      1.00000000      0.92828804
  
      0.00000000      0.96731613
      0.01000000      0.96737415
      0.02000000      0.96741712
      0.03000000      0.96744355
      0.04000000      0.96745418
      0.05000000      0.96745079
      0.06000000      0.96743582
      0.07000000      0.96741196
      0.08000000      0.96738187
      0.09000000      0.96734792
      0.10000000      0.96731218
      0.11000000      0.96727635
      0.12000000      0.96724180
      0.13000000      0.96720955
      0.14000000      0.96718040
      0.15000000      0.96715489
      0.16000000      0.96713339
      0.17000000      0.96711611
      0.18000000      0.96710316
      0.19000000      0.96709453
      0.20000000      0.96709019
      0.21000000      0.96709005
      0.22000000      0.96709398
      0.23000000      0.96710183
      0.24000000      0.96711347
      0.25000000      0.96712872
      0.26000000      0.96714743
      0.27000000      0.96716943
      0.28000000      0.96719455
      0.29000000      0.96722264
      0.30000000      0.96725352
      0.31000000      0.96728703
      0.32000000      0.96732302
      0.33000000      0.96736132
      0.34000000      0.96740178
      0.35000000      0.96744423
      0.36000000      0.96748853
      0.37000000      0.96753451
      0.38000000      0.96758202
      0.39000000      0.96763090
      0.40000000      0.96768161
      0.41000000      0.96773276
      0.42000000      0.96778482
      0.43000000      0.96783763
      0.44000000      0.96668279
      0.45000000      0.96674125
      0.46000000      0.96680077
      0.47000000      0.96686118
      0.48000000      0.96692232
      0.49000000      0.96698403
      0.50000000      0.96704615
      0.51000000      0.96710853
      0.52000000      0.96717103
      0.53000000      0.96723352
      0.54000000      0.96729588
      0.55000000      0.96735799
      0.56000000      0.96741976
      0.57000000      0.96748109
      0.58000000      0.96754190
      0.59000000      0.96760212
      0.60000000      0.96766167
      0.61000000      0.96772050
      0.62000000      0.96777856
      0.63000000      0.96783581
      0.64000000      0.96789220
      0.65000000      0.96794769
      0.66000000      0.96800226
      0.67000000      0.92834780
      0.68000000      0.92834482
      0.69000000      0.92834189
      0.70000000      0.92833900
      0.71000000      0.92833615
      0.72000000      0.92833336
      0.73000000      0.92833063
      0.74000000      0.92832795
      0.75000000      0.92832534
      0.76000000      0.92832279
      0.77000000      0.92832031
      0.78000000      0.92831789
      0.79000000      0.92831556
      0.80000000      0.92831330
      0.81000000      0.92831112
      0.82000000      0.92830902
      0.83000000      0.92830702
      0.84000000      0.92830510
      0.85000000      0.92830327
      0.86000000      0.92830154
      0.87000000      0.92829991
      0.88000000      0.92829837
      0.89000000      0.92829694
      0.90000000      0.92829561
      0.91000000      0.92829438
      0.92000000      0.92829326
      0.93000000      0.92829224
      0.94000000      0.92829133
      0.95000000      0.92829053
      0.96000000      0.92828983
      0.97000000      0.92828924
      0.98000000      0.92828875
      0.99000000      0.92828837
      1.00000000      0.92828810
  
      0.00000000      0.98283756
      0.01000000      0.98271969
      0.02000000      0.98261115
      0.03000000      0.98251437
      0.04000000      0.98243032
      0.05000000      0.98235907
      0.06000000      0.98229998
      0.07000000      0.98225198
      0.08000000      0.98221386
      0.09000000      0.98218436
      0.10000000      0.98216232
      0.11000000      0.98214673
      0.12000000      0.98213670
      0.13000000      0.98213148
      0.14000000      0.98213045
      0.15000000      0.98213306
      0.16000000      0.98213886
      0.17000000      0.98214746
      0.18000000      0.98215850
      0.19000000      0.98217169
      0.20000000      0.98218672
      0.21000000      0.98220334
      0.22000000      0.98222130
      0.23000000      0.98224037
      0.24000000      0.98226031
      0.25000000      0.98228093
      0.26000000      0.98230199
      0.27000000      0.98232331
      0.28000000      0.98234466
      0.29000000      0.98236586
      0.30000000      0.98238670
      0.31000000      0.98240701
      0.32000000      0.98242659
      0.33000000      0.98244526
      0.34000000      0.98246284
      0.35000000      0.98247917
      0.36000000      0.98249407
      0.37000000      0.98250739
      0.38000000      0.98251899
      0.39000000      0.98252871
      0.40000000      0.98253510
      0.41000000      0.98254069
      0.42000000      0.98254405
      0.43000000      0.98254508
      0.44000000      0.96789103
      0.45000000      0.96794485
      0.46000000      0.96799894
      0.47000000      0.96805313
      0.48000000      0.96810728
      0.49000000      0.96816122
      0.50000000      0.96821481
      0.51000000      0.96826791
      0.52000000      0.96832039
      0.53000000      0.96837212
      0.54000000      0.96842297
      0.55000000      0.96847286
      0.56000000      0.96852167
      0.57000000      0.96856933
      0.58000000      0.96861574
      0.59000000      0.96866084
      0.60000000      0.96870457
      0.61000000      0.96874688
      0.62000000      0.96878770
      0.63000000      0.96882702
      0.64000000      0.96886478
      0.65000000      0.96890097
      0.66000000      0.96893557
      0.67000000      0.96805588
      0.68000000      0.96810853
      0.69000000      0.96816018
      0.70000000      0.96821082
      0.71000000      0.96826043
      0.72000000      0.96830899
      0.73000000      0.96835649
      0.74000000      0.96840291
      0.75000000      0.96844825
      0.76000000      0.96849250
      0.77000000      0.96853565
      0.78000000      0.96857768
      0.79000000      0.96861859
      0.80000000      0.96865837
      0.81000000      0.96869702
      0.82000000      0.96873453
      0.83000000      0.96877088
      0.84000000      0.96880609
      0.85000000      0.96884014
      0.86000000      0.96887303
      0.87000000      0.96890475
      0.88000000      0.96893530
      0.89000000      0.96896467
      0.90000000      0.96899287
      0.91000000      0.96901988
      0.92000000      0.96904569
      0.93000000      0.96907031
      0.94000000      0.96909372
      0.95000000      0.96911591
      0.96000000      0.96913688
      0.97000000      0.96915662
      0.98000000      0.96917511
      0.99000000      0.96919235
      1.00000000      0.96920824
  
      0.00000000      0.98283818
      0.01000000      0.98296272
      0.02000000      0.98309041
      0.03000000      0.98321687
      0.04000000      0.98333845
      0.05000000      0.98345233
      0.06000000      0.98355669
      0.07000000      0.98365069
      0.08000000      0.98373423
      0.09000000      0.98380774
      0.10000000      0.98387191
      0.11000000      0.98392755
      0.12000000      0.98397550
      0.13000000      0.98401653
      0.14000000      0.98405135
      0.15000000      0.98408058
      0.16000000      0.98410474
      0.17000000      0.98412428
      0.18000000      0.98413958
      0.19000000      0.98415094
      0.20000000      0.98415864
      0.21000000      0.98416287
      0.22000000      0.98416381
      0.23000000      0.98416160
      0.24000000      0.98415634
      0.25000000      0.98414814
      0.26000000      0.98413705
      0.27000000      0.98412314
      0.28000000      0.98410647
      0.29000000      0.98408707
      0.30000000      0.98406500
      0.31000000      0.98404028
      0.32000000      0.98401295
      0.33000000      0.98398306
      0.34000000      0.98395064
      0.35000000      0.98391574
      0.36000000      0.98387842
      0.37000000      0.98383872
      0.38000000      0.98379671
      0.39000000      0.98375245
      0.40000000      0.98370508
      0.41000000      0.98365659
      0.42000000      0.98360609
      0.43000000      0.98355370
      0.44000000      0.98254371
      0.45000000      0.98253986
      0.46000000      0.98253348
      0.47000000      0.98252455
      0.48000000      0.98251304
      0.49000000      0.98249898
      0.50000000      0.98248236
      0.51000000      0.98246325
      0.52000000      0.98244169
      0.53000000      0.98241776
      0.54000000      0.98239154
      0.55000000      0.98236315
      0.56000000      0.98233270
      0.57000000      0.98230032
      0.58000000      0.98226614
      0.59000000      0.98223030
      0.60000000      0.98219297
      0.61000000      0.98215429
      0.62000000      0.98211441
      0.63000000      0.98207351
      0.64000000      0.98203174
      0.65000000      0.98198927
      0.66000000      0.98194624
      0.67000000      0.96896855
      0.68000000      0.96899991
      0.69000000      0.96902964
      0.70000000      0.96905775
      0.71000000      0.96908422
      0.72000000      0.96910908
      0.73000000      0.96913233
      0.74000000      0.96915398
      0.75000000      0.96917404
      0.76000000      0.96919253
      0.77000000      0.96920948
      0.78000000      0.96922489
      0.79000000      0.96923879
      0.80000000      0.96925119
      0.81000000      0.96926212
      0.82000000      0.96927160
      0.83000000      0.96927964
      0.84000000      0.96928626
      0.85000000      0.96929148
      0.86000000      0.96929531
      0.87000000      0.96929777
      0.88000000      0.96929887
      0.89000000      0.96929861
      0.90000000      0.96929701
      0.91000000      0.96929407
      0.92000000      0.96928980
      0.93000000      0.96928421
      0.94000000      0.96927729
      0.95000000      0.96926907
      0.96000000      0.96925954
      0.97000000      0.96924870
      0.98000000      0.96923657
      0.99000000      0.96922315
      1.00000000      0.96920853
  
      0.00000000      0.99816026
      0.01000000      0.99801497
      0.02000000      0.99785946
      0.03000000      0.99769570
      0.04000000      0.99752568
      0.05000000      0.99735171
      0.06000000      0.99717619
      0.07000000      0.99700147
      0.08000000      0.99682975
      0.09000000      0.99666297
      0.10000000      0.99650283
      0.11000000      0.99635075
      0.12000000      0.99620792
      0.13000000      0.99607528
      0.14000000      0.99595359
      0.15000000      0.99584339
      0.16000000      0.99574505
      0.17000000      0.99565883
      0.18000000      0.99558481
      0.19000000      0.99552299
      0.20000000      0.99547326
      0.21000000      0.99543542
      0.22000000      0.99540923
      0.23000000      0.99539436
      0.24000000      0.99539046
      0.25000000      0.99539713
      0.26000000      0.99541396
      0.27000000      0.99544051
      0.28000000      0.99547634
      0.29000000      0.99552098
      0.30000000      0.99557398
      0.31000000      0.99563488
      0.32000000      0.99570324
      0.33000000      0.99577860
      0.34000000      0.99586054
      0.35000000      0.99594862
      0.36000000      0.99604242
      0.37000000      0.99614155
      0.38000000      0.99624561
      0.39000000      0.99635422
      0.40000000      0.99646900
      0.41000000      0.99658556
      0.42000000      0.99670561
      0.43000000      0.99682880
      0.44000000      0.98349952
      0.45000000      0.98344365
      0.46000000      0.98338622
      0.47000000      0.98332736
      0.48000000      0.98326719
      0.49000000      0.98320585
      0.50000000      0.98314348
      0.51000000      0.98308021
      0.52000000      0.98301619
      0.53000000      0.98295156
      0.54000000      0.98288646
      0.55000000      0.98282101
      0.56000000      0.98275537
      0.57000000      0.98268966
      0.58000000      0.98262401
      0.59000000      0.98255854
      0.60000000      0.98249337
      0.61000000      0.98242862
      0.62000000      0.98236439
      0.63000000      0.98230080
      0.64000000      0.98223795
      0.65000000      0.98217594
      0.66000000      0.98211485
      0.67000000      0.98190282
      0.68000000      0.98185915
      0.69000000      0.98181539
      0.70000000      0.98177167
      0.71000000      0.98172813
      0.72000000      0.98168490
      0.73000000      0.98164210
      0.74000000      0.98159986
      0.75000000      0.98155828
      0.76000000      0.98151746
      0.77000000      0.98147752
      0.78000000      0.98143855
      0.79000000      0.98140063
      0.80000000      0.98136388
      0.81000000      0.98132836
      0.82000000      0.98129419
      0.83000000      0.98126143
      0.84000000      0.98123019
      0.85000000      0.98120053
      0.86000000      0.98117255
      0.87000000      0.98114631
      0.88000000      0.98112187
      0.89000000      0.98109930
      0.90000000      0.98107864
      0.91000000      0.98105994
      0.92000000      0.98104323
      0.93000000      0.98102856
      0.94000000      0.98101593
      0.95000000      0.98100538
      0.96000000      0.98099692
      0.97000000      0.98099056
      0.98000000      0.98098631
      0.99000000      0.98098415
      1.00000000      0.98098351
  
      0.00000000      0.99816090
      0.01000000      0.99829540
      0.02000000      0.99841905
      0.03000000      0.99853134
      0.04000000      0.99863252
      0.05000000      0.99872302
      0.06000000      0.99880338
      0.07000000      0.99887422
      0.08000000      0.99893620
      0.09000000      0.99899002
      0.10000000      0.99903639
      0.11000000      0.99907604
      0.12000000      0.99910969
      0.13000000      0.99913808
      0.14000000      0.99916192
      0.15000000      0.99918189
      0.16000000      0.99919866
      0.17000000      0.99921285
      0.18000000      0.99922506
      0.19000000      0.99923585
      0.20000000      0.99924574
      0.21000000      0.99925522
      0.22000000      0.99926474
      0.23000000      0.99927474
      0.24000000      0.99928559
      0.25000000      0.99929767
      0.26000000      0.99931131
      0.27000000      0.99932682
      0.28000000      0.99934449
      0.29000000      0.99936458
      0.30000000      0.99938734
      0.31000000      0.99941299
      0.32000000      0.99944171
      0.33000000      0.99947370
      0.34000000      0.99950909
      0.35000000      0.99954803
      0.36000000      0.99959061
      0.37000000      0.99963692
      0.38000000      0.99968702
      0.39000000      0.99974092
      0.40000000      0.99979921
      0.41000000      0.99986073
      0.42000000      0.99992598
      0.43000000      0.99999487
      0.44000000      0.99695481
      0.45000000      0.99708335
      0.46000000      0.99721411
      0.47000000      0.99734682
      0.48000000      0.99748120
      0.49000000      0.99761700
      0.50000000      0.99775397
      0.51000000      0.99789188
      0.52000000      0.99803051
      0.53000000      0.99816965
      0.54000000      0.99830910
      0.55000000      0.99844866
      0.56000000      0.99858815
      0.57000000      0.99872740
      0.58000000      0.99886624
      0.59000000      0.99900451
      0.60000000      0.99914206
      0.61000000      0.99927873
      0.62000000      0.99941439
      0.63000000      0.99954891
      0.64000000      0.99968216
      0.65000000      0.99981400
      0.66000000      0.99994434
      0.67000000      0.98205479
      0.68000000      0.98199582
      0.69000000      0.98193805
      0.70000000      0.98188154
      0.71000000      0.98182637
      0.72000000      0.98177261
      0.73000000      0.98172032
      0.74000000      0.98166957
      0.75000000      0.98162042
      0.76000000      0.98157290
      0.77000000      0.98152708
      0.78000000      0.98148298
      0.79000000      0.98144066
      0.80000000      0.98140012
      0.81000000      0.98136139
      0.82000000      0.98132450
      0.83000000      0.98128943
      0.84000000      0.98125621
      0.85000000      0.98122483
      0.86000000      0.98119530
      0.87000000      0.98116762
      0.88000000      0.98114180
      0.89000000      0.98111786
      0.90000000      0.98109580
      0.91000000      0.98107565
      0.92000000      0.98105743
      0.93000000      0.98104115
      0.94000000      0.98102684
      0.95000000      0.98101452
      0.96000000      0.98100422
      0.97000000      0.98099595
      0.98000000      0.98098974
      0.99000000      0.98098561
      1.00000000      0.98098416
  
