      0.00000000      0.00302736
      0.01000000      0.00284563
      0.02000000      0.00268070
      0.03000000      0.00253690
      0.04000000      0.00241429
      0.05000000      0.00231099
      0.06000000      0.00222429
      0.07000000      0.00215150
      0.08000000      0.00209033
      0.09000000      0.00203901
      0.10000000      0.00199617
      0.11000000      0.00196077
      0.12000000      0.00193197
      0.13000000      0.00190910
      0.14000000      0.00189156
      0.15000000      0.00187882
      0.16000000      0.00187039
      0.17000000      0.00186582
      0.18000000      0.00186468
      0.19000000      0.00186657
      0.20000000      0.00187111
      0.21000000      0.00187797
      0.22000000      0.00188681
      0.23000000      0.00189737
      0.24000000      0.00190938
      0.25000000      0.00192262
      0.26000000      0.00193692
      0.27000000      0.00195211
      0.28000000      0.00196808
      0.29000000      0.00198472
      0.30000000      0.00200197
      0.31000000      0.00201980
      0.32000000      0.00203817
      0.33000000      0.00205709
      0.34000000      0.00207659
      0.35000000      0.00209667
      0.36000000      0.00211740
      0.37000000      0.00213882
      0.38000000      0.00216099
      0.39000000      0.00218399
      0.40000000      0.00221220
      0.41000000      0.00223707
      0.42000000      0.00226301
      0.43000000      0.00229011
      0.44000000      0.00231843
      0.45000000      0.00234808
      0.46000000      0.00237911
      0.47000000      0.00241162
      0.48000000      0.00244567
      0.49000000      0.00248130
      0.50000000      0.00251858
      0.51000000      0.00255755
      0.52000000      0.00259823
      0.53000000      0.00264064
      0.54000000      0.00268479
      0.55000000      0.00273069
      0.56000000      0.00277831
      0.57000000      0.00282765
      0.58000000      0.00287867
      0.59000000      0.00293134
      0.60000000      0.00298562
      0.61000000      0.00304146
      0.62000000      0.00309883
      0.63000000      0.00315767
      0.64000000      0.00321792
      0.65000000      0.00327953
      0.66000000      0.00334244
      0.67000000      0.00340657
      0.68000000      0.00347186
      0.69000000      0.00353823
      0.70000000      0.00360560
      0.71000000      0.00367388
      0.72000000      0.00374296
      0.73000000      0.00381275
      0.74000000      0.00388313
      0.75000000      0.00395398
      0.76000000      0.00402517
      0.77000000      0.00409657
      0.78000000      0.00416803
      0.79000000      0.00423943
      0.80000000      0.00431060
      0.81000000      0.00438142
      0.82000000      0.00445173
      0.83000000      0.00452139
      0.84000000      0.00459028
      0.85000000      0.00465827
      0.86000000      0.00472524
      0.87000000      0.00479110
      0.88000000      0.00485574
      0.89000000      0.00491909
      0.90000000      0.00498108
      0.91000000      0.00504165
      0.92000000      0.00510074
      0.93000000      0.00515832
      0.94000000      0.00521436
      0.95000000      0.00526884
      0.96000000      0.00532172
      0.97000000      0.00537299
      0.98000000      0.00542264
      0.99000000      0.00547066
      1.00000000      0.00551608
  
      0.00000000      0.00303090
      0.01000000      0.00322421
      0.02000000      0.00342291
      0.03000000      0.00361671
      0.04000000      0.00379773
      0.05000000      0.00396032
      0.06000000      0.00410154
      0.07000000      0.00422083
      0.08000000      0.00431937
      0.09000000      0.00439930
      0.10000000      0.00446317
      0.11000000      0.00451356
      0.12000000      0.00455288
      0.13000000      0.00458327
      0.14000000      0.00460659
      0.15000000      0.00462445
      0.16000000      0.00463818
      0.17000000      0.00464895
      0.18000000      0.00465771
      0.19000000      0.00466527
      0.20000000      0.00467232
      0.21000000      0.00467941
      0.22000000      0.00468703
      0.23000000      0.00469555
      0.24000000      0.00470529
      0.25000000      0.00471651
      0.26000000      0.00472940
      0.27000000      0.00474411
      0.28000000      0.00476074
      0.29000000      0.00477936
      0.30000000      0.00479999
      0.31000000      0.00482265
      0.32000000      0.00484729
      0.33000000      0.00487387
      0.34000000      0.00490231
      0.35000000      0.00493252
      0.36000000      0.00496440
      0.37000000      0.00499783
      0.38000000      0.00503268
      0.39000000      0.00506882
      0.40000000      0.00510906
      0.41000000      0.00514735
      0.42000000      0.00518649
      0.43000000      0.00522631
      0.44000000      0.00526667
      0.45000000      0.00530739
      0.46000000      0.00534834
      0.47000000      0.00538935
      0.48000000      0.00543026
      0.49000000      0.00547093
      0.50000000      0.00551121
      0.51000000      0.00555095
      0.52000000      0.00559001
      0.53000000      0.00562828
      0.54000000      0.00566561
      0.55000000      0.00570189
      0.56000000      0.00573702
      0.57000000      0.00577088
      0.58000000      0.00580338
      0.59000000      0.00583443
      0.60000000      0.00586395
      0.61000000      0.00589188
      0.62000000      0.00591814
      0.63000000      0.00594268
      0.64000000      0.00596546
      0.65000000      0.00598644
      0.66000000      0.00600558
      0.67000000      0.00602287
      0.68000000      0.00603827
      0.69000000      0.00605178
      0.70000000      0.00606337
      0.71000000      0.00607305
      0.72000000      0.00608080
      0.73000000      0.00608662
      0.74000000      0.00609049
      0.75000000      0.00609241
      0.76000000      0.00609238
      0.77000000      0.00609039
      0.78000000      0.00608643
      0.79000000      0.00608050
      0.80000000      0.00607261
      0.81000000      0.00606274
      0.82000000      0.00605089
      0.83000000      0.00603709
      0.84000000      0.00602133
      0.85000000      0.00600361
      0.86000000      0.00598397
      0.87000000      0.00596240
      0.88000000      0.00593893
      0.89000000      0.00591358
      0.90000000      0.00588636
      0.91000000      0.00585730
      0.92000000      0.00582641
      0.93000000      0.00579373
      0.94000000      0.00575928
      0.95000000      0.00572307
      0.96000000      0.00568512
      0.97000000      0.00564546
      0.98000000      0.00560410
      0.99000000      0.00556105
      1.00000000      0.00551729
  
      0.00000000      0.03639893
      0.01000000      0.03618341
      0.02000000      0.03599103
      0.03000000      0.03582697
      0.04000000      0.03569230
      0.05000000      0.03558595
      0.06000000      0.03550543
      0.07000000      0.03544763
      0.08000000      0.03540924
      0.09000000      0.03538712
      0.10000000      0.03537845
      0.11000000      0.03538081
      0.12000000      0.03539215
      0.13000000      0.03541076
      0.14000000      0.03543524
      0.15000000      0.03546441
      0.16000000      0.03549727
      0.17000000      0.03553301
      0.18000000      0.03557091
      0.19000000      0.03561035
      0.20000000      0.03565081
      0.21000000      0.03569182
      0.22000000      0.03573294
      0.23000000      0.03577380
      0.24000000      0.03581406
      0.25000000      0.03585341
      0.26000000      0.03589155
      0.27000000      0.03592823
      0.28000000      0.03596319
      0.29000000      0.03599621
      0.30000000      0.03602706
      0.31000000      0.03605555
      0.32000000      0.03608149
      0.33000000      0.03610472
      0.34000000      0.03612505
      0.35000000      0.03614236
      0.36000000      0.03615652
      0.37000000      0.03616740
      0.38000000      0.03617493
      0.39000000      0.03617902
      0.40000000      0.03618070
      0.41000000      0.03617777
      0.42000000      0.03617134
      0.43000000      0.03616144
      0.44000000      0.03614812
      0.45000000      0.03613146
      0.46000000      0.03611158
      0.47000000      0.03608862
      0.48000000      0.03606273
      0.49000000      0.03603410
      0.50000000      0.03600294
      0.51000000      0.03596945
      0.52000000      0.03593386
      0.53000000      0.03589640
      0.54000000      0.03585730
      0.55000000      0.03581680
      0.56000000      0.03577512
      0.57000000      0.03573247
      0.58000000      0.03568908
      0.59000000      0.03564513
      0.60000000      0.03560082
      0.61000000      0.03555634
      0.62000000      0.03551186
      0.63000000      0.03546753
      0.64000000      0.03542351
      0.65000000      0.03537995
      0.66000000      0.03533699
      0.67000000      0.03529477
      0.68000000      0.03525339
      0.69000000      0.03521300
      0.70000000      0.03517369
      0.71000000      0.03513556
      0.72000000      0.03509873
      0.73000000      0.03506327
      0.74000000      0.03502927
      0.75000000      0.03499680
      0.76000000      0.03496592
      0.77000000      0.03493670
      0.78000000      0.03490918
      0.79000000      0.03488342
      0.80000000      0.03485944
      0.81000000      0.03483727
      0.82000000      0.03481696
      0.83000000      0.03479851
      0.84000000      0.03478195
      0.85000000      0.03476729
      0.86000000      0.03475456
      0.87000000      0.03474375
      0.88000000      0.03473490
      0.89000000      0.03472799
      0.90000000      0.03472305
      0.91000000      0.03472009
      0.92000000      0.03471911
      0.93000000      0.03472011
      0.94000000      0.03472311
      0.95000000      0.03472811
      0.96000000      0.03473510
      0.97000000      0.03474409
      0.98000000      0.03475507
      0.99000000      0.03476804
      1.00000000      0.03478242
  
      0.00000000      0.03640115
      0.01000000      0.03663371
      0.02000000      0.03687547
      0.03000000      0.03711435
      0.04000000      0.03734025
      0.05000000      0.03754539
      0.06000000      0.03772522
      0.07000000      0.03787825
      0.08000000      0.03800525
      0.09000000      0.03810834
      0.10000000      0.03819026
      0.11000000      0.03825383
      0.12000000      0.03830171
      0.13000000      0.03833625
      0.14000000      0.03835948
      0.15000000      0.03837313
      0.16000000      0.03837861
      0.17000000      0.03837713
      0.18000000      0.03836968
      0.19000000      0.03835708
      0.20000000      0.03834002
      0.21000000      0.03831908
      0.22000000      0.03829474
      0.23000000      0.03826740
      0.24000000      0.03823742
      0.25000000      0.03820507
      0.26000000      0.03817061
      0.27000000      0.03813425
      0.28000000      0.03809619
      0.29000000      0.03805657
      0.30000000      0.03801555
      0.31000000      0.03797325
      0.32000000      0.03792978
      0.33000000      0.03788526
      0.34000000      0.03783978
      0.35000000      0.03779344
      0.36000000      0.03774634
      0.37000000      0.03769855
      0.38000000      0.03765017
      0.39000000      0.03760127
      0.40000000      0.03755159
      0.41000000      0.03750191
      0.42000000      0.03745193
      0.43000000      0.03740171
      0.44000000      0.03735128
      0.45000000      0.03730068
      0.46000000      0.03724994
      0.47000000      0.03719906
      0.48000000      0.03714805
      0.49000000      0.03709690
      0.50000000      0.03704558
      0.51000000      0.03699407
      0.52000000      0.03694235
      0.53000000      0.03689037
      0.54000000      0.03683812
      0.55000000      0.03678556
      0.56000000      0.03673268
      0.57000000      0.03667946
      0.58000000      0.03662591
      0.59000000      0.03657201
      0.60000000      0.03651779
      0.61000000      0.03646326
      0.62000000      0.03640847
      0.63000000      0.03635344
      0.64000000      0.03629823
      0.65000000      0.03624289
      0.66000000      0.03618748
      0.67000000      0.03613207
      0.68000000      0.03607674
      0.69000000      0.03602157
      0.70000000      0.03596662
      0.71000000      0.03591200
      0.72000000      0.03585777
      0.73000000      0.03580404
      0.74000000      0.03575086
      0.75000000      0.03569834
      0.76000000      0.03564655
      0.77000000      0.03559556
      0.78000000      0.03554544
      0.79000000      0.03549628
      0.80000000      0.03544813
      0.81000000      0.03540106
      0.82000000      0.03535513
      0.83000000      0.03531040
      0.84000000      0.03526692
      0.85000000      0.03522475
      0.86000000      0.03518394
      0.87000000      0.03514455
      0.88000000      0.03510662
      0.89000000      0.03507021
      0.90000000      0.03503536
      0.91000000      0.03500213
      0.92000000      0.03497056
      0.93000000      0.03494069
      0.94000000      0.03491257
      0.95000000      0.03488624
      0.96000000      0.03486174
      0.97000000      0.03483910
      0.98000000      0.03481834
      0.99000000      0.03479950
      1.00000000      0.03478317
  
      0.00000000      0.06495970
      0.01000000      0.06472983
      0.02000000      0.06446109
      0.03000000      0.06416889
      0.04000000      0.06386601
      0.05000000      0.06356455
      0.06000000      0.06327478
      0.07000000      0.06300450
      0.08000000      0.06275876
      0.09000000      0.06254017
      0.10000000      0.06234942
      0.11000000      0.06218586
      0.12000000      0.06204800
      0.13000000      0.06193394
      0.14000000      0.06184157
      0.15000000      0.06176882
      0.16000000      0.06171370
      0.17000000      0.06167433
      0.18000000      0.06164904
      0.19000000      0.06163628
      0.20000000      0.06163467
      0.21000000      0.06164296
      0.22000000      0.06166004
      0.23000000      0.06168492
      0.24000000      0.06171669
      0.25000000      0.06175455
      0.26000000      0.06179778
      0.27000000      0.06184570
      0.28000000      0.06189775
      0.29000000      0.06195336
      0.30000000      0.06201207
      0.31000000      0.06207343
      0.32000000      0.06213702
      0.33000000      0.06220250
      0.34000000      0.06226952
      0.35000000      0.06233778
      0.36000000      0.06240699
      0.37000000      0.06247692
      0.38000000      0.06254732
      0.39000000      0.06261799
      0.40000000      0.06268963
      0.41000000      0.06276017
      0.42000000      0.06283046
      0.43000000      0.06290034
      0.44000000      0.06296968
      0.45000000      0.06303836
      0.46000000      0.06310626
      0.47000000      0.06317327
      0.48000000      0.06323931
      0.49000000      0.06330427
      0.50000000      0.06336809
      0.51000000      0.06343069
      0.52000000      0.06349200
      0.53000000      0.06355197
      0.54000000      0.06361055
      0.55000000      0.06366768
      0.56000000      0.06372335
      0.57000000      0.06377751
      0.58000000      0.06383014
      0.59000000      0.06388124
      0.60000000      0.06393079
      0.61000000      0.06397879
      0.62000000      0.06402524
      0.63000000      0.06407017
      0.64000000      0.06411358
      0.65000000      0.06415550
      0.66000000      0.06419595
      0.67000000      0.06423496
      0.68000000      0.06427257
      0.69000000      0.06430880
      0.70000000      0.06434369
      0.71000000      0.06437728
      0.72000000      0.06440960
      0.73000000      0.06444070
      0.74000000      0.06447059
      0.75000000      0.06449934
      0.76000000      0.06452696
      0.77000000      0.06455351
      0.78000000      0.06457901
      0.79000000      0.06460350
      0.80000000      0.06462702
      0.81000000      0.06464961
      0.82000000      0.06467131
      0.83000000      0.06469214
      0.84000000      0.06471216
      0.85000000      0.06473139
      0.86000000      0.06474986
      0.87000000      0.06476762
      0.88000000      0.06478469
      0.89000000      0.06480111
      0.90000000      0.06481690
      0.91000000      0.06483208
      0.92000000      0.06484669
      0.93000000      0.06486075
      0.94000000      0.06487427
      0.95000000      0.06488727
      0.96000000      0.06489977
      0.97000000      0.06491177
      0.98000000      0.06492329
      0.99000000      0.06493432
      1.00000000      0.06494440
  
      0.00000000      0.06496353
      0.01000000      0.06514660
      0.02000000      0.06527951
      0.03000000      0.06535691
      0.04000000      0.06538179
      0.05000000      0.06536158
      0.06000000      0.06530611
      0.07000000      0.06522552
      0.08000000      0.06512877
      0.09000000      0.06502306
      0.10000000      0.06491376
      0.11000000      0.06480470
      0.12000000      0.06469854
      0.13000000      0.06459707
      0.14000000      0.06450147
      0.15000000      0.06441247
      0.16000000      0.06433050
      0.17000000      0.06425580
      0.18000000      0.06418843
      0.19000000      0.06412838
      0.20000000      0.06407554
      0.21000000      0.06402977
      0.22000000      0.06399086
      0.23000000      0.06395859
      0.24000000      0.06393272
      0.25000000      0.06391298
      0.26000000      0.06389909
      0.27000000      0.06389075
      0.28000000      0.06388765
      0.29000000      0.06388949
      0.30000000      0.06389594
      0.31000000      0.06390666
      0.32000000      0.06392134
      0.33000000      0.06393963
      0.34000000      0.06396119
      0.35000000      0.06398570
      0.36000000      0.06401282
      0.37000000      0.06404223
      0.38000000      0.06407361
      0.39000000      0.06410666
      0.40000000      0.06414095
      0.41000000      0.06417643
      0.42000000      0.06421274
      0.43000000      0.06424962
      0.44000000      0.06428683
      0.45000000      0.06432418
      0.46000000      0.06436145
      0.47000000      0.06439846
      0.48000000      0.06443505
      0.49000000      0.06447108
      0.50000000      0.06450641
      0.51000000      0.06454093
      0.52000000      0.06457453
      0.53000000      0.06460713
      0.54000000      0.06463865
      0.55000000      0.06466903
      0.56000000      0.06469822
      0.57000000      0.06472617
      0.58000000      0.06475287
      0.59000000      0.06477828
      0.60000000      0.06480240
      0.61000000      0.06482522
      0.62000000      0.06484676
      0.63000000      0.06486701
      0.64000000      0.06488599
      0.65000000      0.06490372
      0.66000000      0.06492023
      0.67000000      0.06493554
      0.68000000      0.06494969
      0.69000000      0.06496269
      0.70000000      0.06497457
      0.71000000      0.06498538
      0.72000000      0.06499515
      0.73000000      0.06500389
      0.74000000      0.06501165
      0.75000000      0.06501845
      0.76000000      0.06502431
      0.77000000      0.06502928
      0.78000000      0.06503337
      0.79000000      0.06503661
      0.80000000      0.06503901
      0.81000000      0.06504061
      0.82000000      0.06504143
      0.83000000      0.06504149
      0.84000000      0.06504080
      0.85000000      0.06503939
      0.86000000      0.06503729
      0.87000000      0.06503450
      0.88000000      0.06503105
      0.89000000      0.06502695
      0.90000000      0.06502224
      0.91000000      0.06501692
      0.92000000      0.06501101
      0.93000000      0.06500454
      0.94000000      0.06499751
      0.95000000      0.06498995
      0.96000000      0.06498187
      0.97000000      0.06497327
      0.98000000      0.06496417
      0.99000000      0.06495458
      1.00000000      0.06494498
  
      0.00000000      0.15754856
      0.01000000      0.15582621
      0.02000000      0.15401877
      0.03000000      0.15228446
      0.04000000      0.15071433
      0.05000000      0.14935059
      0.06000000      0.14820256
      0.07000000      0.14726045
      0.08000000      0.14650479
      0.09000000      0.14591188
      0.10000000      0.14545672
      0.11000000      0.14511435
      0.12000000      0.14486072
      0.13000000      0.14467349
      0.14000000      0.14453349
      0.15000000      0.14442640
      0.16000000      0.14434421
      0.17000000      0.14428499
      0.18000000      0.14425093
      0.19000000      0.14424578
      0.20000000      0.14427290
      0.21000000      0.14433442
      0.22000000      0.14443104
      0.23000000      0.14456229
      0.24000000      0.14472687
      0.25000000      0.14492287
      0.26000000      0.14514802
      0.27000000      0.14539982
      0.28000000      0.14567563
      0.29000000      0.14597277
      0.30000000      0.14628852
      0.31000000      0.14662015
      0.32000000      0.14696499
      0.33000000      0.14732034
      0.34000000      0.14768360
      0.35000000      0.14805218
      0.36000000      0.14842354
      0.37000000      0.14879524
      0.38000000      0.14916487
      0.39000000      0.14953012
      0.40000000      0.14989355
      0.41000000      0.15024268
      0.42000000      0.15058116
      0.43000000      0.15090713
      0.44000000      0.15121890
      0.45000000      0.15151492
      0.46000000      0.15179382
      0.47000000      0.15205442
      0.48000000      0.15229572
      0.49000000      0.15251692
      0.50000000      0.15271743
      0.51000000      0.15289685
      0.52000000      0.15305499
      0.53000000      0.15319185
      0.54000000      0.15330760
      0.55000000      0.15340260
      0.56000000      0.15347736
      0.57000000      0.15353253
      0.58000000      0.15356890
      0.59000000      0.15358736
      0.60000000      0.15358889
      0.61000000      0.15357456
      0.62000000      0.15354550
      0.63000000      0.15350289
      0.64000000      0.15344794
      0.65000000      0.15338189
      0.66000000      0.15330599
      0.67000000      0.15322149
      0.68000000      0.15312963
      0.69000000      0.15303165
      0.70000000      0.15292875
      0.71000000      0.15282212
      0.72000000      0.15271288
      0.73000000      0.15260215
      0.74000000      0.15249098
      0.75000000      0.15238037
      0.76000000      0.15227129
      0.77000000      0.15216464
      0.78000000      0.15206128
      0.79000000      0.15196201
      0.80000000      0.15186758
      0.81000000      0.15177868
      0.82000000      0.15169598
      0.83000000      0.15162009
      0.84000000      0.15155158
      0.85000000      0.15149098
      0.86000000      0.15143877
      0.87000000      0.15139543
      0.88000000      0.15136138
      0.89000000      0.15133702
      0.90000000      0.15132272
      0.91000000      0.15131881
      0.92000000      0.15132562
      0.93000000      0.15134345
      0.94000000      0.15137255
      0.95000000      0.15141318
      0.96000000      0.15146556
      0.97000000      0.15152990
      0.98000000      0.15160640
      0.99000000      0.15169523
      1.00000000      0.15179510
  
      0.00000000      0.15756005
      0.01000000      0.15899734
      0.02000000      0.15994697
      0.03000000      0.16024873
      0.04000000      0.15987791
      0.05000000      0.15894819
      0.06000000      0.15765511
      0.07000000      0.15619944
      0.08000000      0.15473854
      0.09000000      0.15337469
      0.10000000      0.15216481
      0.11000000      0.15113554
      0.12000000      0.15029598
      0.13000000      0.14964581
      0.14000000      0.14917926
      0.15000000      0.14888616
      0.16000000      0.14875192
      0.17000000      0.14875819
      0.18000000      0.14888490
      0.19000000      0.14911261
      0.20000000      0.14942426
      0.21000000      0.14980574
      0.22000000      0.15024577
      0.23000000      0.15073545
      0.24000000      0.15126770
      0.25000000      0.15183681
      0.26000000      0.15243809
      0.27000000      0.15306754
      0.28000000      0.15372165
      0.29000000      0.15439722
      0.30000000      0.15509124
      0.31000000      0.15580075
      0.32000000      0.15652280
      0.33000000      0.15725431
      0.34000000      0.15799208
      0.35000000      0.15873268
      0.36000000      0.15947243
      0.37000000      0.16020737
      0.38000000      0.16093321
      0.39000000      0.16164531
      0.40000000      0.16234431
      0.41000000      0.16301307
      0.42000000      0.16365220
      0.43000000      0.16425587
      0.44000000      0.16481814
      0.45000000      0.16533307
      0.46000000      0.16579495
      0.47000000      0.16619848
      0.48000000      0.16653905
      0.49000000      0.16681294
      0.50000000      0.16701759
      0.51000000      0.16715174
      0.52000000      0.16721552
      0.53000000      0.16721043
      0.54000000      0.16713925
      0.55000000      0.16700583
      0.56000000      0.16681489
      0.57000000      0.16657172
      0.58000000      0.16628195
      0.59000000      0.16595131
      0.60000000      0.16558544
      0.61000000      0.16518976
      0.62000000      0.16476937
      0.63000000      0.16432901
      0.64000000      0.16387297
      0.65000000      0.16340517
      0.66000000      0.16292911
      0.67000000      0.16244793
      0.68000000      0.16196439
      0.69000000      0.16148097
      0.70000000      0.16099983
      0.71000000      0.16052287
      0.72000000      0.16005176
      0.73000000      0.15958794
      0.74000000      0.15913268
      0.75000000      0.15868705
      0.76000000      0.15825199
      0.77000000      0.15782828
      0.78000000      0.15741657
      0.79000000      0.15701740
      0.80000000      0.15663122
      0.81000000      0.15625836
      0.82000000      0.15589911
      0.83000000      0.15555365
      0.84000000      0.15522212
      0.85000000      0.15490461
      0.86000000      0.15460116
      0.87000000      0.15431177
      0.88000000      0.15403642
      0.89000000      0.15377506
      0.90000000      0.15352762
      0.91000000      0.15329403
      0.92000000      0.15307418
      0.93000000      0.15286797
      0.94000000      0.15267529
      0.95000000      0.15249604
      0.96000000      0.15233009
      0.97000000      0.15217732
      0.98000000      0.15203762
      0.99000000      0.15191084
      1.00000000      0.15179831
  
      0.00000000      0.22779831
      0.01000000      0.22544412
      0.02000000      0.22339546
      0.03000000      0.22184591
      0.04000000      0.22086745
      0.05000000      0.22041908
      0.06000000      0.22037804
      0.07000000      0.22059692
      0.08000000      0.22094642
      0.09000000      0.22133154
      0.10000000      0.22169022
      0.11000000      0.22198563
      0.12000000      0.22219820
      0.13000000      0.22231943
      0.14000000      0.22234756
      0.15000000      0.22228475
      0.16000000      0.22213531
      0.17000000      0.22190453
      0.18000000      0.22159811
      0.19000000      0.22122170
      0.20000000      0.22078077
      0.21000000      0.22028053
      0.22000000      0.21972594
      0.23000000      0.21912175
      0.24000000      0.21847259
      0.25000000      0.21778300
      0.26000000      0.21705754
      0.27000000      0.21630079
      0.28000000      0.21551739
      0.29000000      0.21471203
      0.30000000      0.21388947
      0.31000000      0.21305450
      0.32000000      0.21221193
      0.33000000      0.21136661
      0.34000000      0.21052342
      0.35000000      0.20968726
      0.36000000      0.20886313
      0.37000000      0.20805609
      0.38000000      0.20727134
      0.39000000      0.20651423
      0.40000000      0.20576335
      0.41000000      0.20507947
      0.42000000      0.20444029
      0.43000000      0.20385171
      0.44000000      0.20331967
      0.45000000      0.20284999
      0.46000000      0.20244817
      0.47000000      0.20211924
      0.48000000      0.20186747
      0.49000000      0.20169615
      0.50000000      0.20160738
      0.51000000      0.20160192
      0.52000000      0.20167908
      0.53000000      0.20183677
      0.54000000      0.20207156
      0.55000000      0.20237892
      0.56000000      0.20275346
      0.57000000      0.20318914
      0.58000000      0.20367962
      0.59000000      0.20421842
      0.60000000      0.20479916
      0.61000000      0.20541567
      0.62000000      0.20606214
      0.63000000      0.20673315
      0.64000000      0.20742370
      0.65000000      0.20812923
      0.66000000      0.20884560
      0.67000000      0.20956907
      0.68000000      0.21029628
      0.69000000      0.21102418
      0.70000000      0.21175004
      0.71000000      0.21247139
      0.72000000      0.21318600
      0.73000000      0.21389184
      0.74000000      0.21458708
      0.75000000      0.21527005
      0.76000000      0.21593925
      0.77000000      0.21659331
      0.78000000      0.21723100
      0.79000000      0.21785122
      0.80000000      0.21845300
      0.81000000      0.21903547
      0.82000000      0.21959789
      0.83000000      0.22013964
      0.84000000      0.22066017
      0.85000000      0.22115908
      0.86000000      0.22163603
      0.87000000      0.22209076
      0.88000000      0.22252313
      0.89000000      0.22293302
      0.90000000      0.22332040
      0.91000000      0.22368529
      0.92000000      0.22402775
      0.93000000      0.22434787
      0.94000000      0.22464580
      0.95000000      0.22492166
      0.96000000      0.22517565
      0.97000000      0.22540795
      0.98000000      0.22561876
      0.99000000      0.22580828
      1.00000000      0.22597659
  
      0.00000000      0.22785379
      0.01000000      0.23035987
      0.02000000      0.23288277
      0.03000000      0.23525299
      0.04000000      0.23736836
      0.05000000      0.23915868
      0.06000000      0.24058632
      0.07000000      0.24164459
      0.08000000      0.24235142
      0.09000000      0.24274050
      0.10000000      0.24285286
      0.11000000      0.24273086
      0.12000000      0.24241458
      0.13000000      0.24194017
      0.14000000      0.24133925
      0.15000000      0.24063911
      0.16000000      0.23986301
      0.17000000      0.23903077
      0.18000000      0.23815917
      0.19000000      0.23726241
      0.20000000      0.23635248
      0.21000000      0.23543942
      0.22000000      0.23453159
      0.23000000      0.23363583
      0.24000000      0.23275766
      0.25000000      0.23190144
      0.26000000      0.23107043
      0.27000000      0.23026705
      0.28000000      0.22949293
      0.29000000      0.22874908
      0.30000000      0.22803606
      0.31000000      0.22735406
      0.32000000      0.22670306
      0.33000000      0.22608291
      0.34000000      0.22549339
      0.35000000      0.22493432
      0.36000000      0.22440555
      0.37000000      0.22390700
      0.38000000      0.22343869
      0.39000000      0.22300071
      0.40000000      0.22259184
      0.41000000      0.22221546
      0.42000000      0.22186999
      0.43000000      0.22155566
      0.44000000      0.22127270
      0.45000000      0.22102126
      0.46000000      0.22080145
      0.47000000      0.22061325
      0.48000000      0.22045652
      0.49000000      0.22033099
      0.50000000      0.22023623
      0.51000000      0.22017168
      0.52000000      0.22013658
      0.53000000      0.22013005
      0.54000000      0.22015103
      0.55000000      0.22019835
      0.56000000      0.22027068
      0.57000000      0.22036661
      0.58000000      0.22048461
      0.59000000      0.22062310
      0.60000000      0.22078043
      0.61000000      0.22095491
      0.62000000      0.22114483
      0.63000000      0.22134848
      0.64000000      0.22156413
      0.65000000      0.22179009
      0.66000000      0.22202467
      0.67000000      0.22226621
      0.68000000      0.22251309
      0.69000000      0.22276372
      0.70000000      0.22301653
      0.71000000      0.22327001
      0.72000000      0.22352269
      0.73000000      0.22377311
      0.74000000      0.22401989
      0.75000000      0.22426169
      0.76000000      0.22449720
      0.77000000      0.22472518
      0.78000000      0.22494446
      0.79000000      0.22515391
      0.80000000      0.22535248
      0.81000000      0.22553917
      0.82000000      0.22571308
      0.83000000      0.22587334
      0.84000000      0.22601919
      0.85000000      0.22614993
      0.86000000      0.22626490
      0.87000000      0.22636354
      0.88000000      0.22644533
      0.89000000      0.22650980
      0.90000000      0.22655654
      0.91000000      0.22658517
      0.92000000      0.22659533
      0.93000000      0.22658672
      0.94000000      0.22655903
      0.95000000      0.22651199
      0.96000000      0.22644534
      0.97000000      0.22635881
      0.98000000      0.22625215
      0.99000000      0.22612513
      1.00000000      0.22597767
  
      0.00000000      0.35551063
      0.01000000      0.35371400
      0.02000000      0.35193457
      0.03000000      0.35022703
      0.04000000      0.34863484
      0.05000000      0.34718829
      0.06000000      0.34590257
      0.07000000      0.34477982
      0.08000000      0.34381331
      0.09000000      0.34299139
      0.10000000      0.34230040
      0.11000000      0.34172638
      0.12000000      0.34125595
      0.13000000      0.34087664
      0.14000000      0.34057700
      0.15000000      0.34034659
      0.16000000      0.34017591
      0.17000000      0.34005636
      0.18000000      0.33998017
      0.19000000      0.33994033
      0.20000000      0.33993054
      0.21000000      0.33994521
      0.22000000      0.33997931
      0.23000000      0.34002841
      0.24000000      0.34008859
      0.25000000      0.34015641
      0.26000000      0.34022885
      0.27000000      0.34030328
      0.28000000      0.34037742
      0.29000000      0.34044931
      0.30000000      0.34051729
      0.31000000      0.34057994
      0.32000000      0.34063608
      0.33000000      0.34068476
      0.34000000      0.34072521
      0.35000000      0.34075682
      0.36000000      0.34077918
      0.37000000      0.34079198
      0.38000000      0.34079508
      0.39000000      0.34078842
      0.40000000      0.34077282
      0.41000000      0.34074689
      0.42000000      0.34071166
      0.43000000      0.34066743
      0.44000000      0.34061457
      0.45000000      0.34055351
      0.46000000      0.34048471
      0.47000000      0.34040867
      0.48000000      0.34032592
      0.49000000      0.34023701
      0.50000000      0.34014251
      0.51000000      0.34004299
      0.52000000      0.33993906
      0.53000000      0.33983129
      0.54000000      0.33972027
      0.55000000      0.33960660
      0.56000000      0.33949087
      0.57000000      0.33937366
      0.58000000      0.33925556
      0.59000000      0.33913712
      0.60000000      0.33901894
      0.61000000      0.33890156
      0.62000000      0.33878553
      0.63000000      0.33867141
      0.64000000      0.33855971
      0.65000000      0.33845097
      0.66000000      0.33834568
      0.67000000      0.33824433
      0.68000000      0.33814742
      0.69000000      0.33805539
      0.70000000      0.33796871
      0.71000000      0.33788778
      0.72000000      0.33781303
      0.73000000      0.33774485
      0.74000000      0.33768361
      0.75000000      0.33762969
      0.76000000      0.33758342
      0.77000000      0.33754515
      0.78000000      0.33751519
      0.79000000      0.33749386
      0.80000000      0.33748146
      0.81000000      0.33747829
      0.82000000      0.33748463
      0.83000000      0.33750076
      0.84000000      0.33752695
      0.85000000      0.33756346
      0.86000000      0.33761052
      0.87000000      0.33766838
      0.88000000      0.33773726
      0.89000000      0.33781737
      0.90000000      0.33790889
      0.91000000      0.33801200
      0.92000000      0.33812686
      0.93000000      0.33825361
      0.94000000      0.33839235
      0.95000000      0.33854318
      0.96000000      0.33870618
      0.97000000      0.33888137
      0.98000000      0.33906880
      0.99000000      0.33926845
      1.00000000      0.33947902
  
      0.00000000      0.35551962
      0.01000000      0.35728729
      0.02000000      0.35899274
      0.03000000      0.36060248
      0.04000000      0.36209866
      0.05000000      0.36347252
      0.06000000      0.36472192
      0.07000000      0.36584915
      0.08000000      0.36685912
      0.09000000      0.36775811
      0.10000000      0.36855297
      0.11000000      0.36925060
      0.12000000      0.36985771
      0.13000000      0.37038064
      0.14000000      0.37082538
      0.15000000      0.37119746
      0.16000000      0.37150208
      0.17000000      0.37174400
      0.18000000      0.37192768
      0.19000000      0.37205722
      0.20000000      0.37213641
      0.21000000      0.37216876
      0.22000000      0.37215750
      0.23000000      0.37210560
      0.24000000      0.37201580
      0.25000000      0.37189060
      0.26000000      0.37173231
      0.27000000      0.37154304
      0.28000000      0.37132473
      0.29000000      0.37107913
      0.30000000      0.37080790
      0.31000000      0.37051255
      0.32000000      0.37019448
      0.33000000      0.36985502
      0.34000000      0.36949541
      0.35000000      0.36911686
      0.36000000      0.36872051
      0.37000000      0.36830746
      0.38000000      0.36787878
      0.39000000      0.36743553
      0.40000000      0.36697749
      0.41000000      0.36650830
      0.42000000      0.36602750
      0.43000000      0.36553601
      0.44000000      0.36503477
      0.45000000      0.36452466
      0.46000000      0.36400653
      0.47000000      0.36348122
      0.48000000      0.36294953
      0.49000000      0.36241223
      0.50000000      0.36187005
      0.51000000      0.36132371
      0.52000000      0.36077388
      0.53000000      0.36022121
      0.54000000      0.35966632
      0.55000000      0.35910980
      0.56000000      0.35855223
      0.57000000      0.35799415
      0.58000000      0.35743611
      0.59000000      0.35687861
      0.60000000      0.35632217
      0.61000000      0.35576728
      0.62000000      0.35521443
      0.63000000      0.35466412
      0.64000000      0.35411681
      0.65000000      0.35357298
      0.66000000      0.35303311
      0.67000000      0.35249765
      0.68000000      0.35196706
      0.69000000      0.35144180
      0.70000000      0.35092231
      0.71000000      0.35040899
      0.72000000      0.34990227
      0.73000000      0.34940252
      0.74000000      0.34891012
      0.75000000      0.34842540
      0.76000000      0.34794870
      0.77000000      0.34748031
      0.78000000      0.34702051
      0.79000000      0.34656956
      0.80000000      0.34612771
      0.81000000      0.34569518
      0.82000000      0.34527219
      0.83000000      0.34485892
      0.84000000      0.34445557
      0.85000000      0.34406231
      0.86000000      0.34367932
      0.87000000      0.34330676
      0.88000000      0.34294478
      0.89000000      0.34259355
      0.90000000      0.34225321
      0.91000000      0.34192392
      0.92000000      0.34160582
      0.93000000      0.34129905
      0.94000000      0.34100376
      0.95000000      0.34072007
      0.96000000      0.34044810
      0.97000000      0.34018798
      0.98000000      0.33993980
      0.99000000      0.33970365
      1.00000000      0.33948090
  
      0.00000000      0.63131193
      0.01000000      0.62752164
      0.02000000      0.62408673
      0.03000000      0.62116996
      0.04000000      0.61883139
      0.05000000      0.61705928
      0.06000000      0.61579378
      0.07000000      0.61495371
      0.08000000      0.61445674
      0.09000000      0.61423038
      0.10000000      0.61421545
      0.11000000      0.61436552
      0.12000000      0.61464474
      0.13000000      0.61502539
      0.14000000      0.61548579
      0.15000000      0.61600870
      0.16000000      0.61658007
      0.17000000      0.61718818
      0.18000000      0.61782302
      0.19000000      0.61847586
      0.20000000      0.61913884
      0.21000000      0.61980473
      0.22000000      0.62046662
      0.23000000      0.62111769
      0.24000000      0.62175087
      0.25000000      0.62235846
      0.26000000      0.62293164
      0.27000000      0.62345993
      0.28000000      0.62393059
      0.29000000      0.62432835
      0.30000000      0.62463608
      0.31000000      0.62483745
      0.32000000      0.62492196
      0.33000000      0.62489033
      0.34000000      0.62475628
      0.35000000      0.62454252
      0.36000000      0.62427403
      0.37000000      0.62397307
      0.38000000      0.62365715
      0.39000000      0.62333912
      0.40000000      0.62301199
      0.41000000      0.62271450
      0.42000000      0.62243435
      0.43000000      0.62217434
      0.44000000      0.62193629
      0.45000000      0.62172127
      0.46000000      0.62152986
      0.47000000      0.62136226
      0.48000000      0.62121841
      0.49000000      0.62109802
      0.50000000      0.62100063
      0.51000000      0.62092566
      0.52000000      0.62087243
      0.53000000      0.62084016
      0.54000000      0.62082800
      0.55000000      0.62083506
      0.56000000      0.62086041
      0.57000000      0.62090310
      0.58000000      0.62096218
      0.59000000      0.62103670
      0.60000000      0.62112572
      0.61000000      0.62122837
      0.62000000      0.62134379
      0.63000000      0.62147117
      0.64000000      0.62160975
      0.65000000      0.62175883
      0.66000000      0.62191774
      0.67000000      0.62208585
      0.68000000      0.62226260
      0.69000000      0.62244741
      0.70000000      0.62263977
      0.71000000      0.62283915
      0.72000000      0.62304507
      0.73000000      0.62325702
      0.74000000      0.62347452
      0.75000000      0.62369710
      0.76000000      0.62392426
      0.77000000      0.62415555
      0.78000000      0.62439049
      0.79000000      0.62462864
      0.80000000      0.62486957
      0.81000000      0.62511286
      0.82000000      0.62535813
      0.83000000      0.62560503
      0.84000000      0.62585322
      0.85000000      0.62610242
      0.86000000      0.62635236
      0.87000000      0.62660281
      0.88000000      0.62685357
      0.89000000      0.62710446
      0.90000000      0.62735533
      0.91000000      0.62760605
      0.92000000      0.62785647
      0.93000000      0.62810651
      0.94000000      0.62835604
      0.95000000      0.62860495
      0.96000000      0.62885315
      0.97000000      0.62910052
      0.98000000      0.62934695
      0.99000000      0.62959230
      1.00000000      0.62983380
  
      0.00000000      0.63135100
      0.01000000      0.63529480
      0.02000000      0.63918524
      0.03000000      0.64276369
      0.04000000      0.64584187
      0.05000000      0.64830647
      0.06000000      0.65012290
      0.07000000      0.65131961
      0.08000000      0.65196413
      0.09000000      0.65214107
      0.10000000      0.65193682
      0.11000000      0.65143102
      0.12000000      0.65069295
      0.13000000      0.64978083
      0.14000000      0.64874259
      0.15000000      0.64761718
      0.16000000      0.64643602
      0.17000000      0.64522437
      0.18000000      0.64400248
      0.19000000      0.64278665
      0.20000000      0.64159004
      0.21000000      0.64042343
      0.22000000      0.63929584
      0.23000000      0.63821513
      0.24000000      0.63718855
      0.25000000      0.63622337
      0.26000000      0.63532748
      0.27000000      0.63451011
      0.28000000      0.63378252
      0.29000000      0.63315833
      0.30000000      0.63265291
      0.31000000      0.63228076
      0.32000000      0.63205056
      0.33000000      0.63195973
      0.34000000      0.63199274
      0.35000000      0.63212508
      0.36000000      0.63233004
      0.37000000      0.63258368
      0.38000000      0.63286692
      0.39000000      0.63316543
      0.40000000      0.63344092
      0.41000000      0.63374249
      0.42000000      0.63403606
      0.43000000      0.63431783
      0.44000000      0.63458513
      0.45000000      0.63483612
      0.46000000      0.63506956
      0.47000000      0.63528469
      0.48000000      0.63548111
      0.49000000      0.63565867
      0.50000000      0.63581741
      0.51000000      0.63595754
      0.52000000      0.63607938
      0.53000000      0.63618332
      0.54000000      0.63626982
      0.55000000      0.63633936
      0.56000000      0.63639246
      0.57000000      0.63642966
      0.58000000      0.63645152
      0.59000000      0.63645860
      0.60000000      0.63645146
      0.61000000      0.63643071
      0.62000000      0.63639693
      0.63000000      0.63635072
      0.64000000      0.63629269
      0.65000000      0.63622346
      0.66000000      0.63614362
      0.67000000      0.63605378
      0.68000000      0.63595453
      0.69000000      0.63584643
      0.70000000      0.63573002
      0.71000000      0.63560580
      0.72000000      0.63547425
      0.73000000      0.63533579
      0.74000000      0.63519080
      0.75000000      0.63503963
      0.76000000      0.63488258
      0.77000000      0.63471990
      0.78000000      0.63455182
      0.79000000      0.63437855
      0.80000000      0.63420026
      0.81000000      0.63401712
      0.82000000      0.63382927
      0.83000000      0.63363686
      0.84000000      0.63344005
      0.85000000      0.63323898
      0.86000000      0.63303381
      0.87000000      0.63282470
      0.88000000      0.63261184
      0.89000000      0.63239540
      0.90000000      0.63217557
      0.91000000      0.63195256
      0.92000000      0.63172656
      0.93000000      0.63149777
      0.94000000      0.63126640
      0.95000000      0.63103265
      0.96000000      0.63079671
      0.97000000      0.63055877
      0.98000000      0.63031901
      0.99000000      0.63007760
      1.00000000      0.62983737
  
      0.00000000      0.94274049
      0.01000000      0.94258199
      0.02000000      0.94238547
      0.03000000      0.94216348
      0.04000000      0.94192605
      0.05000000      0.94168258
      0.06000000      0.94144110
      0.07000000      0.94120783
      0.08000000      0.94098712
      0.09000000      0.94078166
      0.10000000      0.94059281
      0.11000000      0.94042103
      0.12000000      0.94026619
      0.13000000      0.94012786
      0.14000000      0.94000542
      0.15000000      0.93989821
      0.16000000      0.93980552
      0.17000000      0.93972667
      0.18000000      0.93966100
      0.19000000      0.93960784
      0.20000000      0.93956656
      0.21000000      0.93953656
      0.22000000      0.93951724
      0.23000000      0.93950800
      0.24000000      0.93950828
      0.25000000      0.93951753
      0.26000000      0.93953521
      0.27000000      0.93956080
      0.28000000      0.93959378
      0.29000000      0.93963368
      0.30000000      0.93968002
      0.31000000      0.93973235
      0.32000000      0.93979022
      0.33000000      0.93985323
      0.34000000      0.93992096
      0.35000000      0.93999305
      0.36000000      0.94006910
      0.37000000      0.94014878
      0.38000000      0.94023174
      0.39000000      0.94031767
      0.40000000      0.94040662
      0.41000000      0.94049746
      0.42000000      0.94059036
      0.43000000      0.94068505
      0.44000000      0.94078125
      0.45000000      0.94087871
      0.46000000      0.94097716
      0.47000000      0.94107636
      0.48000000      0.94117608
      0.49000000      0.94127607
      0.50000000      0.94137613
      0.51000000      0.94147604
      0.52000000      0.94157561
      0.53000000      0.94167464
      0.54000000      0.94177298
      0.55000000      0.94187047
      0.56000000      0.94196695
      0.57000000      0.94206231
      0.58000000      0.94215643
      0.59000000      0.94224922
      0.60000000      0.94234058
      0.61000000      0.94243045
      0.62000000      0.94251876
      0.63000000      0.94260548
      0.64000000      0.94269056
      0.65000000      0.94277397
      0.66000000      0.94285570
      0.67000000      0.94293572
      0.68000000      0.94301404
      0.69000000      0.94309064
      0.70000000      0.94316552
      0.71000000      0.94323868
      0.72000000      0.94331012
      0.73000000      0.94337985
      0.74000000      0.94344786
      0.75000000      0.94351416
      0.76000000      0.94357875
      0.77000000      0.94364162
      0.78000000      0.94370279
      0.79000000      0.94376224
      0.80000000      0.94381999
      0.81000000      0.94387603
      0.82000000      0.94393038
      0.83000000      0.94398303
      0.84000000      0.94403401
      0.85000000      0.94408331
      0.86000000      0.94413095
      0.87000000      0.94417696
      0.88000000      0.94422135
      0.89000000      0.94426414
      0.90000000      0.94430535
      0.91000000      0.94434500
      0.92000000      0.94438313
      0.93000000      0.94441974
      0.94000000      0.94445486
      0.95000000      0.94448851
      0.96000000      0.94452070
      0.97000000      0.94455145
      0.98000000      0.94458076
      0.99000000      0.94460864
      1.00000000      0.94463455
  
      0.00000000      0.94274363
      0.01000000      0.94285876
      0.02000000      0.94293019
      0.03000000      0.94295599
      0.04000000      0.94294205
      0.05000000      0.94289755
      0.06000000      0.94283258
      0.07000000      0.94275623
      0.08000000      0.94267562
      0.09000000      0.94259577
      0.10000000      0.94252000
      0.11000000      0.94245031
      0.12000000      0.94238784
      0.13000000      0.94233314
      0.14000000      0.94228638
      0.15000000      0.94224749
      0.16000000      0.94221627
      0.17000000      0.94219243
      0.18000000      0.94217566
      0.19000000      0.94216560
      0.20000000      0.94216194
      0.21000000      0.94216433
      0.22000000      0.94217246
      0.23000000      0.94218604
      0.24000000      0.94220478
      0.25000000      0.94222841
      0.26000000      0.94225667
      0.27000000      0.94228930
      0.28000000      0.94232606
      0.29000000      0.94236670
      0.30000000      0.94241099
      0.31000000      0.94245868
      0.32000000      0.94250953
      0.33000000      0.94256330
      0.34000000      0.94261975
      0.35000000      0.94267863
      0.36000000      0.94273970
      0.37000000      0.94280273
      0.38000000      0.94286746
      0.39000000      0.94293366
      0.40000000      0.94300031
      0.41000000      0.94306874
      0.42000000      0.94313794
      0.43000000      0.94320768
      0.44000000      0.94327773
      0.45000000      0.94334787
      0.46000000      0.94341788
      0.47000000      0.94348756
      0.48000000      0.94355670
      0.49000000      0.94362511
      0.50000000      0.94369259
      0.51000000      0.94375899
      0.52000000      0.94382413
      0.53000000      0.94388787
      0.54000000      0.94395006
      0.55000000      0.94401058
      0.56000000      0.94406933
      0.57000000      0.94412620
      0.58000000      0.94418111
      0.59000000      0.94423399
      0.60000000      0.94428477
      0.61000000      0.94433342
      0.62000000      0.94437989
      0.63000000      0.94442416
      0.64000000      0.94446620
      0.65000000      0.94450601
      0.66000000      0.94454359
      0.67000000      0.94457894
      0.68000000      0.94461206
      0.69000000      0.94464296
      0.70000000      0.94467167
      0.71000000      0.94469819
      0.72000000      0.94472255
      0.73000000      0.94474476
      0.74000000      0.94476484
      0.75000000      0.94478282
      0.76000000      0.94479873
      0.77000000      0.94481257
      0.78000000      0.94482439
      0.79000000      0.94483420
      0.80000000      0.94484204
      0.81000000      0.94484794
      0.82000000      0.94485192
      0.83000000      0.94485403
      0.84000000      0.94485429
      0.85000000      0.94485274
      0.86000000      0.94484943
      0.87000000      0.94484437
      0.88000000      0.94483761
      0.89000000      0.94482919
      0.90000000      0.94481914
      0.91000000      0.94480748
      0.92000000      0.94479426
      0.93000000      0.94477949
      0.94000000      0.94476320
      0.95000000      0.94474542
      0.96000000      0.94472615
      0.97000000      0.94470543
      0.98000000      0.94468327
      0.99000000      0.94465966
      1.00000000      0.94463517
  
      0.00000000      0.95800790
      0.01000000      0.95796382
      0.02000000      0.95792697
      0.03000000      0.95789815
      0.04000000      0.95787696
      0.05000000      0.95786247
      0.06000000      0.95785349
      0.07000000      0.95784884
      0.08000000      0.95784746
      0.09000000      0.95784851
      0.10000000      0.95785134
      0.11000000      0.95785546
      0.12000000      0.95786053
      0.13000000      0.95786630
      0.14000000      0.95787260
      0.15000000      0.95787929
      0.16000000      0.95788627
      0.17000000      0.95789347
      0.18000000      0.95790082
      0.19000000      0.95790827
      0.20000000      0.95791577
      0.21000000      0.95792326
      0.22000000      0.95793070
      0.23000000      0.95793805
      0.24000000      0.95794526
      0.25000000      0.95795229
      0.26000000      0.95795908
      0.27000000      0.95796560
      0.28000000      0.95797181
      0.29000000      0.95797766
      0.30000000      0.95798310
      0.31000000      0.95798810
      0.32000000      0.95799262
      0.33000000      0.95799662
      0.34000000      0.95800005
      0.35000000      0.95800288
      0.36000000      0.95800508
      0.37000000      0.95800660
      0.38000000      0.95800742
      0.39000000      0.95800750
      0.40000000      0.95800640
      0.41000000      0.95800491
      0.42000000      0.95800260
      0.43000000      0.95799944
      0.44000000      0.95799542
      0.45000000      0.95799051
      0.46000000      0.95798470
      0.47000000      0.95797800
      0.48000000      0.95797039
      0.49000000      0.95796189
      0.50000000      0.95795252
      0.51000000      0.95794229
      0.52000000      0.95793124
      0.53000000      0.95791942
      0.54000000      0.95790686
      0.55000000      0.95789363
      0.56000000      0.95787979
      0.57000000      0.95786540
      0.58000000      0.95785054
      0.59000000      0.95783527
      0.60000000      0.95781966
      0.61000000      0.95780380
      0.62000000      0.95778775
      0.63000000      0.95777157
      0.64000000      0.95775534
      0.65000000      0.95773912
      0.66000000      0.95772297
      0.67000000      0.95770695
      0.68000000      0.95769110
      0.69000000      0.95767549
      0.70000000      0.95766017
      0.71000000      0.95764516
      0.72000000      0.95763053
      0.73000000      0.95761630
      0.74000000      0.95760251
      0.75000000      0.95758918
      0.76000000      0.95757635
      0.77000000      0.95756404
      0.78000000      0.95755226
      0.79000000      0.95754104
      0.80000000      0.95753039
      0.81000000      0.95752032
      0.82000000      0.95751084
      0.83000000      0.95750197
      0.84000000      0.95749371
      0.85000000      0.95748607
      0.86000000      0.95747905
      0.87000000      0.95747267
      0.88000000      0.95746694
      0.89000000      0.95746186
      0.90000000      0.95745744
      0.91000000      0.95745370
      0.92000000      0.95745063
      0.93000000      0.95744825
      0.94000000      0.95744657
      0.95000000      0.95744560
      0.96000000      0.95744533
      0.97000000      0.95744579
      0.98000000      0.95744695
      0.99000000      0.95744884
      1.00000000      0.95745112
  
      0.00000000      0.95800871
      0.01000000      0.95805896
      0.02000000      0.95811363
      0.03000000      0.95816963
      0.04000000      0.95822414
      0.05000000      0.95827480
      0.06000000      0.95832000
      0.07000000      0.95835896
      0.08000000      0.95839161
      0.09000000      0.95841830
      0.10000000      0.95843962
      0.11000000      0.95845626
      0.12000000      0.95846888
      0.13000000      0.95847809
      0.14000000      0.95848441
      0.15000000      0.95848830
      0.16000000      0.95849014
      0.17000000      0.95849025
      0.18000000      0.95848890
      0.19000000      0.95848630
      0.20000000      0.95848263
      0.21000000      0.95847803
      0.22000000      0.95847262
      0.23000000      0.95846649
      0.24000000      0.95845972
      0.25000000      0.95845236
      0.26000000      0.95844446
      0.27000000      0.95843604
      0.28000000      0.95842715
      0.29000000      0.95841778
      0.30000000      0.95840796
      0.31000000      0.95839768
      0.32000000      0.95838696
      0.33000000      0.95837581
      0.34000000      0.95836421
      0.35000000      0.95835219
      0.36000000      0.95833975
      0.37000000      0.95832689
      0.38000000      0.95831364
      0.39000000      0.95830000
      0.40000000      0.95828572
      0.41000000      0.95827137
      0.42000000      0.95825671
      0.43000000      0.95824175
      0.44000000      0.95822653
      0.45000000      0.95821107
      0.46000000      0.95819540
      0.47000000      0.95817956
      0.48000000      0.95816357
      0.49000000      0.95814745
      0.50000000      0.95813123
      0.51000000      0.95811492
      0.52000000      0.95809854
      0.53000000      0.95808210
      0.54000000      0.95806561
      0.55000000      0.95804906
      0.56000000      0.95803246
      0.57000000      0.95801580
      0.58000000      0.95799908
      0.59000000      0.95798229
      0.60000000      0.95796544
      0.61000000      0.95794853
      0.62000000      0.95793156
      0.63000000      0.95791454
      0.64000000      0.95789748
      0.65000000      0.95788039
      0.66000000      0.95786330
      0.67000000      0.95784622
      0.68000000      0.95782918
      0.69000000      0.95781220
      0.70000000      0.95779531
      0.71000000      0.95777853
      0.72000000      0.95776190
      0.73000000      0.95774543
      0.74000000      0.95772916
      0.75000000      0.95771312
      0.76000000      0.95769732
      0.77000000      0.95768181
      0.78000000      0.95766659
      0.79000000      0.95765171
      0.80000000      0.95763717
      0.81000000      0.95762300
      0.82000000      0.95760922
      0.83000000      0.95759585
      0.84000000      0.95758292
      0.85000000      0.95757044
      0.86000000      0.95755844
      0.87000000      0.95754693
      0.88000000      0.95753594
      0.89000000      0.95752549
      0.90000000      0.95751560
      0.91000000      0.95750628
      0.92000000      0.95749757
      0.93000000      0.95748947
      0.94000000      0.95748201
      0.95000000      0.95747520
      0.96000000      0.95746907
      0.97000000      0.95746362
      0.98000000      0.95745887
      0.99000000      0.95745483
      1.00000000      0.95745183
  
      0.00000000      0.98688268
      0.01000000      0.98675750
      0.02000000      0.98661977
      0.03000000      0.98647461
      0.04000000      0.98632548
      0.05000000      0.98617578
      0.06000000      0.98602854
      0.07000000      0.98588629
      0.08000000      0.98575091
      0.09000000      0.98562369
      0.10000000      0.98550542
      0.11000000      0.98539648
      0.12000000      0.98529704
      0.13000000      0.98520704
      0.14000000      0.98512632
      0.15000000      0.98505465
      0.16000000      0.98499172
      0.17000000      0.98493720
      0.18000000      0.98489069
      0.19000000      0.98485182
      0.20000000      0.98482016
      0.21000000      0.98479530
      0.22000000      0.98477680
      0.23000000      0.98476425
      0.24000000      0.98475721
      0.25000000      0.98475529
      0.26000000      0.98475809
      0.27000000      0.98476524
      0.28000000      0.98477639
      0.29000000      0.98479121
      0.30000000      0.98480938
      0.31000000      0.98483063
      0.32000000      0.98485469
      0.33000000      0.98488133
      0.34000000      0.98491033
      0.35000000      0.98494149
      0.36000000      0.98497462
      0.37000000      0.98500957
      0.38000000      0.98504618
      0.39000000      0.98508432
      0.40000000      0.98512454
      0.41000000      0.98516532
      0.42000000      0.98520727
      0.43000000      0.98525030
      0.44000000      0.98529430
      0.45000000      0.98533918
      0.46000000      0.98538486
      0.47000000      0.98543123
      0.48000000      0.98547823
      0.49000000      0.98552575
      0.50000000      0.98557372
      0.51000000      0.98562206
      0.52000000      0.98567067
      0.53000000      0.98571948
      0.54000000      0.98576842
      0.55000000      0.98581741
      0.56000000      0.98586637
      0.57000000      0.98591523
      0.58000000      0.98596393
      0.59000000      0.98601240
      0.60000000      0.98606059
      0.61000000      0.98610843
      0.62000000      0.98615590
      0.63000000      0.98620293
      0.64000000      0.98624948
      0.65000000      0.98629554
      0.66000000      0.98634105
      0.67000000      0.98638598
      0.68000000      0.98643033
      0.69000000      0.98647404
      0.70000000      0.98651712
      0.71000000      0.98655952
      0.72000000      0.98660122
      0.73000000      0.98664221
      0.74000000      0.98668247
      0.75000000      0.98672197
      0.76000000      0.98676069
      0.77000000      0.98679862
      0.78000000      0.98683574
      0.79000000      0.98687203
      0.80000000      0.98690747
      0.81000000      0.98694206
      0.82000000      0.98697579
      0.83000000      0.98700865
      0.84000000      0.98704064
      0.85000000      0.98707176
      0.86000000      0.98710202
      0.87000000      0.98713142
      0.88000000      0.98715999
      0.89000000      0.98718773
      0.90000000      0.98721466
      0.91000000      0.98724081
      0.92000000      0.98726619
      0.93000000      0.98729082
      0.94000000      0.98731474
      0.95000000      0.98733795
      0.96000000      0.98736048
      0.97000000      0.98738233
      0.98000000      0.98740354
      0.99000000      0.98742411
      1.00000000      0.98744331
  
      0.00000000      0.98688449
      0.01000000      0.98699599
      0.02000000      0.98709363
      0.03000000      0.98717480
      0.04000000      0.98723983
      0.05000000      0.98728996
      0.06000000      0.98732700
      0.07000000      0.98735294
      0.08000000      0.98736974
      0.09000000      0.98737916
      0.10000000      0.98738272
      0.11000000      0.98738173
      0.12000000      0.98737725
      0.13000000      0.98737019
      0.14000000      0.98736128
      0.15000000      0.98735112
      0.16000000      0.98734023
      0.17000000      0.98732901
      0.18000000      0.98731781
      0.19000000      0.98730694
      0.20000000      0.98729663
      0.21000000      0.98728709
      0.22000000      0.98727851
      0.23000000      0.98727102
      0.24000000      0.98726475
      0.25000000      0.98725979
      0.26000000      0.98725623
      0.27000000      0.98725412
      0.28000000      0.98725350
      0.29000000      0.98725440
      0.30000000      0.98725681
      0.31000000      0.98726073
      0.32000000      0.98726612
      0.33000000      0.98727296
      0.34000000      0.98728118
      0.35000000      0.98729072
      0.36000000      0.98730150
      0.37000000      0.98731343
      0.38000000      0.98732641
      0.39000000      0.98734035
      0.40000000      0.98735414
      0.41000000      0.98736967
      0.42000000      0.98738582
      0.43000000      0.98740246
      0.44000000      0.98741948
      0.45000000      0.98743677
      0.46000000      0.98745420
      0.47000000      0.98747166
      0.48000000      0.98748905
      0.49000000      0.98750626
      0.50000000      0.98752319
      0.51000000      0.98753975
      0.52000000      0.98755587
      0.53000000      0.98757147
      0.54000000      0.98758647
      0.55000000      0.98760084
      0.56000000      0.98761451
      0.57000000      0.98762745
      0.58000000      0.98763962
      0.59000000      0.98765101
      0.60000000      0.98766158
      0.61000000      0.98767132
      0.62000000      0.98768024
      0.63000000      0.98768831
      0.64000000      0.98769556
      0.65000000      0.98770197
      0.66000000      0.98770756
      0.67000000      0.98771233
      0.68000000      0.98771629
      0.69000000      0.98771945
      0.70000000      0.98772181
      0.71000000      0.98772340
      0.72000000      0.98772421
      0.73000000      0.98772424
      0.74000000      0.98772351
      0.75000000      0.98772201
      0.76000000      0.98771975
      0.77000000      0.98771672
      0.78000000      0.98771293
      0.79000000      0.98770836
      0.80000000      0.98770303
      0.81000000      0.98769693
      0.82000000      0.98769007
      0.83000000      0.98768243
      0.84000000      0.98767403
      0.85000000      0.98766488
      0.86000000      0.98765497
      0.87000000      0.98764432
      0.88000000      0.98763293
      0.89000000      0.98762083
      0.90000000      0.98760801
      0.91000000      0.98759450
      0.92000000      0.98758030
      0.93000000      0.98756543
      0.94000000      0.98754990
      0.95000000      0.98753373
      0.96000000      0.98751691
      0.97000000      0.98749946
      0.98000000      0.98748139
      0.99000000      0.98746270
      1.00000000      0.98744412
  
