      0.00000000      0.00581589
      0.01000000      0.00531421
      0.02000000      0.00480730
      0.03000000      0.00429970
      0.04000000      0.00380538
      0.05000000      0.00336349
      0.06000000      0.00302357
      0.07000000      0.00280057
      0.08000000      0.00267322
      0.09000000      0.00261151
      0.10000000      0.00259140
      0.11000000      0.00259681
      0.12000000      0.00261767
      0.13000000      0.00264784
      0.14000000      0.00268363
      0.15000000      0.00272283
      0.16000000      0.00276414
      0.17000000      0.00280678
      0.18000000      0.00285032
      0.19000000      0.00289452
      0.20000000      0.00293924
      0.21000000      0.00298440
      0.22000000      0.00302998
      0.23000000      0.00307596
      0.24000000      0.00312237
      0.25000000      0.00316920
      0.26000000      0.00321651
      0.27000000      0.00326432
      0.28000000      0.00331269
      0.29000000      0.00336168
      0.30000000      0.00341135
      0.31000000      0.00346179
      0.32000000      0.00351307
      0.33000000      0.00356530
      0.34000000      0.00361856
      0.35000000      0.00367294
      0.36000000      0.00372856
      0.37000000      0.00378550
      0.38000000      0.00384388
      0.39000000      0.00390379
      0.40000000      0.00396532
      0.41000000      0.00402858
      0.42000000      0.00409879
      0.43000000      0.00416570
      0.44000000      0.00423456
      0.45000000      0.00430543
      0.46000000      0.00437834
      0.47000000      0.00445334
      0.48000000      0.00453042
      0.49000000      0.00460958
      0.50000000      0.00469082
      0.51000000      0.00477410
      0.52000000      0.00485448
      0.53000000      0.00494175
      0.54000000      0.00503091
      0.55000000      0.00512190
      0.56000000      0.00521464
      0.57000000      0.00530907
      0.58000000      0.00540511
      0.59000000      0.00550267
      0.60000000      0.00560166
      0.61000000      0.00570201
      0.62000000      0.00580362
      0.63000000      0.00590640
      0.64000000      0.00601024
      0.65000000      0.00611503
      0.66000000      0.00622067
      0.67000000      0.00632702
      0.68000000      0.00643397
      0.69000000      0.00654137
      0.70000000      0.00664908
      0.71000000      0.00675696
      0.72000000      0.00686485
      0.73000000      0.00697261
      0.74000000      0.00708009
      0.75000000      0.00718712
      0.76000000      0.00729357
      0.77000000      0.00739927
      0.78000000      0.00750407
      0.79000000      0.00760785
      0.80000000      0.00771045
      0.81000000      0.00781175
      0.82000000      0.00791161
      0.83000000      0.00800992
      0.84000000      0.00810657
      0.85000000      0.00820144
      0.86000000      0.00829444
      0.87000000      0.00838549
      0.88000000      0.00847449
      0.89000000      0.00856138
      0.90000000      0.00864609
      0.91000000      0.00872858
      0.92000000      0.00880879
      0.93000000      0.00888669
      0.94000000      0.00896225
      0.95000000      0.00903546
      0.96000000      0.00910630
      0.97000000      0.00917477
      0.98000000      0.00924086
      0.99000000      0.00930458
      1.00000000      0.00936503
  
      0.00000000      0.00582054
      0.01000000      0.00631894
      0.02000000      0.00684176
      0.03000000      0.00743193
      0.04000000      0.00811025
      0.05000000      0.00880783
      0.06000000      0.00939727
      0.07000000      0.00981199
      0.08000000      0.01006704
      0.09000000      0.01020593
      0.10000000      0.01026793
      0.11000000      0.01028107
      0.12000000      0.01026389
      0.13000000      0.01022844
      0.14000000      0.01018254
      0.15000000      0.01013129
      0.16000000      0.01007805
      0.17000000      0.01002507
      0.18000000      0.00997382
      0.19000000      0.00992530
      0.20000000      0.00988014
      0.21000000      0.00983876
      0.22000000      0.00980139
      0.23000000      0.00976816
      0.24000000      0.00973910
      0.25000000      0.00971419
      0.26000000      0.00969334
      0.27000000      0.00967646
      0.28000000      0.00966340
      0.29000000      0.00965401
      0.30000000      0.00964813
      0.31000000      0.00964557
      0.32000000      0.00964614
      0.33000000      0.00964964
      0.34000000      0.00965587
      0.35000000      0.00966462
      0.36000000      0.00967569
      0.37000000      0.00968885
      0.38000000      0.00970389
      0.39000000      0.00972060
      0.40000000      0.00973876
      0.41000000      0.00975816
      0.42000000      0.00978146
      0.43000000      0.00980278
      0.44000000      0.00982474
      0.45000000      0.00984715
      0.46000000      0.00986985
      0.47000000      0.00989265
      0.48000000      0.00991542
      0.49000000      0.00993800
      0.50000000      0.00996026
      0.51000000      0.00998208
      0.52000000      0.01000019
      0.53000000      0.01002080
      0.54000000      0.01004068
      0.55000000      0.01005974
      0.56000000      0.01007793
      0.57000000      0.01009516
      0.58000000      0.01011140
      0.59000000      0.01012657
      0.60000000      0.01014064
      0.61000000      0.01015356
      0.62000000      0.01016530
      0.63000000      0.01017580
      0.64000000      0.01018502
      0.65000000      0.01019294
      0.66000000      0.01019950
      0.67000000      0.01020466
      0.68000000      0.01020838
      0.69000000      0.01021061
      0.70000000      0.01021131
      0.71000000      0.01021044
      0.72000000      0.01020796
      0.73000000      0.01020382
      0.74000000      0.01019799
      0.75000000      0.01019044
      0.76000000      0.01018114
      0.77000000      0.01017006
      0.78000000      0.01015716
      0.79000000      0.01014243
      0.80000000      0.01012584
      0.81000000      0.01010737
      0.82000000      0.01008699
      0.83000000      0.01006469
      0.84000000      0.01004043
      0.85000000      0.01001421
      0.86000000      0.00998597
      0.87000000      0.00995572
      0.88000000      0.00992340
      0.89000000      0.00988900
      0.90000000      0.00985248
      0.91000000      0.00981382
      0.92000000      0.00977299
      0.93000000      0.00972997
      0.94000000      0.00968472
      0.95000000      0.00963723
      0.96000000      0.00958747
      0.97000000      0.00953543
      0.98000000      0.00948108
      0.99000000      0.00942440
      1.00000000      0.00936630
  
      0.00000000      0.02814680
      0.01000000      0.02800213
      0.02000000      0.02787246
      0.03000000      0.02776078
      0.04000000      0.02766613
      0.05000000      0.02758647
      0.06000000      0.02752257
      0.07000000      0.02747561
      0.08000000      0.02744402
      0.09000000      0.02742462
      0.10000000      0.02741432
      0.11000000      0.02741069
      0.12000000      0.02741197
      0.13000000      0.02741692
      0.14000000      0.02742463
      0.15000000      0.02743443
      0.16000000      0.02744582
      0.17000000      0.02745839
      0.18000000      0.02747181
      0.19000000      0.02748581
      0.20000000      0.02750014
      0.21000000      0.02751458
      0.22000000      0.02752894
      0.23000000      0.02754304
      0.24000000      0.02755672
      0.25000000      0.02756983
      0.26000000      0.02758222
      0.27000000      0.02759378
      0.28000000      0.02760440
      0.29000000      0.02761396
      0.30000000      0.02762240
      0.31000000      0.02762963
      0.32000000      0.02763560
      0.33000000      0.02764026
      0.34000000      0.02764359
      0.35000000      0.02764555
      0.36000000      0.02764615
      0.37000000      0.02764540
      0.38000000      0.02764331
      0.39000000      0.02763992
      0.40000000      0.02763527
      0.41000000      0.02762941
      0.42000000      0.02762282
      0.43000000      0.02761471
      0.44000000      0.02760558
      0.45000000      0.02759550
      0.46000000      0.02758456
      0.47000000      0.02757282
      0.48000000      0.02756037
      0.49000000      0.02754728
      0.50000000      0.02753362
      0.51000000      0.02751947
      0.52000000      0.02750451
      0.53000000      0.02748958
      0.54000000      0.02747436
      0.55000000      0.02745891
      0.56000000      0.02744331
      0.57000000      0.02742760
      0.58000000      0.02741186
      0.59000000      0.02739614
      0.60000000      0.02738050
      0.61000000      0.02736500
      0.62000000      0.02734969
      0.63000000      0.02733463
      0.64000000      0.02731988
      0.65000000      0.02730547
      0.66000000      0.02729147
      0.67000000      0.02727792
      0.68000000      0.02726486
      0.69000000      0.02725233
      0.70000000      0.02724038
      0.71000000      0.02722904
      0.72000000      0.02721835
      0.73000000      0.02720833
      0.74000000      0.02719901
      0.75000000      0.02719043
      0.76000000      0.02718260
      0.77000000      0.02717555
      0.78000000      0.02716930
      0.79000000      0.02716387
      0.80000000      0.02715928
      0.81000000      0.02715553
      0.82000000      0.02715265
      0.83000000      0.02715064
      0.84000000      0.02714951
      0.85000000      0.02714927
      0.86000000      0.02714993
      0.87000000      0.02715149
      0.88000000      0.02715395
      0.89000000      0.02715731
      0.90000000      0.02716158
      0.91000000      0.02716675
      0.92000000      0.02717282
      0.93000000      0.02717978
      0.94000000      0.02718764
      0.95000000      0.02719638
      0.96000000      0.02720600
      0.97000000      0.02721649
      0.98000000      0.02722786
      0.99000000      0.02724007
      1.00000000      0.02725265
  
      0.00000000      0.02814884
      0.01000000      0.02830480
      0.02000000      0.02847068
      0.03000000      0.02864723
      0.04000000      0.02883470
      0.05000000      0.02902102
      0.06000000      0.02918169
      0.07000000      0.02929995
      0.08000000      0.02937570
      0.09000000      0.02941730
      0.10000000      0.02943399
      0.11000000      0.02943323
      0.12000000      0.02942045
      0.13000000      0.02939951
      0.14000000      0.02937312
      0.15000000      0.02934319
      0.16000000      0.02931110
      0.17000000      0.02927782
      0.18000000      0.02924406
      0.19000000      0.02921032
      0.20000000      0.02917697
      0.21000000      0.02914426
      0.22000000      0.02911237
      0.23000000      0.02908141
      0.24000000      0.02905146
      0.25000000      0.02902255
      0.26000000      0.02899469
      0.27000000      0.02896788
      0.28000000      0.02894208
      0.29000000      0.02891726
      0.30000000      0.02889337
      0.31000000      0.02887034
      0.32000000      0.02884811
      0.33000000      0.02882660
      0.34000000      0.02880573
      0.35000000      0.02878543
      0.36000000      0.02876560
      0.37000000      0.02874616
      0.38000000      0.02872701
      0.39000000      0.02870806
      0.40000000      0.02868923
      0.41000000      0.02867041
      0.42000000      0.02865148
      0.43000000      0.02863248
      0.44000000      0.02861325
      0.45000000      0.02859372
      0.46000000      0.02857383
      0.47000000      0.02855352
      0.48000000      0.02853275
      0.49000000      0.02851147
      0.50000000      0.02848965
      0.51000000      0.02846728
      0.52000000      0.02844412
      0.53000000      0.02842058
      0.54000000      0.02839648
      0.55000000      0.02837181
      0.56000000      0.02834660
      0.57000000      0.02832086
      0.58000000      0.02829463
      0.59000000      0.02826793
      0.60000000      0.02824080
      0.61000000      0.02821327
      0.62000000      0.02818538
      0.63000000      0.02815718
      0.64000000      0.02812871
      0.65000000      0.02810001
      0.66000000      0.02807112
      0.67000000      0.02804209
      0.68000000      0.02801296
      0.69000000      0.02798378
      0.70000000      0.02795458
      0.71000000      0.02792541
      0.72000000      0.02789631
      0.73000000      0.02786733
      0.74000000      0.02783849
      0.75000000      0.02780985
      0.76000000      0.02778144
      0.77000000      0.02775330
      0.78000000      0.02772547
      0.79000000      0.02769798
      0.80000000      0.02767087
      0.81000000      0.02764418
      0.82000000      0.02761794
      0.83000000      0.02759218
      0.84000000      0.02756693
      0.85000000      0.02754223
      0.86000000      0.02751810
      0.87000000      0.02749457
      0.88000000      0.02747166
      0.89000000      0.02744941
      0.90000000      0.02742782
      0.91000000      0.02740693
      0.92000000      0.02738676
      0.93000000      0.02736731
      0.94000000      0.02734861
      0.95000000      0.02733067
      0.96000000      0.02731352
      0.97000000      0.02729715
      0.98000000      0.02728160
      0.99000000      0.02726686
      1.00000000      0.02725345
  
      0.00000000      0.05527619
      0.01000000      0.05499915
      0.02000000      0.05453214
      0.03000000      0.05386236
      0.04000000      0.05302582
      0.05000000      0.05214067
      0.06000000      0.05134699
      0.07000000      0.05071451
      0.08000000      0.05023929
      0.09000000      0.04988983
      0.10000000      0.04963475
      0.11000000      0.04944994
      0.12000000      0.04931825
      0.13000000      0.04922762
      0.14000000      0.04916949
      0.15000000      0.04913768
      0.16000000      0.04912760
      0.17000000      0.04913577
      0.18000000      0.04915948
      0.19000000      0.04919657
      0.20000000      0.04924529
      0.21000000      0.04930419
      0.22000000      0.04937205
      0.23000000      0.04944783
      0.24000000      0.04953064
      0.25000000      0.04961968
      0.26000000      0.04971427
      0.27000000      0.04981380
      0.28000000      0.04991771
      0.29000000      0.05002551
      0.30000000      0.05013674
      0.31000000      0.05025099
      0.32000000      0.05036788
      0.33000000      0.05048705
      0.34000000      0.05060818
      0.35000000      0.05073096
      0.36000000      0.05085511
      0.37000000      0.05098036
      0.38000000      0.05110645
      0.39000000      0.05123316
      0.40000000      0.05136027
      0.41000000      0.05148756
      0.42000000      0.05161477
      0.43000000      0.05174178
      0.44000000      0.05186844
      0.45000000      0.05199459
      0.46000000      0.05212009
      0.47000000      0.05224479
      0.48000000      0.05236856
      0.49000000      0.05249128
      0.50000000      0.05261283
      0.51000000      0.05273312
      0.52000000      0.05285283
      0.53000000      0.05297034
      0.54000000      0.05308631
      0.55000000      0.05320067
      0.56000000      0.05331335
      0.57000000      0.05342431
      0.58000000      0.05353349
      0.59000000      0.05364085
      0.60000000      0.05374636
      0.61000000      0.05384999
      0.62000000      0.05395171
      0.63000000      0.05405151
      0.64000000      0.05414938
      0.65000000      0.05424529
      0.66000000      0.05433925
      0.67000000      0.05443125
      0.68000000      0.05452127
      0.69000000      0.05460933
      0.70000000      0.05469541
      0.71000000      0.05477952
      0.72000000      0.05486166
      0.73000000      0.05494184
      0.74000000      0.05502007
      0.75000000      0.05509636
      0.76000000      0.05517072
      0.77000000      0.05524316
      0.78000000      0.05531371
      0.79000000      0.05538238
      0.80000000      0.05544921
      0.81000000      0.05551420
      0.82000000      0.05557740
      0.83000000      0.05563882
      0.84000000      0.05569849
      0.85000000      0.05575644
      0.86000000      0.05581269
      0.87000000      0.05586728
      0.88000000      0.05592022
      0.89000000      0.05597154
      0.90000000      0.05602127
      0.91000000      0.05606941
      0.92000000      0.05611600
      0.93000000      0.05616104
      0.94000000      0.05620456
      0.95000000      0.05624655
      0.96000000      0.05628704
      0.97000000      0.05632602
      0.98000000      0.05636351
      0.99000000      0.05639950
      1.00000000      0.05643288
  
      0.00000000      0.05528487
      0.01000000      0.05542083
      0.02000000      0.05547724
      0.03000000      0.05550088
      0.04000000      0.05553505
      0.05000000      0.05558649
      0.06000000      0.05563026
      0.07000000      0.05564591
      0.08000000      0.05563213
      0.09000000      0.05559696
      0.10000000      0.05554906
      0.11000000      0.05549499
      0.12000000      0.05543919
      0.13000000      0.05538451
      0.14000000      0.05533277
      0.15000000      0.05528509
      0.16000000      0.05524216
      0.17000000      0.05520437
      0.18000000      0.05517193
      0.19000000      0.05514493
      0.20000000      0.05512337
      0.21000000      0.05510721
      0.22000000      0.05509633
      0.23000000      0.05509062
      0.24000000      0.05508992
      0.25000000      0.05509408
      0.26000000      0.05510290
      0.27000000      0.05511619
      0.28000000      0.05513374
      0.29000000      0.05515532
      0.30000000      0.05518070
      0.31000000      0.05520963
      0.32000000      0.05524186
      0.33000000      0.05527713
      0.34000000      0.05531517
      0.35000000      0.05535570
      0.36000000      0.05539846
      0.37000000      0.05544316
      0.38000000      0.05548955
      0.39000000      0.05553735
      0.40000000      0.05558630
      0.41000000      0.05563614
      0.42000000      0.05568517
      0.43000000      0.05573609
      0.44000000      0.05578721
      0.45000000      0.05583832
      0.46000000      0.05588920
      0.47000000      0.05593969
      0.48000000      0.05598960
      0.49000000      0.05603878
      0.50000000      0.05608707
      0.51000000      0.05613435
      0.52000000      0.05618189
      0.53000000      0.05622678
      0.54000000      0.05627031
      0.55000000      0.05631241
      0.56000000      0.05635301
      0.57000000      0.05639203
      0.58000000      0.05642942
      0.59000000      0.05646514
      0.60000000      0.05649914
      0.61000000      0.05653140
      0.62000000      0.05656190
      0.63000000      0.05659061
      0.64000000      0.05661751
      0.65000000      0.05664261
      0.66000000      0.05666589
      0.67000000      0.05668736
      0.68000000      0.05670700
      0.69000000      0.05672483
      0.70000000      0.05674084
      0.71000000      0.05675503
      0.72000000      0.05676743
      0.73000000      0.05677803
      0.74000000      0.05678683
      0.75000000      0.05679386
      0.76000000      0.05679913
      0.77000000      0.05680264
      0.78000000      0.05680441
      0.79000000      0.05680445
      0.80000000      0.05680279
      0.81000000      0.05679943
      0.82000000      0.05679440
      0.83000000      0.05678770
      0.84000000      0.05677937
      0.85000000      0.05676940
      0.86000000      0.05675783
      0.87000000      0.05674466
      0.88000000      0.05672990
      0.89000000      0.05671358
      0.90000000      0.05669570
      0.91000000      0.05667627
      0.92000000      0.05665531
      0.93000000      0.05663282
      0.94000000      0.05660881
      0.95000000      0.05658328
      0.96000000      0.05655626
      0.97000000      0.05652773
      0.98000000      0.05649770
      0.99000000      0.05646619
      1.00000000      0.05643430
  
      0.00000000      0.16269833
      0.01000000      0.16126784
      0.02000000      0.15979220
      0.03000000      0.15863997
      0.04000000      0.15717021
      0.05000000      0.15304088
      0.06000000      0.14916041
      0.07000000      0.14620504
      0.08000000      0.14415321
      0.09000000      0.14279409
      0.10000000      0.14192668
      0.11000000      0.14140265
      0.12000000      0.14111991
      0.13000000      0.14100898
      0.14000000      0.14102214
      0.15000000      0.14112606
      0.16000000      0.14129698
      0.17000000      0.14151765
      0.18000000      0.14177530
      0.19000000      0.14206028
      0.20000000      0.14236517
      0.21000000      0.14268414
      0.22000000      0.14301250
      0.23000000      0.14334642
      0.24000000      0.14368266
      0.25000000      0.14401844
      0.26000000      0.14435133
      0.27000000      0.14467914
      0.28000000      0.14499986
      0.29000000      0.14531165
      0.30000000      0.14561280
      0.31000000      0.14590171
      0.32000000      0.14617688
      0.33000000      0.14643692
      0.34000000      0.14668057
      0.35000000      0.14690667
      0.36000000      0.14711416
      0.37000000      0.14730215
      0.38000000      0.14746985
      0.39000000      0.14761664
      0.40000000      0.14774201
      0.41000000      0.14784564
      0.42000000      0.14793581
      0.43000000      0.14799480
      0.44000000      0.14803190
      0.45000000      0.14804735
      0.46000000      0.14804147
      0.47000000      0.14801476
      0.48000000      0.14796779
      0.49000000      0.14790126
      0.50000000      0.14781596
      0.51000000      0.14771278
      0.52000000      0.14758889
      0.53000000      0.14745317
      0.54000000      0.14730262
      0.55000000      0.14713838
      0.56000000      0.14696162
      0.57000000      0.14677355
      0.58000000      0.14657539
      0.59000000      0.14636836
      0.60000000      0.14615371
      0.61000000      0.14593264
      0.62000000      0.14570635
      0.63000000      0.14547604
      0.64000000      0.14524284
      0.65000000      0.14500788
      0.66000000      0.14477223
      0.67000000      0.14453694
      0.68000000      0.14430299
      0.69000000      0.14407135
      0.70000000      0.14384292
      0.71000000      0.14361855
      0.72000000      0.14339907
      0.73000000      0.14318525
      0.74000000      0.14297783
      0.75000000      0.14277749
      0.76000000      0.14258491
      0.77000000      0.14240069
      0.78000000      0.14222545
      0.79000000      0.14205973
      0.80000000      0.14190407
      0.81000000      0.14175897
      0.82000000      0.14162492
      0.83000000      0.14150236
      0.84000000      0.14139172
      0.85000000      0.14129340
      0.86000000      0.14120779
      0.87000000      0.14113522
      0.88000000      0.14107604
      0.89000000      0.14103053
      0.90000000      0.14099900
      0.91000000      0.14098169
      0.92000000      0.14097884
      0.93000000      0.14099069
      0.94000000      0.14101743
      0.95000000      0.14105926
      0.96000000      0.14111636
      0.97000000      0.14118889
      0.98000000      0.14127702
      0.99000000      0.14138090
      1.00000000      0.14150017
  
      0.00000000      0.16273429
      0.01000000      0.16356377
      0.02000000      0.16319100
      0.03000000      0.16115932
      0.04000000      0.15838876
      0.05000000      0.15803667
      0.06000000      0.15805988
      0.07000000      0.15814488
      0.08000000      0.15824626
      0.09000000      0.15837547
      0.10000000      0.15854964
      0.11000000      0.15877924
      0.12000000      0.15906820
      0.13000000      0.15941622
      0.14000000      0.15982053
      0.15000000      0.16027714
      0.16000000      0.16078144
      0.17000000      0.16132863
      0.18000000      0.16191389
      0.19000000      0.16253250
      0.20000000      0.16317984
      0.21000000      0.16385139
      0.22000000      0.16454270
      0.23000000      0.16524932
      0.24000000      0.16596674
      0.25000000      0.16669031
      0.26000000      0.16741514
      0.27000000      0.16813607
      0.28000000      0.16884751
      0.29000000      0.16954346
      0.30000000      0.17021736
      0.31000000      0.17086212
      0.32000000      0.17147012
      0.33000000      0.17203322
      0.34000000      0.17254292
      0.35000000      0.17299053
      0.36000000      0.17336747
      0.37000000      0.17366562
      0.38000000      0.17387777
      0.39000000      0.17399810
      0.40000000      0.17402255
      0.41000000      0.17394920
      0.42000000      0.17378353
      0.43000000      0.17351736
      0.44000000      0.17316100
      0.45000000      0.17272073
      0.46000000      0.17220400
      0.47000000      0.17161900
      0.48000000      0.17097423
      0.49000000      0.17027814
      0.50000000      0.16953885
      0.51000000      0.16876402
      0.52000000      0.16795812
      0.53000000      0.16713277
      0.54000000      0.16629111
      0.55000000      0.16543827
      0.56000000      0.16457883
      0.57000000      0.16371680
      0.58000000      0.16285569
      0.59000000      0.16199858
      0.60000000      0.16114815
      0.61000000      0.16030672
      0.62000000      0.15947631
      0.63000000      0.15865863
      0.64000000      0.15785517
      0.65000000      0.15706718
      0.66000000      0.15629572
      0.67000000      0.15554169
      0.68000000      0.15480582
      0.69000000      0.15408870
      0.70000000      0.15339083
      0.71000000      0.15271258
      0.72000000      0.15205422
      0.73000000      0.15141597
      0.74000000      0.15079795
      0.75000000      0.15020024
      0.76000000      0.14962287
      0.77000000      0.14906581
      0.78000000      0.14852899
      0.79000000      0.14801234
      0.80000000      0.14751572
      0.81000000      0.14703901
      0.82000000      0.14658203
      0.83000000      0.14614461
      0.84000000      0.14572657
      0.85000000      0.14532771
      0.86000000      0.14494781
      0.87000000      0.14458667
      0.88000000      0.14424407
      0.89000000      0.14391980
      0.90000000      0.14361364
      0.91000000      0.14332538
      0.92000000      0.14305480
      0.93000000      0.14280171
      0.94000000      0.14256590
      0.95000000      0.14234718
      0.96000000      0.14214536
      0.97000000      0.14196028
      0.98000000      0.14179174
      0.99000000      0.14163960
      1.00000000      0.14150421
  
      0.00000000      0.24166938
      0.01000000      0.24026687
      0.02000000      0.23888902
      0.03000000      0.23795248
      0.04000000      0.23758201
      0.05000000      0.23760809
      0.06000000      0.23775770
      0.07000000      0.23785144
      0.08000000      0.23781458
      0.09000000      0.23762257
      0.10000000      0.23727006
      0.11000000      0.23676135
      0.12000000      0.23610801
      0.13000000      0.23532698
      0.14000000      0.23443801
      0.15000000      0.23346107
      0.16000000      0.23241467
      0.17000000      0.23131496
      0.18000000      0.23017562
      0.19000000      0.22900810
      0.20000000      0.22782198
      0.21000000      0.22662539
      0.22000000      0.22542531
      0.23000000      0.22422797
      0.24000000      0.22303904
      0.25000000      0.22186391
      0.26000000      0.22070787
      0.27000000      0.21957626
      0.28000000      0.21847462
      0.29000000      0.21740879
      0.30000000      0.21638502
      0.31000000      0.21541000
      0.32000000      0.21449090
      0.33000000      0.21363532
      0.34000000      0.21285119
      0.35000000      0.21214657
      0.36000000      0.21152943
      0.37000000      0.21100724
      0.38000000      0.21058657
      0.39000000      0.21027265
      0.40000000      0.21006891
      0.41000000      0.20997671
      0.42000000      0.20998868
      0.43000000      0.21011554
      0.44000000      0.21034477
      0.45000000      0.21066967
      0.46000000      0.21108235
      0.47000000      0.21157419
      0.48000000      0.21213631
      0.49000000      0.21275987
      0.50000000      0.21343634
      0.51000000      0.21415770
      0.52000000      0.21491791
      0.53000000      0.21570719
      0.54000000      0.21652102
      0.55000000      0.21735390
      0.56000000      0.21820093
      0.57000000      0.21905774
      0.58000000      0.21992049
      0.59000000      0.22078578
      0.60000000      0.22165065
      0.61000000      0.22251248
      0.62000000      0.22336896
      0.63000000      0.22421809
      0.64000000      0.22505811
      0.65000000      0.22588746
      0.66000000      0.22670478
      0.67000000      0.22750886
      0.68000000      0.22829864
      0.69000000      0.22907316
      0.70000000      0.22983159
      0.71000000      0.23057315
      0.72000000      0.23129717
      0.73000000      0.23200304
      0.74000000      0.23269022
      0.75000000      0.23335822
      0.76000000      0.23400660
      0.77000000      0.23463498
      0.78000000      0.23524304
      0.79000000      0.23583048
      0.80000000      0.23639707
      0.81000000      0.23694260
      0.82000000      0.23746690
      0.83000000      0.23796986
      0.84000000      0.23845137
      0.85000000      0.23891139
      0.86000000      0.23934986
      0.87000000      0.23976679
      0.88000000      0.24016218
      0.89000000      0.24053609
      0.90000000      0.24088856
      0.91000000      0.24121967
      0.92000000      0.24152952
      0.93000000      0.24181822
      0.94000000      0.24208589
      0.95000000      0.24233268
      0.96000000      0.24255874
      0.97000000      0.24276425
      0.98000000      0.24294938
      0.99000000      0.24311432
      1.00000000      0.24325671
  
      0.00000000      0.24175369
      0.01000000      0.24293500
      0.02000000      0.24382290
      0.03000000      0.24435181
      0.04000000      0.24466401
      0.05000000      0.24487521
      0.06000000      0.24499234
      0.07000000      0.24498862
      0.08000000      0.24486663
      0.09000000      0.24465269
      0.10000000      0.24437861
      0.11000000      0.24407108
      0.12000000      0.24374774
      0.13000000      0.24341745
      0.14000000      0.24308279
      0.15000000      0.24274306
      0.16000000      0.24239645
      0.17000000      0.24204136
      0.18000000      0.24167693
      0.19000000      0.24130315
      0.20000000      0.24092076
      0.21000000      0.24053112
      0.22000000      0.24013602
      0.23000000      0.23973760
      0.24000000      0.23933817
      0.25000000      0.23894017
      0.26000000      0.23854606
      0.27000000      0.23815831
      0.28000000      0.23777932
      0.29000000      0.23741139
      0.30000000      0.23705673
      0.31000000      0.23671741
      0.32000000      0.23639534
      0.33000000      0.23609229
      0.34000000      0.23580986
      0.35000000      0.23554949
      0.36000000      0.23531244
      0.37000000      0.23509979
      0.38000000      0.23491247
      0.39000000      0.23475120
      0.40000000      0.23461655
      0.41000000      0.23450889
      0.42000000      0.23444247
      0.43000000      0.23438897
      0.44000000      0.23436248
      0.45000000      0.23436268
      0.46000000      0.23438904
      0.47000000      0.23444089
      0.48000000      0.23451741
      0.49000000      0.23461762
      0.50000000      0.23474043
      0.51000000      0.23488463
      0.52000000      0.23503765
      0.53000000      0.23522103
      0.54000000      0.23542175
      0.55000000      0.23563836
      0.56000000      0.23586940
      0.57000000      0.23611341
      0.58000000      0.23636893
      0.59000000      0.23663456
      0.60000000      0.23690889
      0.61000000      0.23719056
      0.62000000      0.23747827
      0.63000000      0.23777072
      0.64000000      0.23806667
      0.65000000      0.23836493
      0.66000000      0.23866430
      0.67000000      0.23896366
      0.68000000      0.23926186
      0.69000000      0.23955783
      0.70000000      0.23985048
      0.71000000      0.24013877
      0.72000000      0.24042167
      0.73000000      0.24069819
      0.74000000      0.24096738
      0.75000000      0.24122831
      0.76000000      0.24148010
      0.77000000      0.24172191
      0.78000000      0.24195297
      0.79000000      0.24217254
      0.80000000      0.24237993
      0.81000000      0.24257450
      0.82000000      0.24275569
      0.83000000      0.24292294
      0.84000000      0.24307576
      0.85000000      0.24321370
      0.86000000      0.24333634
      0.87000000      0.24344329
      0.88000000      0.24353419
      0.89000000      0.24360869
      0.90000000      0.24366646
      0.91000000      0.24370721
      0.92000000      0.24373062
      0.93000000      0.24373640
      0.94000000      0.24372427
      0.95000000      0.24369395
      0.96000000      0.24364517
      0.97000000      0.24357766
      0.98000000      0.24349115
      0.99000000      0.24338541
      1.00000000      0.24326276
  
      0.00000000      0.31988770
      0.01000000      0.31810733
      0.02000000      0.31623587
      0.03000000      0.31435730
      0.04000000      0.31263195
      0.05000000      0.31123674
      0.06000000      0.31025069
      0.07000000      0.30962054
      0.08000000      0.30923909
      0.09000000      0.30901371
      0.10000000      0.30888248
      0.11000000      0.30880769
      0.12000000      0.30876709
      0.13000000      0.30874768
      0.14000000      0.30874186
      0.15000000      0.30874520
      0.16000000      0.30875510
      0.17000000      0.30876999
      0.18000000      0.30878890
      0.19000000      0.30881118
      0.20000000      0.30883634
      0.21000000      0.30886395
      0.22000000      0.30889363
      0.23000000      0.30892499
      0.24000000      0.30895766
      0.25000000      0.30899128
      0.26000000      0.30902550
      0.27000000      0.30905998
      0.28000000      0.30909441
      0.29000000      0.30912851
      0.30000000      0.30916206
      0.31000000      0.30919484
      0.32000000      0.30922669
      0.33000000      0.30925750
      0.34000000      0.30928719
      0.35000000      0.30931574
      0.36000000      0.30934315
      0.37000000      0.30936947
      0.38000000      0.30939481
      0.39000000      0.30941927
      0.40000000      0.30944301
      0.41000000      0.30946620
      0.42000000      0.30947799
      0.43000000      0.30950070
      0.44000000      0.30952344
      0.45000000      0.30954641
      0.46000000      0.30956978
      0.47000000      0.30959372
      0.48000000      0.30961837
      0.49000000      0.30964384
      0.50000000      0.30967022
      0.51000000      0.30969759
      0.52000000      0.30973665
      0.53000000      0.30976608
      0.54000000      0.30979659
      0.55000000      0.30982821
      0.56000000      0.30986092
      0.57000000      0.30989474
      0.58000000      0.30992965
      0.59000000      0.30996567
      0.60000000      0.31000279
      0.61000000      0.31004101
      0.62000000      0.31008033
      0.63000000      0.31012076
      0.64000000      0.31016231
      0.65000000      0.31020499
      0.66000000      0.31024880
      0.67000000      0.31029378
      0.68000000      0.31033994
      0.69000000      0.31038730
      0.70000000      0.31043591
      0.71000000      0.31048579
      0.72000000      0.31053700
      0.73000000      0.31058960
      0.74000000      0.31064364
      0.75000000      0.31069921
      0.76000000      0.31075637
      0.77000000      0.31081522
      0.78000000      0.31087585
      0.79000000      0.31093837
      0.80000000      0.31100288
      0.81000000      0.31106949
      0.82000000      0.31113832
      0.83000000      0.31120948
      0.84000000      0.31128310
      0.85000000      0.31135928
      0.86000000      0.31143816
      0.87000000      0.31151986
      0.88000000      0.31160450
      0.89000000      0.31169220
      0.90000000      0.31178308
      0.91000000      0.31187727
      0.92000000      0.31197487
      0.93000000      0.31207601
      0.94000000      0.31218077
      0.95000000      0.31228925
      0.96000000      0.31240153
      0.97000000      0.31251768
      0.98000000      0.31263775
      0.99000000      0.31276177
      1.00000000      0.31288823
  
      0.00000000      0.31990619
      0.01000000      0.32162975
      0.02000000      0.32343911
      0.03000000      0.32547793
      0.04000000      0.32777078
      0.05000000      0.33003812
      0.06000000      0.33185730
      0.07000000      0.33303678
      0.08000000      0.33364891
      0.09000000      0.33384943
      0.10000000      0.33377459
      0.11000000      0.33352137
      0.12000000      0.33315467
      0.13000000      0.33271746
      0.14000000      0.33223839
      0.15000000      0.33173681
      0.16000000      0.33122594
      0.17000000      0.33071490
      0.18000000      0.33021002
      0.19000000      0.32971566
      0.20000000      0.32923482
      0.21000000      0.32876950
      0.22000000      0.32832099
      0.23000000      0.32789004
      0.24000000      0.32747702
      0.25000000      0.32708203
      0.26000000      0.32670492
      0.27000000      0.32634539
      0.28000000      0.32600303
      0.29000000      0.32567730
      0.30000000      0.32536760
      0.31000000      0.32507327
      0.32000000      0.32479357
      0.33000000      0.32452773
      0.34000000      0.32427495
      0.35000000      0.32403439
      0.36000000      0.32380518
      0.37000000      0.32358645
      0.38000000      0.32337730
      0.39000000      0.32317684
      0.40000000      0.32298418
      0.41000000      0.32279844
      0.42000000      0.32259956
      0.43000000      0.32242549
      0.44000000      0.32225587
      0.45000000      0.32208993
      0.46000000      0.32192698
      0.47000000      0.32176637
      0.48000000      0.32160747
      0.49000000      0.32144975
      0.50000000      0.32129270
      0.51000000      0.32113588
      0.52000000      0.32099533
      0.53000000      0.32083761
      0.54000000      0.32067911
      0.55000000      0.32051960
      0.56000000      0.32035889
      0.57000000      0.32019683
      0.58000000      0.32003334
      0.59000000      0.31986836
      0.60000000      0.31970184
      0.61000000      0.31953380
      0.62000000      0.31936426
      0.63000000      0.31919324
      0.64000000      0.31902082
      0.65000000      0.31884705
      0.66000000      0.31867200
      0.67000000      0.31849574
      0.68000000      0.31831837
      0.69000000      0.31813995
      0.70000000      0.31796057
      0.71000000      0.31778032
      0.72000000      0.31759928
      0.73000000      0.31741757
      0.74000000      0.31723527
      0.75000000      0.31705252
      0.76000000      0.31686945
      0.77000000      0.31668619
      0.78000000      0.31650292
      0.79000000      0.31631980
      0.80000000      0.31613703
      0.81000000      0.31595480
      0.82000000      0.31577334
      0.83000000      0.31559287
      0.84000000      0.31541362
      0.85000000      0.31523583
      0.86000000      0.31505974
      0.87000000      0.31488559
      0.88000000      0.31471361
      0.89000000      0.31454403
      0.90000000      0.31437707
      0.91000000      0.31421294
      0.92000000      0.31405183
      0.93000000      0.31389393
      0.94000000      0.31373940
      0.95000000      0.31358839
      0.96000000      0.31344102
      0.97000000      0.31329739
      0.98000000      0.31315760
      0.99000000      0.31302171
      1.00000000      0.31289130
  
      0.00000000      0.63837912
      0.01000000      0.63305554
      0.02000000      0.62876180
      0.03000000      0.62636009
      0.04000000      0.62605951
      0.05000000      0.62706338
      0.06000000      0.62823369
      0.07000000      0.62906477
      0.08000000      0.62958472
      0.09000000      0.62992937
      0.10000000      0.63019584
      0.11000000      0.63043839
      0.12000000      0.63068460
      0.13000000      0.63094677
      0.14000000      0.63122833
      0.15000000      0.63152740
      0.16000000      0.63183896
      0.17000000      0.63215611
      0.18000000      0.63247092
      0.19000000      0.63277500
      0.20000000      0.63305989
      0.21000000      0.63331748
      0.22000000      0.63354030
      0.23000000      0.63372190
      0.24000000      0.63385724
      0.25000000      0.63394303
      0.26000000      0.63397799
      0.27000000      0.63396296
      0.28000000      0.63390082
      0.29000000      0.63379621
      0.30000000      0.63365500
      0.31000000      0.63348385
      0.32000000      0.63328965
      0.33000000      0.63307912
      0.34000000      0.63285853
      0.35000000      0.63263349
      0.36000000      0.63240892
      0.37000000      0.63218901
      0.38000000      0.63197728
      0.39000000      0.63177663
      0.40000000      0.63158944
      0.41000000      0.63141760
      0.42000000      0.63124654
      0.43000000      0.63111024
      0.44000000      0.63099273
      0.45000000      0.63089457
      0.46000000      0.63081611
      0.47000000      0.63075746
      0.48000000      0.63071858
      0.49000000      0.63069924
      0.50000000      0.63069909
      0.51000000      0.63071766
      0.52000000      0.63076508
      0.53000000      0.63081894
      0.54000000      0.63088965
      0.55000000      0.63097646
      0.56000000      0.63107863
      0.57000000      0.63119539
      0.58000000      0.63132597
      0.59000000      0.63146963
      0.60000000      0.63162563
      0.61000000      0.63179327
      0.62000000      0.63197185
      0.63000000      0.63216071
      0.64000000      0.63235921
      0.65000000      0.63256672
      0.66000000      0.63278266
      0.67000000      0.63300643
      0.68000000      0.63323747
      0.69000000      0.63347522
      0.70000000      0.63371913
      0.71000000      0.63396867
      0.72000000      0.63422331
      0.73000000      0.63448252
      0.74000000      0.63474581
      0.75000000      0.63501266
      0.76000000      0.63528259
      0.77000000      0.63555512
      0.78000000      0.63582978
      0.79000000      0.63610615
      0.80000000      0.63638379
      0.81000000      0.63666231
      0.82000000      0.63694133
      0.83000000      0.63722051
      0.84000000      0.63749954
      0.85000000      0.63777813
      0.86000000      0.63805604
      0.87000000      0.63833306
      0.88000000      0.63860899
      0.89000000      0.63888369
      0.90000000      0.63915702
      0.91000000      0.63942889
      0.92000000      0.63969920
      0.93000000      0.63996789
      0.94000000      0.64023491
      0.95000000      0.64050019
      0.96000000      0.64076369
      0.97000000      0.64102538
      0.98000000      0.64128519
      0.99000000      0.64154308
      1.00000000      0.64179599
  
      0.00000000      0.63850278
      0.01000000      0.64395046
      0.02000000      0.64888699
      0.03000000      0.65280491
      0.04000000      0.65568274
      0.05000000      0.65788077
      0.06000000      0.65966568
      0.07000000      0.66098550
      0.08000000      0.66176415
      0.09000000      0.66204528
      0.10000000      0.66193162
      0.11000000      0.66152671
      0.12000000      0.66091566
      0.13000000      0.66016408
      0.14000000      0.65932187
      0.15000000      0.65842729
      0.16000000      0.65751007
      0.17000000      0.65659375
      0.18000000      0.65569725
      0.19000000      0.65483600
      0.20000000      0.65402275
      0.21000000      0.65326796
      0.22000000      0.65258010
      0.23000000      0.65196567
      0.24000000      0.65142915
      0.25000000      0.65097285
      0.26000000      0.65059675
      0.27000000      0.65029852
      0.28000000      0.65007369
      0.29000000      0.64991594
      0.30000000      0.64981764
      0.31000000      0.64977040
      0.32000000      0.64976559
      0.33000000      0.64979476
      0.34000000      0.64985003
      0.35000000      0.64992422
      0.36000000      0.65001100
      0.37000000      0.65010490
      0.38000000      0.65020126
      0.39000000      0.65029624
      0.40000000      0.65038666
      0.41000000      0.65047000
      0.42000000      0.65052729
      0.43000000      0.65059166
      0.44000000      0.65064439
      0.45000000      0.65068474
      0.46000000      0.65071225
      0.47000000      0.65072671
      0.48000000      0.65072810
      0.49000000      0.65071654
      0.50000000      0.65069227
      0.51000000      0.65065565
      0.52000000      0.65061850
      0.53000000      0.65055798
      0.54000000      0.65048650
      0.55000000      0.65040459
      0.56000000      0.65031280
      0.57000000      0.65021170
      0.58000000      0.65010185
      0.59000000      0.64998384
      0.60000000      0.64985821
      0.61000000      0.64972554
      0.62000000      0.64958637
      0.63000000      0.64944121
      0.64000000      0.64929056
      0.65000000      0.64913490
      0.66000000      0.64897466
      0.67000000      0.64881025
      0.68000000      0.64864201
      0.69000000      0.64847028
      0.70000000      0.64829532
      0.71000000      0.64811737
      0.72000000      0.64793661
      0.73000000      0.64775319
      0.74000000      0.64756720
      0.75000000      0.64737872
      0.76000000      0.64718777
      0.77000000      0.64699436
      0.78000000      0.64679846
      0.79000000      0.64660004
      0.80000000      0.64639903
      0.81000000      0.64619538
      0.82000000      0.64598902
      0.83000000      0.64577989
      0.84000000      0.64556792
      0.85000000      0.64535308
      0.86000000      0.64513534
      0.87000000      0.64491467
      0.88000000      0.64469109
      0.89000000      0.64446461
      0.90000000      0.64423526
      0.91000000      0.64400310
      0.92000000      0.64376820
      0.93000000      0.64353062
      0.94000000      0.64329044
      0.95000000      0.64304776
      0.96000000      0.64280267
      0.97000000      0.64255525
      0.98000000      0.64230560
      0.99000000      0.64205378
      1.00000000      0.64180288
  
      0.00000000      0.93650990
      0.01000000      0.93622858
      0.02000000      0.93578023
      0.03000000      0.93515035
      0.04000000      0.93436005
      0.05000000      0.93350920
      0.06000000      0.93272986
      0.07000000      0.93209478
      0.08000000      0.93160573
      0.09000000      0.93123496
      0.10000000      0.93095299
      0.11000000      0.93073686
      0.12000000      0.93057023
      0.13000000      0.93044179
      0.14000000      0.93034373
      0.15000000      0.93027052
      0.16000000      0.93021820
      0.17000000      0.93018381
      0.18000000      0.93016512
      0.19000000      0.93016036
      0.20000000      0.93016811
      0.21000000      0.93018717
      0.22000000      0.93021652
      0.23000000      0.93025527
      0.24000000      0.93030263
      0.25000000      0.93035788
      0.26000000      0.93042037
      0.27000000      0.93048949
      0.28000000      0.93056468
      0.29000000      0.93064542
      0.30000000      0.93073122
      0.31000000      0.93082161
      0.32000000      0.93091616
      0.33000000      0.93101445
      0.34000000      0.93111607
      0.35000000      0.93122067
      0.36000000      0.93132788
      0.37000000      0.93143736
      0.38000000      0.93154878
      0.39000000      0.93166184
      0.40000000      0.93177624
      0.41000000      0.93189170
      0.42000000      0.93200690
      0.43000000      0.93212359
      0.44000000      0.93224057
      0.45000000      0.93235759
      0.46000000      0.93247444
      0.47000000      0.93259090
      0.48000000      0.93270678
      0.49000000      0.93282188
      0.50000000      0.93293603
      0.51000000      0.93304907
      0.52000000      0.93316250
      0.53000000      0.93327292
      0.54000000      0.93338183
      0.55000000      0.93348911
      0.56000000      0.93359467
      0.57000000      0.93369843
      0.58000000      0.93380033
      0.59000000      0.93390030
      0.60000000      0.93399831
      0.61000000      0.93409431
      0.62000000      0.93418828
      0.63000000      0.93428019
      0.64000000      0.93437004
      0.65000000      0.93445780
      0.66000000      0.93454348
      0.67000000      0.93462707
      0.68000000      0.93470857
      0.69000000      0.93478798
      0.70000000      0.93486531
      0.71000000      0.93494057
      0.72000000      0.93501376
      0.73000000      0.93508490
      0.74000000      0.93515400
      0.75000000      0.93522108
      0.76000000      0.93528616
      0.77000000      0.93534926
      0.78000000      0.93541041
      0.79000000      0.93546964
      0.80000000      0.93552698
      0.81000000      0.93558245
      0.82000000      0.93563609
      0.83000000      0.93568793
      0.84000000      0.93573802
      0.85000000      0.93578638
      0.86000000      0.93583304
      0.87000000      0.93587805
      0.88000000      0.93592144
      0.89000000      0.93596324
      0.90000000      0.93600348
      0.91000000      0.93604220
      0.92000000      0.93607943
      0.93000000      0.93611520
      0.94000000      0.93614954
      0.95000000      0.93618247
      0.96000000      0.93621403
      0.97000000      0.93624423
      0.98000000      0.93627311
      0.99000000      0.93630067
      1.00000000      0.93632637
  
      0.00000000      0.93651801
      0.01000000      0.93666828
      0.02000000      0.93673072
      0.03000000      0.93674020
      0.04000000      0.93673820
      0.05000000      0.93674165
      0.06000000      0.93674069
      0.07000000      0.93672346
      0.08000000      0.93668850
      0.09000000      0.93664007
      0.10000000      0.93658305
      0.11000000      0.93652132
      0.12000000      0.93645761
      0.13000000      0.93639379
      0.14000000      0.93633116
      0.15000000      0.93627058
      0.16000000      0.93621266
      0.17000000      0.93615782
      0.18000000      0.93610634
      0.19000000      0.93605842
      0.20000000      0.93601420
      0.21000000      0.93597375
      0.22000000      0.93593713
      0.23000000      0.93590433
      0.24000000      0.93587537
      0.25000000      0.93585021
      0.26000000      0.93582880
      0.27000000      0.93581108
      0.28000000      0.93579696
      0.29000000      0.93578636
      0.30000000      0.93577916
      0.31000000      0.93577524
      0.32000000      0.93577447
      0.33000000      0.93577670
      0.34000000      0.93578178
      0.35000000      0.93578954
      0.36000000      0.93579981
      0.37000000      0.93581242
      0.38000000      0.93582717
      0.39000000      0.93584390
      0.40000000      0.93586240
      0.41000000      0.93588250
      0.42000000      0.93590188
      0.43000000      0.93592464
      0.44000000      0.93594846
      0.45000000      0.93597317
      0.46000000      0.93599860
      0.47000000      0.93602460
      0.48000000      0.93605102
      0.49000000      0.93607772
      0.50000000      0.93610455
      0.51000000      0.93613140
      0.52000000      0.93616018
      0.53000000      0.93618670
      0.54000000      0.93621290
      0.55000000      0.93623867
      0.56000000      0.93626394
      0.57000000      0.93628863
      0.58000000      0.93631265
      0.59000000      0.93633594
      0.60000000      0.93635845
      0.61000000      0.93638012
      0.62000000      0.93640090
      0.63000000      0.93642075
      0.64000000      0.93643963
      0.65000000      0.93645751
      0.66000000      0.93647435
      0.67000000      0.93649012
      0.68000000      0.93650480
      0.69000000      0.93651836
      0.70000000      0.93653078
      0.71000000      0.93654203
      0.72000000      0.93655211
      0.73000000      0.93656098
      0.74000000      0.93656863
      0.75000000      0.93657506
      0.76000000      0.93658024
      0.77000000      0.93658418
      0.78000000      0.93658685
      0.79000000      0.93658826
      0.80000000      0.93658840
      0.81000000      0.93658727
      0.82000000      0.93658487
      0.83000000      0.93658120
      0.84000000      0.93657625
      0.85000000      0.93657004
      0.86000000      0.93656256
      0.87000000      0.93655381
      0.88000000      0.93654381
      0.89000000      0.93653254
      0.90000000      0.93652003
      0.91000000      0.93650627
      0.92000000      0.93649126
      0.93000000      0.93647501
      0.94000000      0.93645752
      0.95000000      0.93643879
      0.96000000      0.93641881
      0.97000000      0.93639760
      0.98000000      0.93637514
      0.99000000      0.93635142
      1.00000000      0.93632701
  
      0.00000000      0.96056243
      0.01000000      0.96053686
      0.02000000      0.96050275
      0.03000000      0.96046115
      0.04000000      0.96041323
      0.05000000      0.96036456
      0.06000000      0.96032329
      0.07000000      0.96029366
      0.08000000      0.96027494
      0.09000000      0.96026446
      0.10000000      0.96025967
      0.11000000      0.96025863
      0.12000000      0.96026001
      0.13000000      0.96026291
      0.14000000      0.96026672
      0.15000000      0.96027103
      0.16000000      0.96027559
      0.17000000      0.96028020
      0.18000000      0.96028478
      0.19000000      0.96028923
      0.20000000      0.96029353
      0.21000000      0.96029767
      0.22000000      0.96030162
      0.23000000      0.96030541
      0.24000000      0.96030904
      0.25000000      0.96031253
      0.26000000      0.96031590
      0.27000000      0.96031917
      0.28000000      0.96032235
      0.29000000      0.96032546
      0.30000000      0.96032852
      0.31000000      0.96033155
      0.32000000      0.96033455
      0.33000000      0.96033756
      0.34000000      0.96034056
      0.35000000      0.96034359
      0.36000000      0.96034664
      0.37000000      0.96034973
      0.38000000      0.96035286
      0.39000000      0.96035604
      0.40000000      0.96035927
      0.41000000      0.96036255
      0.42000000      0.96036627
      0.43000000      0.96036966
      0.44000000      0.96037312
      0.45000000      0.96037663
      0.46000000      0.96038019
      0.47000000      0.96038379
      0.48000000      0.96038745
      0.49000000      0.96039113
      0.50000000      0.96039485
      0.51000000      0.96039860
      0.52000000      0.96040205
      0.53000000      0.96040583
      0.54000000      0.96040962
      0.55000000      0.96041341
      0.56000000      0.96041720
      0.57000000      0.96042098
      0.58000000      0.96042475
      0.59000000      0.96042852
      0.60000000      0.96043227
      0.61000000      0.96043601
      0.62000000      0.96043974
      0.63000000      0.96044346
      0.64000000      0.96044716
      0.65000000      0.96045087
      0.66000000      0.96045456
      0.67000000      0.96045826
      0.68000000      0.96046195
      0.69000000      0.96046564
      0.70000000      0.96046933
      0.71000000      0.96047301
      0.72000000      0.96047670
      0.73000000      0.96048038
      0.74000000      0.96048406
      0.75000000      0.96048773
      0.76000000      0.96049139
      0.77000000      0.96049504
      0.78000000      0.96049867
      0.79000000      0.96050228
      0.80000000      0.96050586
      0.81000000      0.96050941
      0.82000000      0.96051293
      0.83000000      0.96051641
      0.84000000      0.96051986
      0.85000000      0.96052326
      0.86000000      0.96052662
      0.87000000      0.96052994
      0.88000000      0.96053321
      0.89000000      0.96053644
      0.90000000      0.96053962
      0.91000000      0.96054276
      0.92000000      0.96054586
      0.93000000      0.96054892
      0.94000000      0.96055194
      0.95000000      0.96055492
      0.96000000      0.96055787
      0.97000000      0.96056079
      0.98000000      0.96056368
      0.99000000      0.96056655
      1.00000000      0.96056930
  
      0.00000000      0.96056329
      0.01000000      0.96058019
      0.02000000      0.96058931
      0.03000000      0.96059152
      0.04000000      0.96059103
      0.05000000      0.96059153
      0.06000000      0.96059353
      0.07000000      0.96059594
      0.08000000      0.96059810
      0.09000000      0.96059992
      0.10000000      0.96060151
      0.11000000      0.96060301
      0.12000000      0.96060454
      0.13000000      0.96060617
      0.14000000      0.96060795
      0.15000000      0.96060989
      0.16000000      0.96061201
      0.17000000      0.96061429
      0.18000000      0.96061672
      0.19000000      0.96061926
      0.20000000      0.96062191
      0.21000000      0.96062462
      0.22000000      0.96062736
      0.23000000      0.96063013
      0.24000000      0.96063288
      0.25000000      0.96063560
      0.26000000      0.96063826
      0.27000000      0.96064086
      0.28000000      0.96064337
      0.29000000      0.96064578
      0.30000000      0.96064809
      0.31000000      0.96065029
      0.32000000      0.96065236
      0.33000000      0.96065431
      0.34000000      0.96065612
      0.35000000      0.96065781
      0.36000000      0.96065936
      0.37000000      0.96066078
      0.38000000      0.96066207
      0.39000000      0.96066323
      0.40000000      0.96066426
      0.41000000      0.96066517
      0.42000000      0.96066616
      0.43000000      0.96066684
      0.44000000      0.96066741
      0.45000000      0.96066787
      0.46000000      0.96066824
      0.47000000      0.96066851
      0.48000000      0.96066869
      0.49000000      0.96066878
      0.50000000      0.96066878
      0.51000000      0.96066870
      0.52000000      0.96066831
      0.53000000      0.96066805
      0.54000000      0.96066770
      0.55000000      0.96066726
      0.56000000      0.96066672
      0.57000000      0.96066608
      0.58000000      0.96066534
      0.59000000      0.96066450
      0.60000000      0.96066354
      0.61000000      0.96066248
      0.62000000      0.96066130
      0.63000000      0.96066001
      0.64000000      0.96065861
      0.65000000      0.96065710
      0.66000000      0.96065548
      0.67000000      0.96065376
      0.68000000      0.96065193
      0.69000000      0.96065001
      0.70000000      0.96064800
      0.71000000      0.96064589
      0.72000000      0.96064371
      0.73000000      0.96064145
      0.74000000      0.96063913
      0.75000000      0.96063674
      0.76000000      0.96063430
      0.77000000      0.96063181
      0.78000000      0.96062927
      0.79000000      0.96062670
      0.80000000      0.96062409
      0.81000000      0.96062146
      0.82000000      0.96061881
      0.83000000      0.96061614
      0.84000000      0.96061345
      0.85000000      0.96061075
      0.86000000      0.96060805
      0.87000000      0.96060533
      0.88000000      0.96060261
      0.89000000      0.96059989
      0.90000000      0.96059716
      0.91000000      0.96059443
      0.92000000      0.96059170
      0.93000000      0.96058896
      0.94000000      0.96058621
      0.95000000      0.96058345
      0.96000000      0.96058068
      0.97000000      0.96057791
      0.98000000      0.96057512
      0.99000000      0.96057231
      1.00000000      0.96056958
  
      0.00000000      0.99467559
      0.01000000      0.99446811
      0.02000000      0.99424305
      0.03000000      0.99400802
      0.04000000      0.99375962
      0.05000000      0.99349942
      0.06000000      0.99325601
      0.07000000      0.99306164
      0.08000000      0.99292476
      0.09000000      0.99283622
      0.10000000      0.99278280
      0.11000000      0.99275339
      0.12000000      0.99274009
      0.13000000      0.99273766
      0.14000000      0.99274271
      0.15000000      0.99275305
      0.16000000      0.99276728
      0.17000000      0.99278445
      0.18000000      0.99280394
      0.19000000      0.99282529
      0.20000000      0.99284818
      0.21000000      0.99287235
      0.22000000      0.99289757
      0.23000000      0.99292369
      0.24000000      0.99295054
      0.25000000      0.99297799
      0.26000000      0.99300592
      0.27000000      0.99303424
      0.28000000      0.99306285
      0.29000000      0.99309168
      0.30000000      0.99312066
      0.31000000      0.99314973
      0.32000000      0.99317885
      0.33000000      0.99320798
      0.34000000      0.99323708
      0.35000000      0.99326612
      0.36000000      0.99329507
      0.37000000      0.99332391
      0.38000000      0.99335262
      0.39000000      0.99338117
      0.40000000      0.99340956
      0.41000000      0.99343775
      0.42000000      0.99346694
      0.43000000      0.99349463
      0.44000000      0.99352208
      0.45000000      0.99354925
      0.46000000      0.99357613
      0.47000000      0.99360269
      0.48000000      0.99362890
      0.49000000      0.99365476
      0.50000000      0.99368023
      0.51000000      0.99370529
      0.52000000      0.99372925
      0.53000000      0.99375350
      0.54000000      0.99377729
      0.55000000      0.99380063
      0.56000000      0.99382351
      0.57000000      0.99384592
      0.58000000      0.99386789
      0.59000000      0.99388941
      0.60000000      0.99391049
      0.61000000      0.99393115
      0.62000000      0.99395141
      0.63000000      0.99397127
      0.64000000      0.99399076
      0.65000000      0.99400990
      0.66000000      0.99402870
      0.67000000      0.99404717
      0.68000000      0.99406534
      0.69000000      0.99408321
      0.70000000      0.99410079
      0.71000000      0.99411811
      0.72000000      0.99413516
      0.73000000      0.99415197
      0.74000000      0.99416855
      0.75000000      0.99418490
      0.76000000      0.99420104
      0.77000000      0.99421698
      0.78000000      0.99423275
      0.79000000      0.99424834
      0.80000000      0.99426379
      0.81000000      0.99427910
      0.82000000      0.99429430
      0.83000000      0.99430941
      0.84000000      0.99432444
      0.85000000      0.99433942
      0.86000000      0.99435436
      0.87000000      0.99436930
      0.88000000      0.99438424
      0.89000000      0.99439920
      0.90000000      0.99441421
      0.91000000      0.99442927
      0.92000000      0.99444441
      0.93000000      0.99445963
      0.94000000      0.99447494
      0.95000000      0.99449036
      0.96000000      0.99450589
      0.97000000      0.99452153
      0.98000000      0.99453730
      0.99000000      0.99455319
      1.00000000      0.99456888
  
      0.00000000      0.99467894
      0.01000000      0.99485506
      0.02000000      0.99499476
      0.03000000      0.99509971
      0.04000000      0.99517986
      0.05000000      0.99524231
      0.06000000      0.99528477
      0.07000000      0.99530581
      0.08000000      0.99530971
      0.09000000      0.99530229
      0.10000000      0.99528825
      0.11000000      0.99527075
      0.12000000      0.99525187
      0.13000000      0.99523291
      0.14000000      0.99521471
      0.15000000      0.99519779
      0.16000000      0.99518248
      0.17000000      0.99516898
      0.18000000      0.99515738
      0.19000000      0.99514771
      0.20000000      0.99513997
      0.21000000      0.99513410
      0.22000000      0.99513005
      0.23000000      0.99512771
      0.24000000      0.99512699
      0.25000000      0.99512778
      0.26000000      0.99512995
      0.27000000      0.99513337
      0.28000000      0.99513792
      0.29000000      0.99514344
      0.30000000      0.99514981
      0.31000000      0.99515688
      0.32000000      0.99516451
      0.33000000      0.99517256
      0.34000000      0.99518089
      0.35000000      0.99518936
      0.36000000      0.99519785
      0.37000000      0.99520622
      0.38000000      0.99521437
      0.39000000      0.99522217
      0.40000000      0.99522953
      0.41000000      0.99523636
      0.42000000      0.99524190
      0.43000000      0.99524742
      0.44000000      0.99525219
      0.45000000      0.99525614
      0.46000000      0.99525923
      0.47000000      0.99526143
      0.48000000      0.99526270
      0.49000000      0.99526303
      0.50000000      0.99526241
      0.51000000      0.99526081
      0.52000000      0.99525887
      0.53000000      0.99525535
      0.54000000      0.99525090
      0.55000000      0.99524552
      0.56000000      0.99523924
      0.57000000      0.99523208
      0.58000000      0.99522408
      0.59000000      0.99521526
      0.60000000      0.99520567
      0.61000000      0.99519533
      0.62000000      0.99518430
      0.63000000      0.99517260
      0.64000000      0.99516028
      0.65000000      0.99514738
      0.66000000      0.99513394
      0.67000000      0.99512000
      0.68000000      0.99510560
      0.69000000      0.99509077
      0.70000000      0.99507556
      0.71000000      0.99506000
      0.72000000      0.99504412
      0.73000000      0.99502796
      0.74000000      0.99501155
      0.75000000      0.99499492
      0.76000000      0.99497810
      0.77000000      0.99496112
      0.78000000      0.99494401
      0.79000000      0.99492678
      0.80000000      0.99490947
      0.81000000      0.99489209
      0.82000000      0.99487467
      0.83000000      0.99485722
      0.84000000      0.99483976
      0.85000000      0.99482231
      0.86000000      0.99480489
      0.87000000      0.99478750
      0.88000000      0.99477016
      0.89000000      0.99475288
      0.90000000      0.99473567
      0.91000000      0.99471853
      0.92000000      0.99470149
      0.93000000      0.99468454
      0.94000000      0.99466769
      0.95000000      0.99465095
      0.96000000      0.99463432
      0.97000000      0.99461781
      0.98000000      0.99460142
      0.99000000      0.99458514
      1.00000000      0.99456932
  
