# E (eV) pdos(E) 
-25.065  0.544E-06
-25.055  0.868E-06
-25.045  0.137E-05
-25.035  0.214E-05
-25.025  0.331E-05
-25.015  0.506E-05
-25.005  0.770E-05
-24.995  0.115E-04
-24.985  0.171E-04
-24.975  0.252E-04
-24.965  0.367E-04
-24.955  0.530E-04
-24.945  0.756E-04
-24.935  0.107E-03
-24.925  0.150E-03
-24.915  0.208E-03
-24.905  0.285E-03
-24.895  0.387E-03
-24.885  0.520E-03
-24.875  0.696E-03
-24.865  0.918E-03
-24.855  0.120E-02
-24.845  0.156E-02
-24.835  0.200E-02
-24.825  0.254E-02
-24.815  0.320E-02
-24.805  0.399E-02
-24.795  0.494E-02
-24.785  0.604E-02
-24.775  0.732E-02
-24.765  0.882E-02
-24.755  0.105E-01
-24.745  0.124E-01
-24.735  0.145E-01
-24.725  0.168E-01
-24.715  0.194E-01
-24.705  0.221E-01
-24.695  0.250E-01
-24.685  0.280E-01
-24.675  0.311E-01
-24.665  0.343E-01
-24.655  0.375E-01
-24.645  0.408E-01
-24.635  0.438E-01
-24.625  0.468E-01
-24.615  0.496E-01
-24.605  0.524E-01
-24.595  0.548E-01
-24.585  0.572E-01
-24.575  0.588E-01
-24.565  0.606E-01
-24.555  0.620E-01
-24.545  0.630E-01
-24.535  0.640E-01
-24.525  0.644E-01
-24.515  0.648E-01
-24.505  0.650E-01
-24.495  0.652E-01
-24.485  0.648E-01
-24.475  0.648E-01
-24.465  0.644E-01
-24.455  0.644E-01
-24.445  0.640E-01
-24.435  0.638E-01
-24.425  0.634E-01
-24.415  0.630E-01
-24.405  0.628E-01
-24.395  0.624E-01
-24.385  0.618E-01
-24.375  0.614E-01
-24.365  0.606E-01
-24.355  0.598E-01
-24.345  0.590E-01
-24.335  0.578E-01
-24.325  0.564E-01
-24.315  0.548E-01
-24.305  0.530E-01
-24.295  0.510E-01
-24.285  0.488E-01
-24.275  0.466E-01
-24.265  0.440E-01
-24.255  0.414E-01
-24.245  0.386E-01
-24.235  0.358E-01
-24.225  0.329E-01
-24.215  0.301E-01
-24.205  0.273E-01
-24.195  0.245E-01
-24.185  0.219E-01
-24.175  0.194E-01
-24.165  0.170E-01
-24.155  0.148E-01
-24.145  0.128E-01
-24.135  0.110E-01
-24.125  0.934E-02
-24.115  0.786E-02
-24.105  0.658E-02
-24.095  0.544E-02
-24.085  0.446E-02
-24.075  0.363E-02
-24.065  0.293E-02
-24.055  0.234E-02
-24.045  0.185E-02
-24.035  0.145E-02
-24.025  0.113E-02
-24.015  0.868E-03
-24.005  0.662E-03
-23.995  0.498E-03
-23.985  0.374E-03
-23.975  0.277E-03
-23.965  0.204E-03
-23.955  0.148E-03
-23.945  0.106E-03
-23.935  0.760E-04
-23.925  0.538E-04
-23.915  0.375E-04
-23.905  0.260E-04
-23.895  0.178E-04
-23.885  0.121E-04
-23.875  0.812E-05
-23.865  0.542E-05
-23.855  0.357E-05
-23.845  0.233E-05
-23.835  0.150E-05
-23.825  0.960E-06
-23.815  0.608E-06
-23.805  0.381E-06
-23.795  0.236E-06
-23.785  0.145E-06
-23.775  0.882E-07
-23.765  0.530E-07
-23.755  0.316E-07
-23.745  0.186E-07
-23.735  0.109E-07
-23.725  0.628E-08
-23.715  0.358E-08
-23.705  0.202E-08
-23.695  0.113E-08
-23.685  0.628E-09
-23.675  0.344E-09
-23.665  0.187E-09
-23.655  0.100E-09
-23.645  0.532E-10
-23.635  0.280E-10
-23.625  0.145E-10
-23.615  0.748E-11
-23.605  0.379E-11
-23.595  0.190E-11
-23.585  0.938E-12
-23.575  0.456E-12
-23.565  0.218E-12
-23.555  0.964E-13
-23.545  0.420E-13
-23.535  0.158E-13
-23.525  0.359E-15
-23.515  0.000E+00
-23.505  0.000E+00
-23.495  0.000E+00
-23.485  0.000E+00
-23.475  0.000E+00
-23.465  0.000E+00
-23.455  0.000E+00
-23.445  0.000E+00
-23.435  0.000E+00
-23.425  0.000E+00
-23.415  0.000E+00
-23.405  0.000E+00
-23.395  0.000E+00
-23.385  0.000E+00
-23.375  0.000E+00
-23.365  0.000E+00
-23.355  0.000E+00
-23.345  0.000E+00
-23.335  0.000E+00
-23.325  0.000E+00
-23.315  0.000E+00
-23.305  0.000E+00
-23.295  0.000E+00
-23.285  0.000E+00
-23.275  0.000E+00
-23.265  0.000E+00
-23.255  0.000E+00
-23.245  0.000E+00
-23.235  0.000E+00
-23.225  0.000E+00
-23.215  0.000E+00
-23.205  0.000E+00
-23.195  0.000E+00
-23.185  0.000E+00
-23.175  0.000E+00
-23.165  0.000E+00
-23.155  0.000E+00
-23.145  0.000E+00
-23.135  0.000E+00
-23.125  0.000E+00
-23.115  0.000E+00
-23.105  0.000E+00
-23.095  0.000E+00
-23.085  0.000E+00
-23.075  0.000E+00
-23.065  0.000E+00
-23.055  0.000E+00
-23.045  0.000E+00
-23.035  0.000E+00
-23.025  0.000E+00
-23.015  0.000E+00
-23.005  0.000E+00
-22.995  0.000E+00
-22.985  0.000E+00
-22.975  0.000E+00
-22.965  0.000E+00
-22.955  0.000E+00
-22.945  0.000E+00
-22.935  0.000E+00
-22.925  0.000E+00
-22.915  0.000E+00
-22.905  0.000E+00
-22.895  0.000E+00
-22.885  0.000E+00
-22.875  0.000E+00
-22.865  0.000E+00
-22.855  0.000E+00
-22.845  0.000E+00
-22.835  0.000E+00
-22.825  0.000E+00
-22.815  0.000E+00
-22.805  0.000E+00
-22.795  0.000E+00
-22.785  0.000E+00
-22.775  0.000E+00
-22.765  0.000E+00
-22.755  0.000E+00
-22.745  0.000E+00
-22.735  0.000E+00
-22.725  0.000E+00
-22.715  0.000E+00
-22.705  0.000E+00
-22.695  0.000E+00
-22.685  0.000E+00
-22.675  0.000E+00
-22.665  0.000E+00
-22.655  0.000E+00
-22.645  0.000E+00
-22.635  0.000E+00
-22.625  0.000E+00
-22.615  0.000E+00
-22.605  0.000E+00
-22.595  0.000E+00
-22.585  0.000E+00
-22.575  0.000E+00
-22.565  0.000E+00
-22.555  0.000E+00
-22.545  0.000E+00
-22.535  0.000E+00
-22.525  0.000E+00
-22.515  0.000E+00
-22.505  0.000E+00
-22.495  0.000E+00
-22.485  0.000E+00
-22.475  0.000E+00
-22.465  0.000E+00
-22.455  0.000E+00
-22.445  0.000E+00
-22.435  0.000E+00
-22.425  0.000E+00
-22.415  0.000E+00
-22.405  0.000E+00
-22.395  0.000E+00
-22.385  0.000E+00
-22.375  0.000E+00
-22.365  0.000E+00
-22.355  0.000E+00
-22.345  0.000E+00
-22.335  0.000E+00
-22.325  0.000E+00
-22.315  0.000E+00
-22.305  0.000E+00
-22.295  0.000E+00
-22.285  0.000E+00
-22.275  0.000E+00
-22.265  0.000E+00
-22.255  0.000E+00
-22.245  0.000E+00
-22.235  0.000E+00
-22.225  0.000E+00
-22.215  0.000E+00
-22.205  0.000E+00
-22.195  0.000E+00
-22.185  0.000E+00
-22.175  0.000E+00
-22.165  0.000E+00
-22.155  0.000E+00
-22.145  0.000E+00
-22.135  0.000E+00
-22.125  0.000E+00
-22.115  0.000E+00
-22.105  0.000E+00
-22.095  0.000E+00
-22.085  0.000E+00
-22.075  0.000E+00
-22.065  0.000E+00
-22.055  0.000E+00
-22.045  0.000E+00
-22.035  0.000E+00
-22.025  0.000E+00
-22.015  0.000E+00
-22.005  0.000E+00
-21.995  0.000E+00
-21.985  0.000E+00
-21.975  0.000E+00
-21.965  0.000E+00
-21.955  0.000E+00
-21.945  0.000E+00
-21.935  0.000E+00
-21.925  0.000E+00
-21.915  0.000E+00
-21.905  0.000E+00
-21.895  0.000E+00
-21.885  0.000E+00
-21.875  0.000E+00
-21.865  0.000E+00
-21.855  0.000E+00
-21.845  0.000E+00
-21.835  0.000E+00
-21.825  0.000E+00
-21.815  0.000E+00
-21.805  0.000E+00
-21.795  0.000E+00
-21.785  0.000E+00
-21.775  0.000E+00
-21.765  0.000E+00
-21.755  0.000E+00
-21.745  0.000E+00
-21.735  0.000E+00
-21.725  0.000E+00
-21.715  0.000E+00
-21.705  0.000E+00
-21.695  0.000E+00
-21.685  0.000E+00
-21.675  0.000E+00
-21.665  0.000E+00
-21.655  0.000E+00
-21.645  0.000E+00
-21.635  0.000E+00
-21.625  0.000E+00
-21.615  0.000E+00
-21.605  0.000E+00
-21.595  0.000E+00
-21.585  0.000E+00
-21.575  0.000E+00
-21.565  0.000E+00
-21.555  0.000E+00
-21.545  0.000E+00
-21.535  0.000E+00
-21.525  0.000E+00
-21.515  0.000E+00
-21.505  0.000E+00
-21.495  0.000E+00
-21.485  0.000E+00
-21.475  0.000E+00
-21.465  0.000E+00
-21.455  0.000E+00
-21.445  0.000E+00
-21.435  0.000E+00
-21.425  0.000E+00
-21.415  0.000E+00
-21.405  0.000E+00
-21.395  0.000E+00
-21.385  0.000E+00
-21.375  0.000E+00
-21.365  0.000E+00
-21.355  0.000E+00
-21.345  0.000E+00
-21.335  0.000E+00
-21.325  0.000E+00
-21.315  0.000E+00
-21.305  0.000E+00
-21.295  0.000E+00
-21.285  0.000E+00
-21.275  0.000E+00
-21.265  0.000E+00
-21.255  0.000E+00
-21.245  0.000E+00
-21.235  0.000E+00
-21.225  0.000E+00
-21.215  0.000E+00
-21.205  0.000E+00
-21.195  0.000E+00
-21.185  0.000E+00
-21.175  0.000E+00
-21.165  0.000E+00
-21.155  0.000E+00
-21.145  0.000E+00
-21.135  0.000E+00
-21.125  0.000E+00
-21.115  0.000E+00
-21.105  0.000E+00
-21.095  0.000E+00
-21.085  0.000E+00
-21.075  0.000E+00
-21.065  0.000E+00
-21.055  0.000E+00
-21.045  0.000E+00
-21.035  0.000E+00
-21.025  0.000E+00
-21.015  0.000E+00
-21.005  0.000E+00
-20.995  0.000E+00
-20.985  0.000E+00
-20.975  0.000E+00
-20.965  0.000E+00
-20.955  0.000E+00
-20.945  0.000E+00
-20.935  0.000E+00
-20.925  0.000E+00
-20.915  0.000E+00
-20.905  0.000E+00
-20.895  0.000E+00
-20.885  0.000E+00
-20.875  0.000E+00
-20.865  0.000E+00
-20.855  0.000E+00
-20.845  0.000E+00
-20.835  0.000E+00
-20.825  0.000E+00
-20.815  0.000E+00
-20.805  0.000E+00
-20.795  0.000E+00
-20.785  0.000E+00
-20.775  0.000E+00
-20.765  0.000E+00
-20.755  0.000E+00
-20.745  0.000E+00
-20.735  0.000E+00
-20.725  0.000E+00
-20.715  0.000E+00
-20.705  0.000E+00
-20.695  0.000E+00
-20.685  0.000E+00
-20.675  0.000E+00
-20.665  0.000E+00
-20.655  0.000E+00
-20.645  0.000E+00
-20.635  0.000E+00
-20.625  0.000E+00
-20.615  0.000E+00
-20.605  0.000E+00
-20.595  0.000E+00
-20.585  0.000E+00
-20.575  0.000E+00
-20.565  0.000E+00
-20.555  0.000E+00
-20.545  0.000E+00
-20.535  0.000E+00
-20.525  0.000E+00
-20.515  0.000E+00
-20.505  0.000E+00
-20.495  0.000E+00
-20.485  0.000E+00
-20.475  0.000E+00
-20.465  0.000E+00
-20.455  0.000E+00
-20.445  0.000E+00
-20.435  0.000E+00
-20.425  0.000E+00
-20.415  0.000E+00
-20.405  0.000E+00
-20.395  0.000E+00
-20.385  0.000E+00
-20.375  0.000E+00
-20.365  0.000E+00
-20.355  0.000E+00
-20.345  0.000E+00
-20.335  0.000E+00
-20.325  0.000E+00
-20.315  0.000E+00
-20.305  0.000E+00
-20.295  0.000E+00
-20.285  0.000E+00
-20.275  0.000E+00
-20.265  0.000E+00
-20.255  0.000E+00
-20.245  0.000E+00
-20.235  0.000E+00
-20.225  0.000E+00
-20.215  0.000E+00
-20.205  0.000E+00
-20.195  0.000E+00
-20.185  0.000E+00
-20.175  0.000E+00
-20.165  0.000E+00
-20.155  0.000E+00
-20.145  0.000E+00
-20.135  0.000E+00
-20.125  0.000E+00
-20.115  0.000E+00
-20.105  0.000E+00
-20.095  0.000E+00
-20.085  0.000E+00
-20.075  0.000E+00
-20.065  0.000E+00
-20.055  0.000E+00
-20.045  0.000E+00
-20.035  0.000E+00
-20.025  0.000E+00
-20.015  0.000E+00
-20.005  0.000E+00
-19.995  0.000E+00
-19.985  0.000E+00
-19.975  0.000E+00
-19.965  0.000E+00
-19.955  0.000E+00
-19.945  0.000E+00
-19.935  0.000E+00
-19.925  0.000E+00
-19.915  0.000E+00
-19.905  0.000E+00
-19.895  0.000E+00
-19.885  0.000E+00
-19.875  0.000E+00
-19.865  0.000E+00
-19.855  0.000E+00
-19.845  0.000E+00
-19.835  0.000E+00
-19.825  0.000E+00
-19.815  0.000E+00
-19.805  0.000E+00
-19.795  0.000E+00
-19.785  0.000E+00
-19.775  0.000E+00
-19.765  0.000E+00
-19.755  0.000E+00
-19.745  0.000E+00
-19.735  0.000E+00
-19.725  0.000E+00
-19.715  0.000E+00
-19.705  0.000E+00
-19.695  0.000E+00
-19.685  0.000E+00
-19.675  0.000E+00
-19.665  0.000E+00
-19.655  0.000E+00
-19.645  0.000E+00
-19.635  0.000E+00
-19.625  0.000E+00
-19.615  0.000E+00
-19.605  0.000E+00
-19.595  0.000E+00
-19.585  0.000E+00
-19.575  0.000E+00
-19.565  0.000E+00
-19.555  0.000E+00
-19.545  0.000E+00
-19.535  0.000E+00
-19.525  0.000E+00
-19.515  0.000E+00
-19.505  0.000E+00
-19.495  0.000E+00
-19.485  0.000E+00
-19.475  0.000E+00
-19.465  0.000E+00
-19.455  0.000E+00
-19.445  0.000E+00
-19.435  0.000E+00
-19.425  0.000E+00
-19.415  0.000E+00
-19.405  0.000E+00
-19.395  0.000E+00
-19.385  0.000E+00
-19.375  0.000E+00
-19.365  0.000E+00
-19.355  0.000E+00
-19.345  0.000E+00
-19.335  0.000E+00
-19.325  0.000E+00
-19.315  0.000E+00
-19.305  0.000E+00
-19.295  0.000E+00
-19.285  0.000E+00
-19.275  0.000E+00
-19.265  0.000E+00
-19.255  0.000E+00
-19.245  0.000E+00
-19.235  0.000E+00
-19.225  0.000E+00
-19.215  0.000E+00
-19.205  0.000E+00
-19.195  0.000E+00
-19.185  0.000E+00
-19.175  0.000E+00
-19.165  0.000E+00
-19.155  0.000E+00
-19.145  0.000E+00
-19.135  0.000E+00
-19.125  0.000E+00
-19.115  0.000E+00
-19.105  0.000E+00
-19.095  0.000E+00
-19.085  0.000E+00
-19.075  0.000E+00
-19.065  0.000E+00
-19.055  0.000E+00
-19.045  0.000E+00
-19.035  0.000E+00
-19.025  0.000E+00
-19.015  0.000E+00
-19.005  0.000E+00
-18.995  0.000E+00
-18.985  0.000E+00
-18.975  0.000E+00
-18.965  0.000E+00
-18.955  0.000E+00
-18.945  0.000E+00
-18.935  0.000E+00
-18.925  0.000E+00
-18.915  0.000E+00
-18.905  0.000E+00
-18.895  0.000E+00
-18.885  0.000E+00
-18.875  0.000E+00
-18.865  0.000E+00
-18.855  0.000E+00
-18.845  0.000E+00
-18.835  0.000E+00
-18.825  0.000E+00
-18.815  0.000E+00
-18.805  0.000E+00
-18.795  0.000E+00
-18.785  0.000E+00
-18.775  0.000E+00
-18.765  0.000E+00
-18.755  0.000E+00
-18.745  0.000E+00
-18.735  0.000E+00
-18.725  0.000E+00
-18.715  0.000E+00
-18.705  0.000E+00
-18.695  0.000E+00
-18.685  0.000E+00
-18.675  0.000E+00
-18.665  0.000E+00
-18.655  0.000E+00
-18.645  0.000E+00
-18.635  0.000E+00
-18.625  0.000E+00
-18.615  0.000E+00
-18.605  0.000E+00
-18.595  0.000E+00
-18.585  0.000E+00
-18.575  0.000E+00
-18.565  0.000E+00
-18.555  0.000E+00
-18.545  0.000E+00
-18.535  0.000E+00
-18.525  0.000E+00
-18.515  0.000E+00
-18.505  0.000E+00
-18.495  0.000E+00
-18.485  0.000E+00
-18.475  0.000E+00
-18.465  0.000E+00
-18.455  0.000E+00
-18.445  0.000E+00
-18.435  0.000E+00
-18.425  0.000E+00
-18.415  0.000E+00
-18.405  0.000E+00
-18.395  0.000E+00
-18.385  0.000E+00
-18.375  0.000E+00
-18.365  0.000E+00
-18.355  0.000E+00
-18.345  0.000E+00
-18.335  0.000E+00
-18.325  0.000E+00
-18.315  0.000E+00
-18.305  0.000E+00
-18.295  0.000E+00
-18.285  0.000E+00
-18.275  0.000E+00
-18.265  0.000E+00
-18.255  0.000E+00
-18.245  0.000E+00
-18.235  0.000E+00
-18.225  0.000E+00
-18.215  0.000E+00
-18.205  0.000E+00
-18.195  0.000E+00
-18.185  0.000E+00
-18.175  0.000E+00
-18.165  0.000E+00
-18.155  0.000E+00
-18.145  0.000E+00
-18.135  0.000E+00
-18.125  0.000E+00
-18.115  0.000E+00
-18.105  0.000E+00
-18.095  0.000E+00
-18.085  0.000E+00
-18.075  0.000E+00
-18.065  0.000E+00
-18.055  0.000E+00
-18.045  0.000E+00
-18.035  0.000E+00
-18.025  0.000E+00
-18.015  0.000E+00
-18.005  0.000E+00
-17.995  0.000E+00
-17.985  0.000E+00
-17.975  0.000E+00
-17.965  0.000E+00
-17.955  0.000E+00
-17.945  0.000E+00
-17.935  0.000E+00
-17.925  0.000E+00
-17.915  0.000E+00
-17.905  0.000E+00
-17.895  0.000E+00
-17.885  0.000E+00
-17.875  0.000E+00
-17.865  0.000E+00
-17.855  0.000E+00
-17.845  0.000E+00
-17.835  0.000E+00
-17.825  0.000E+00
-17.815  0.000E+00
-17.805  0.000E+00
-17.795  0.000E+00
-17.785  0.000E+00
-17.775  0.000E+00
-17.765  0.000E+00
-17.755  0.000E+00
-17.745  0.000E+00
-17.735  0.000E+00
-17.725  0.000E+00
-17.715  0.000E+00
-17.705  0.000E+00
-17.695  0.000E+00
-17.685  0.000E+00
-17.675  0.000E+00
-17.665  0.000E+00
-17.655  0.000E+00
-17.645  0.000E+00
-17.635  0.000E+00
-17.625  0.000E+00
-17.615  0.000E+00
-17.605  0.000E+00
-17.595  0.000E+00
-17.585  0.000E+00
-17.575  0.000E+00
-17.565  0.000E+00
-17.555  0.000E+00
-17.545  0.000E+00
-17.535  0.000E+00
-17.525  0.000E+00
-17.515  0.000E+00
-17.505  0.000E+00
-17.495  0.000E+00
-17.485  0.000E+00
-17.475  0.000E+00
-17.465  0.000E+00
-17.455  0.000E+00
-17.445  0.000E+00
-17.435  0.000E+00
-17.425  0.000E+00
-17.415  0.000E+00
-17.405  0.000E+00
-17.395  0.000E+00
-17.385  0.000E+00
-17.375  0.000E+00
-17.365  0.000E+00
-17.355  0.000E+00
-17.345  0.000E+00
-17.335  0.000E+00
-17.325  0.000E+00
-17.315  0.000E+00
-17.305  0.000E+00
-17.295  0.000E+00
-17.285  0.000E+00
-17.275  0.000E+00
-17.265  0.000E+00
-17.255  0.000E+00
-17.245  0.000E+00
-17.235  0.000E+00
-17.225  0.000E+00
-17.215  0.000E+00
-17.205  0.000E+00
-17.195  0.000E+00
-17.185  0.000E+00
-17.175  0.000E+00
-17.165  0.000E+00
-17.155  0.000E+00
-17.145  0.000E+00
-17.135  0.000E+00
-17.125  0.000E+00
-17.115  0.000E+00
-17.105  0.000E+00
-17.095  0.000E+00
-17.085  0.000E+00
-17.075  0.000E+00
-17.065  0.000E+00
-17.055  0.000E+00
-17.045  0.000E+00
-17.035  0.000E+00
-17.025  0.000E+00
-17.015  0.000E+00
-17.005  0.000E+00
-16.995  0.000E+00
-16.985  0.000E+00
-16.975  0.000E+00
-16.965  0.000E+00
-16.955  0.000E+00
-16.945  0.000E+00
-16.935  0.000E+00
-16.925  0.000E+00
-16.915  0.000E+00
-16.905  0.000E+00
-16.895  0.000E+00
-16.885  0.000E+00
-16.875  0.000E+00
-16.865  0.000E+00
-16.855  0.000E+00
-16.845  0.000E+00
-16.835  0.000E+00
-16.825  0.000E+00
-16.815  0.000E+00
-16.805  0.000E+00
-16.795  0.000E+00
-16.785  0.000E+00
-16.775  0.000E+00
-16.765  0.000E+00
-16.755  0.000E+00
-16.745  0.000E+00
-16.735  0.000E+00
-16.725  0.000E+00
-16.715  0.000E+00
-16.705  0.000E+00
-16.695  0.000E+00
-16.685  0.000E+00
-16.675  0.000E+00
-16.665  0.000E+00
-16.655  0.000E+00
-16.645  0.000E+00
-16.635  0.000E+00
-16.625  0.000E+00
-16.615  0.000E+00
-16.605  0.000E+00
-16.595  0.000E+00
-16.585  0.000E+00
-16.575  0.000E+00
-16.565  0.000E+00
-16.555  0.000E+00
-16.545  0.000E+00
-16.535  0.000E+00
-16.525  0.000E+00
-16.515  0.000E+00
-16.505  0.000E+00
-16.495  0.000E+00
-16.485  0.000E+00
-16.475  0.000E+00
-16.465  0.000E+00
-16.455  0.000E+00
-16.445  0.000E+00
-16.435  0.000E+00
-16.425  0.000E+00
-16.415  0.000E+00
-16.405  0.000E+00
-16.395  0.000E+00
-16.385  0.000E+00
-16.375  0.000E+00
-16.365  0.000E+00
-16.355  0.000E+00
-16.345  0.000E+00
-16.335  0.000E+00
-16.325  0.000E+00
-16.315  0.000E+00
-16.305  0.000E+00
-16.295  0.000E+00
-16.285  0.000E+00
-16.275  0.000E+00
-16.265  0.000E+00
-16.255  0.000E+00
-16.245  0.000E+00
-16.235  0.000E+00
-16.225  0.000E+00
-16.215  0.000E+00
-16.205  0.000E+00
-16.195  0.000E+00
-16.185  0.000E+00
-16.175  0.000E+00
-16.165  0.000E+00
-16.155  0.000E+00
-16.145  0.000E+00
-16.135  0.000E+00
-16.125  0.000E+00
-16.115  0.000E+00
-16.105  0.000E+00
-16.095  0.000E+00
-16.085  0.000E+00
-16.075  0.000E+00
-16.065  0.000E+00
-16.055  0.000E+00
-16.045  0.000E+00
-16.035  0.000E+00
-16.025  0.000E+00
-16.015  0.000E+00
-16.005  0.000E+00
-15.995  0.000E+00
-15.985  0.000E+00
-15.975  0.000E+00
-15.965  0.000E+00
-15.955  0.000E+00
-15.945  0.000E+00
-15.935  0.000E+00
-15.925  0.000E+00
-15.915  0.000E+00
-15.905  0.000E+00
-15.895  0.000E+00
-15.885  0.000E+00
-15.875  0.000E+00
-15.865  0.000E+00
-15.855  0.000E+00
-15.845  0.000E+00
-15.835  0.000E+00
-15.825  0.000E+00
-15.815  0.000E+00
-15.805  0.000E+00
-15.795  0.000E+00
-15.785  0.000E+00
-15.775  0.000E+00
-15.765  0.000E+00
-15.755  0.000E+00
-15.745  0.000E+00
-15.735  0.000E+00
-15.725  0.000E+00
-15.715  0.000E+00
-15.705  0.000E+00
-15.695  0.000E+00
-15.685  0.000E+00
-15.675  0.000E+00
-15.665  0.000E+00
-15.655  0.000E+00
-15.645  0.000E+00
-15.635  0.000E+00
-15.625  0.000E+00
-15.615  0.000E+00
-15.605  0.000E+00
-15.595  0.000E+00
-15.585  0.000E+00
-15.575  0.000E+00
-15.565  0.000E+00
-15.555  0.000E+00
-15.545  0.000E+00
-15.535  0.000E+00
-15.525  0.000E+00
-15.515  0.000E+00
-15.505  0.000E+00
-15.495  0.000E+00
-15.485  0.000E+00
-15.475  0.000E+00
-15.465  0.000E+00
-15.455  0.000E+00
-15.445  0.000E+00
-15.435  0.000E+00
-15.425  0.000E+00
-15.415  0.000E+00
-15.405  0.000E+00
-15.395  0.000E+00
-15.385  0.000E+00
-15.375  0.000E+00
-15.365  0.000E+00
-15.355  0.000E+00
-15.345  0.000E+00
-15.335  0.000E+00
-15.325  0.000E+00
-15.315  0.000E+00
-15.305  0.000E+00
-15.295  0.000E+00
-15.285  0.000E+00
-15.275  0.000E+00
-15.265  0.000E+00
-15.255  0.000E+00
-15.245  0.000E+00
-15.235  0.000E+00
-15.225  0.000E+00
-15.215  0.000E+00
-15.205  0.000E+00
-15.195  0.000E+00
-15.185  0.000E+00
-15.175  0.000E+00
-15.165  0.000E+00
-15.155  0.000E+00
-15.145  0.000E+00
-15.135  0.000E+00
-15.125  0.000E+00
-15.115  0.000E+00
-15.105  0.000E+00
-15.095  0.000E+00
-15.085  0.000E+00
-15.075  0.000E+00
-15.065  0.000E+00
-15.055  0.000E+00
-15.045  0.000E+00
-15.035  0.000E+00
-15.025  0.000E+00
-15.015  0.000E+00
-15.005  0.000E+00
-14.995  0.000E+00
-14.985  0.000E+00
-14.975  0.000E+00
-14.965  0.000E+00
-14.955  0.000E+00
-14.945  0.000E+00
-14.935  0.000E+00
-14.925  0.000E+00
-14.915  0.000E+00
-14.905  0.000E+00
-14.895  0.000E+00
-14.885  0.000E+00
-14.875  0.000E+00
-14.865  0.000E+00
-14.855  0.000E+00
-14.845  0.000E+00
-14.835  0.000E+00
-14.825  0.000E+00
-14.815  0.000E+00
-14.805  0.000E+00
-14.795  0.000E+00
-14.785  0.000E+00
-14.775  0.000E+00
-14.765  0.000E+00
-14.755  0.000E+00
-14.745  0.000E+00
-14.735  0.000E+00
-14.725  0.000E+00
-14.715  0.000E+00
-14.705  0.000E+00
-14.695  0.000E+00
-14.685  0.000E+00
-14.675  0.000E+00
-14.665  0.000E+00
-14.655  0.000E+00
-14.645  0.000E+00
-14.635  0.000E+00
-14.625  0.000E+00
-14.615  0.000E+00
-14.605  0.000E+00
-14.595  0.000E+00
-14.585  0.696E-14
-14.575  0.218E-13
-14.565  0.566E-13
-14.555  0.128E-12
-14.545  0.273E-12
-14.535  0.566E-12
-14.525  0.115E-11
-14.515  0.229E-11
-14.505  0.452E-11
-14.495  0.882E-11
-14.485  0.170E-10
-14.475  0.325E-10
-14.465  0.614E-10
-14.455  0.115E-09
-14.445  0.212E-09
-14.435  0.388E-09
-14.425  0.702E-09
-14.415  0.126E-08
-14.405  0.223E-08
-14.395  0.391E-08
-14.385  0.680E-08
-14.375  0.117E-07
-14.365  0.199E-07
-14.355  0.335E-07
-14.345  0.558E-07
-14.335  0.920E-07
-14.325  0.150E-06
-14.315  0.243E-06
-14.305  0.388E-06
-14.295  0.616E-06
-14.285  0.964E-06
-14.275  0.150E-05
-14.265  0.230E-05
-14.255  0.349E-05
-14.245  0.526E-05
-14.235  0.784E-05
-14.225  0.116E-04
-14.215  0.169E-04
-14.205  0.244E-04
-14.195  0.350E-04
-14.185  0.496E-04
-14.175  0.698E-04
-14.165  0.968E-04
-14.155  0.134E-03
-14.145  0.182E-03
-14.135  0.246E-03
-14.125  0.329E-03
-14.115  0.436E-03
-14.105  0.572E-03
-14.095  0.746E-03
-14.085  0.962E-03
-14.075  0.123E-02
-14.065  0.155E-02
-14.055  0.195E-02
-14.045  0.242E-02
-14.035  0.299E-02
-14.025  0.365E-02
-14.015  0.442E-02
-14.005  0.530E-02
-13.995  0.632E-02
-13.985  0.746E-02
-13.975  0.874E-02
-13.965  0.102E-01
-13.955  0.117E-01
-13.945  0.134E-01
-13.935  0.153E-01
-13.925  0.172E-01
-13.915  0.193E-01
-13.905  0.215E-01
-13.895  0.237E-01
-13.885  0.261E-01
-13.875  0.285E-01
-13.865  0.310E-01
-13.855  0.334E-01
-13.845  0.359E-01
-13.835  0.384E-01
-13.825  0.408E-01
-13.815  0.434E-01
-13.805  0.458E-01
-13.795  0.482E-01
-13.785  0.506E-01
-13.775  0.530E-01
-13.765  0.554E-01
-13.755  0.578E-01
-13.745  0.604E-01
-13.735  0.628E-01
-13.725  0.656E-01
-13.715  0.686E-01
-13.705  0.718E-01
-13.695  0.750E-01
-13.685  0.788E-01
-13.675  0.828E-01
-13.665  0.872E-01
-13.655  0.922E-01
-13.645  0.974E-01
-13.635  0.103E+00
-13.625  0.110E+00
-13.615  0.116E+00
-13.605  0.123E+00
-13.595  0.131E+00
-13.585  0.139E+00
-13.575  0.147E+00
-13.565  0.155E+00
-13.555  0.163E+00
-13.545  0.171E+00
-13.535  0.180E+00
-13.525  0.187E+00
-13.515  0.195E+00
-13.505  0.201E+00
-13.495  0.207E+00
-13.485  0.213E+00
-13.475  0.218E+00
-13.465  0.222E+00
-13.455  0.226E+00
-13.445  0.228E+00
-13.435  0.230E+00
-13.425  0.232E+00
-13.415  0.233E+00
-13.405  0.233E+00
-13.395  0.233E+00
-13.385  0.233E+00
-13.375  0.232E+00
-13.365  0.232E+00
-13.355  0.231E+00
-13.345  0.231E+00
-13.335  0.230E+00
-13.325  0.230E+00
-13.315  0.230E+00
-13.305  0.230E+00
-13.295  0.231E+00
-13.285  0.233E+00
-13.275  0.236E+00
-13.265  0.239E+00
-13.255  0.244E+00
-13.245  0.250E+00
-13.235  0.257E+00
-13.225  0.266E+00
-13.215  0.277E+00
-13.205  0.290E+00
-13.195  0.306E+00
-13.185  0.324E+00
-13.175  0.344E+00
-13.165  0.368E+00
-13.155  0.394E+00
-13.145  0.422E+00
-13.135  0.452E+00
-13.125  0.484E+00
-13.115  0.520E+00
-13.105  0.556E+00
-13.095  0.592E+00
-13.085  0.628E+00
-13.075  0.660E+00
-13.065  0.692E+00
-13.055  0.718E+00
-13.045  0.742E+00
-13.035  0.762E+00
-13.025  0.776E+00
-13.015  0.784E+00
-13.005  0.786E+00
-12.995  0.782E+00
-12.985  0.770E+00
-12.975  0.752E+00
-12.965  0.730E+00
-12.955  0.702E+00
-12.945  0.670E+00
-12.935  0.636E+00
-12.925  0.598E+00
-12.915  0.560E+00
-12.905  0.522E+00
-12.895  0.484E+00
-12.885  0.446E+00
-12.875  0.410E+00
-12.865  0.379E+00
-12.855  0.349E+00
-12.845  0.322E+00
-12.835  0.298E+00
-12.825  0.278E+00
-12.815  0.260E+00
-12.805  0.245E+00
-12.795  0.233E+00
-12.785  0.223E+00
-12.775  0.215E+00
-12.765  0.209E+00
-12.755  0.203E+00
-12.745  0.199E+00
-12.735  0.195E+00
-12.725  0.191E+00
-12.715  0.188E+00
-12.705  0.184E+00
-12.695  0.181E+00
-12.685  0.178E+00
-12.675  0.174E+00
-12.665  0.170E+00
-12.655  0.166E+00
-12.645  0.162E+00
-12.635  0.158E+00
-12.625  0.154E+00
-12.615  0.150E+00
-12.605  0.146E+00
-12.595  0.142E+00
-12.585  0.139E+00
-12.575  0.135E+00
-12.565  0.132E+00
-12.555  0.129E+00
-12.545  0.126E+00
-12.535  0.124E+00
-12.525  0.121E+00
-12.515  0.119E+00
-12.505  0.117E+00
-12.495  0.116E+00
-12.485  0.114E+00
-12.475  0.113E+00
-12.465  0.112E+00
-12.455  0.111E+00
-12.445  0.110E+00
-12.435  0.109E+00
-12.425  0.108E+00
-12.415  0.107E+00
-12.405  0.107E+00
-12.395  0.106E+00
-12.385  0.106E+00
-12.375  0.105E+00
-12.365  0.105E+00
-12.355  0.105E+00
-12.345  0.104E+00
-12.335  0.104E+00
-12.325  0.104E+00
-12.315  0.104E+00
-12.305  0.103E+00
-12.295  0.103E+00
-12.285  0.103E+00
-12.275  0.103E+00
-12.265  0.103E+00
-12.255  0.103E+00
-12.245  0.103E+00
-12.235  0.103E+00
-12.225  0.103E+00
-12.215  0.103E+00
-12.205  0.104E+00
-12.195  0.104E+00
-12.185  0.104E+00
-12.175  0.105E+00
-12.165  0.105E+00
-12.155  0.105E+00
-12.145  0.106E+00
-12.135  0.107E+00
-12.125  0.107E+00
-12.115  0.108E+00
-12.105  0.109E+00
-12.095  0.110E+00
-12.085  0.112E+00
-12.075  0.113E+00
-12.065  0.115E+00
-12.055  0.117E+00
-12.045  0.119E+00
-12.035  0.121E+00
-12.025  0.124E+00
-12.015  0.127E+00
-12.005  0.130E+00
-11.995  0.134E+00
-11.985  0.138E+00
-11.975  0.142E+00
-11.965  0.147E+00
-11.955  0.153E+00
-11.945  0.158E+00
-11.935  0.165E+00
-11.925  0.172E+00
-11.915  0.180E+00
-11.905  0.188E+00
-11.895  0.198E+00
-11.885  0.209E+00
-11.875  0.221E+00
-11.865  0.235E+00
-11.855  0.251E+00
-11.845  0.269E+00
-11.835  0.290E+00
-11.825  0.313E+00
-11.815  0.339E+00
-11.805  0.368E+00
-11.795  0.401E+00
-11.785  0.436E+00
-11.775  0.474E+00
-11.765  0.512E+00
-11.755  0.556E+00
-11.745  0.598E+00
-11.735  0.640E+00
-11.725  0.684E+00
-11.715  0.724E+00
-11.705  0.764E+00
-11.695  0.798E+00
-11.685  0.830E+00
-11.675  0.854E+00
-11.665  0.874E+00
-11.655  0.886E+00
-11.645  0.890E+00
-11.635  0.888E+00
-11.625  0.878E+00
-11.615  0.860E+00
-11.605  0.840E+00
-11.595  0.810E+00
-11.585  0.776E+00
-11.575  0.738E+00
-11.565  0.698E+00
-11.555  0.656E+00
-11.545  0.614E+00
-11.535  0.570E+00
-11.525  0.526E+00
-11.515  0.486E+00
-11.505  0.450E+00
-11.495  0.414E+00
-11.485  0.380E+00
-11.475  0.350E+00
-11.465  0.323E+00
-11.455  0.299E+00
-11.445  0.279E+00
-11.435  0.261E+00
-11.425  0.246E+00
-11.415  0.232E+00
-11.405  0.221E+00
-11.395  0.212E+00
-11.385  0.205E+00
-11.375  0.198E+00
-11.365  0.193E+00
-11.355  0.188E+00
-11.345  0.185E+00
-11.335  0.182E+00
-11.325  0.179E+00
-11.315  0.177E+00
-11.305  0.175E+00
-11.295  0.173E+00
-11.285  0.171E+00
-11.275  0.170E+00
-11.265  0.169E+00
-11.255  0.168E+00
-11.245  0.167E+00
-11.235  0.166E+00
-11.225  0.165E+00
-11.215  0.164E+00
-11.205  0.163E+00
-11.195  0.162E+00
-11.185  0.161E+00
-11.175  0.161E+00
-11.165  0.160E+00
-11.155  0.159E+00
-11.145  0.159E+00
-11.135  0.158E+00
-11.125  0.157E+00
-11.115  0.157E+00
-11.105  0.156E+00
-11.095  0.156E+00
-11.085  0.156E+00
-11.075  0.155E+00
-11.065  0.155E+00
-11.055  0.154E+00
-11.045  0.154E+00
-11.035  0.154E+00
-11.025  0.154E+00
-11.015  0.154E+00
-11.005  0.154E+00
-10.995  0.154E+00
-10.985  0.154E+00
-10.975  0.154E+00
-10.965  0.154E+00
-10.955  0.155E+00
-10.945  0.155E+00
-10.935  0.155E+00
-10.925  0.156E+00
-10.915  0.157E+00
-10.905  0.158E+00
-10.895  0.159E+00
-10.885  0.160E+00
-10.875  0.161E+00
-10.865  0.163E+00
-10.855  0.164E+00
-10.845  0.166E+00
-10.835  0.167E+00
-10.825  0.169E+00
-10.815  0.170E+00
-10.805  0.172E+00
-10.795  0.173E+00
-10.785  0.174E+00
-10.775  0.175E+00
-10.765  0.175E+00
-10.755  0.175E+00
-10.745  0.175E+00
-10.735  0.173E+00
-10.725  0.172E+00
-10.715  0.169E+00
-10.705  0.166E+00
-10.695  0.163E+00
-10.685  0.158E+00
-10.675  0.154E+00
-10.665  0.148E+00
-10.655  0.142E+00
-10.645  0.136E+00
-10.635  0.130E+00
-10.625  0.124E+00
-10.615  0.117E+00
-10.605  0.110E+00
-10.595  0.104E+00
-10.585  0.980E-01
-10.575  0.920E-01
-10.565  0.864E-01
-10.555  0.812E-01
-10.545  0.764E-01
-10.535  0.722E-01
-10.525  0.682E-01
-10.515  0.648E-01
-10.505  0.616E-01
-10.495  0.590E-01
-10.485  0.566E-01
-10.475  0.546E-01
-10.465  0.528E-01
-10.455  0.512E-01
-10.445  0.500E-01
-10.435  0.488E-01
-10.425  0.480E-01
-10.415  0.472E-01
-10.405  0.466E-01
-10.395  0.458E-01
-10.385  0.454E-01
-10.375  0.446E-01
-10.365  0.442E-01
-10.355  0.438E-01
-10.345  0.434E-01
-10.335  0.430E-01
-10.325  0.426E-01
-10.315  0.420E-01
-10.305  0.416E-01
-10.295  0.412E-01
-10.285  0.408E-01
-10.275  0.404E-01
-10.265  0.400E-01
-10.255  0.396E-01
-10.245  0.392E-01
-10.235  0.388E-01
-10.225  0.384E-01
-10.215  0.379E-01
-10.205  0.375E-01
-10.195  0.371E-01
-10.185  0.366E-01
-10.175  0.361E-01
-10.165  0.357E-01
-10.155  0.352E-01
-10.145  0.348E-01
-10.135  0.343E-01
-10.125  0.338E-01
-10.115  0.333E-01
-10.105  0.328E-01
-10.095  0.323E-01
-10.085  0.318E-01
-10.075  0.312E-01
-10.065  0.307E-01
-10.055  0.301E-01
-10.045  0.296E-01
-10.035  0.290E-01
-10.025  0.284E-01
-10.015  0.278E-01
-10.005  0.272E-01
 -9.995  0.266E-01
 -9.985  0.259E-01
 -9.975  0.252E-01
 -9.965  0.245E-01
 -9.955  0.238E-01
 -9.945  0.230E-01
 -9.935  0.222E-01
 -9.925  0.214E-01
 -9.915  0.206E-01
 -9.905  0.197E-01
 -9.895  0.188E-01
 -9.885  0.180E-01
 -9.875  0.170E-01
 -9.865  0.161E-01
 -9.855  0.151E-01
 -9.845  0.142E-01
 -9.835  0.132E-01
 -9.825  0.122E-01
 -9.815  0.113E-01
 -9.805  0.103E-01
 -9.795  0.940E-02
 -9.785  0.852E-02
 -9.775  0.764E-02
 -9.765  0.684E-02
 -9.755  0.606E-02
 -9.745  0.534E-02
 -9.735  0.466E-02
 -9.725  0.404E-02
 -9.715  0.348E-02
 -9.705  0.297E-02
 -9.695  0.252E-02
 -9.685  0.211E-02
 -9.675  0.176E-02
 -9.665  0.145E-02
 -9.655  0.119E-02
 -9.645  0.964E-03
 -9.635  0.778E-03
 -9.625  0.618E-03
 -9.615  0.488E-03
 -9.605  0.382E-03
 -9.595  0.296E-03
 -9.585  0.228E-03
 -9.575  0.173E-03
 -9.565  0.130E-03
 -9.555  0.974E-04
 -9.545  0.720E-04
 -9.535  0.526E-04
 -9.525  0.381E-04
 -9.515  0.274E-04
 -9.505  0.194E-04
 -9.495  0.137E-04
 -9.485  0.952E-05
 -9.475  0.656E-05
 -9.465  0.448E-05
 -9.455  0.303E-05
 -9.445  0.203E-05
 -9.435  0.134E-05
 -9.425  0.880E-06
 -9.415  0.570E-06
 -9.405  0.367E-06
 -9.395  0.233E-06
 -9.385  0.147E-06
 -9.375  0.912E-07
 -9.365  0.562E-07
 -9.355  0.343E-07
 -9.345  0.207E-07
 -9.335  0.124E-07
 -9.325  0.732E-08
 -9.315  0.428E-08
 -9.305  0.248E-08
 -9.295  0.142E-08
 -9.285  0.806E-09
 -9.275  0.454E-09
 -9.265  0.251E-09
 -9.255  0.138E-09
 -9.245  0.750E-10
 -9.235  0.403E-10
 -9.225  0.215E-10
 -9.215  0.113E-10
 -9.205  0.590E-11
 -9.195  0.304E-11
 -9.185  0.155E-11
 -9.175  0.780E-12
 -9.165  0.387E-12
 -9.155  0.190E-12
 -9.145  0.906E-13
 -9.135  0.418E-13
 -9.125  0.175E-13
 -9.115  0.640E-14
 -9.105  0.000E+00
 -9.095  0.000E+00
 -9.085  0.000E+00
 -9.075  0.000E+00
 -9.065  0.000E+00
 -9.055  0.000E+00
 -9.045  0.000E+00
 -9.035  0.000E+00
 -9.025  0.000E+00
 -9.015  0.000E+00
 -9.005  0.000E+00
 -8.995  0.000E+00
 -8.985  0.000E+00
 -8.975  0.000E+00
 -8.965  0.000E+00
 -8.955  0.000E+00
 -8.945  0.000E+00
 -8.935  0.000E+00
 -8.925  0.000E+00
 -8.915  0.000E+00
 -8.905  0.000E+00
 -8.895  0.000E+00
 -8.885  0.000E+00
 -8.875  0.000E+00
 -8.865  0.000E+00
 -8.855  0.000E+00
 -8.845  0.000E+00
 -8.835  0.000E+00
 -8.825  0.000E+00
 -8.815  0.000E+00
 -8.805  0.000E+00
 -8.795  0.000E+00
 -8.785  0.000E+00
 -8.775  0.000E+00
 -8.765  0.000E+00
 -8.755  0.000E+00
 -8.745  0.000E+00
 -8.735  0.000E+00
 -8.725  0.000E+00
 -8.715  0.000E+00
 -8.705  0.000E+00
 -8.695  0.000E+00
 -8.685  0.000E+00
 -8.675  0.000E+00
 -8.665  0.000E+00
 -8.655  0.000E+00
 -8.645  0.000E+00
 -8.635  0.000E+00
 -8.625  0.000E+00
 -8.615  0.000E+00
 -8.605  0.000E+00
 -8.595  0.000E+00
 -8.585  0.000E+00
 -8.575  0.000E+00
 -8.565  0.000E+00
 -8.555  0.000E+00
 -8.545  0.000E+00
 -8.535  0.000E+00
 -8.525  0.000E+00
 -8.515  0.000E+00
 -8.505  0.000E+00
 -8.495  0.000E+00
 -8.485  0.000E+00
 -8.475  0.000E+00
 -8.465  0.000E+00
 -8.455  0.000E+00
 -8.445  0.000E+00
 -8.435  0.000E+00
 -8.425  0.000E+00
 -8.415  0.000E+00
 -8.405  0.000E+00
 -8.395  0.000E+00
 -8.385  0.000E+00
 -8.375  0.000E+00
 -8.365  0.000E+00
 -8.355  0.000E+00
 -8.345  0.000E+00
 -8.335  0.000E+00
 -8.325  0.000E+00
 -8.315  0.000E+00
 -8.305  0.000E+00
 -8.295  0.000E+00
 -8.285  0.000E+00
 -8.275  0.000E+00
 -8.265  0.000E+00
 -8.255  0.000E+00
 -8.245  0.000E+00
 -8.235  0.000E+00
 -8.225  0.000E+00
 -8.215  0.000E+00
 -8.205  0.000E+00
 -8.195  0.000E+00
 -8.185  0.000E+00
 -8.175  0.000E+00
 -8.165  0.000E+00
 -8.155  0.000E+00
 -8.145  0.000E+00
 -8.135  0.000E+00
 -8.125  0.000E+00
 -8.115  0.000E+00
 -8.105  0.000E+00
 -8.095  0.000E+00
 -8.085  0.000E+00
 -8.075  0.000E+00
 -8.065  0.000E+00
 -8.055  0.000E+00
 -8.045  0.000E+00
 -8.035  0.000E+00
 -8.025  0.000E+00
 -8.015  0.000E+00
 -8.005  0.000E+00
 -7.995  0.000E+00
 -7.985  0.000E+00
 -7.975  0.000E+00
 -7.965  0.000E+00
 -7.955  0.000E+00
 -7.945  0.000E+00
 -7.935  0.000E+00
 -7.925  0.000E+00
 -7.915  0.000E+00
 -7.905  0.000E+00
 -7.895  0.000E+00
 -7.885  0.000E+00
 -7.875  0.000E+00
 -7.865  0.000E+00
 -7.855  0.000E+00
 -7.845  0.000E+00
 -7.835  0.000E+00
 -7.825  0.000E+00
 -7.815  0.000E+00
 -7.805  0.000E+00
 -7.795  0.000E+00
 -7.785  0.000E+00
 -7.775  0.000E+00
 -7.765  0.000E+00
 -7.755  0.000E+00
 -7.745  0.000E+00
 -7.735  0.000E+00
 -7.725  0.000E+00
 -7.715  0.000E+00
 -7.705  0.000E+00
 -7.695  0.000E+00
 -7.685  0.000E+00
 -7.675  0.000E+00
 -7.665  0.000E+00
 -7.655  0.000E+00
 -7.645  0.000E+00
 -7.635  0.000E+00
 -7.625  0.000E+00
 -7.615  0.000E+00
 -7.605  0.000E+00
 -7.595  0.000E+00
 -7.585  0.000E+00
 -7.575  0.000E+00
 -7.565  0.000E+00
 -7.555  0.000E+00
 -7.545  0.000E+00
 -7.535  0.000E+00
 -7.525  0.000E+00
 -7.515  0.000E+00
 -7.505  0.000E+00
 -7.495  0.000E+00
 -7.485  0.000E+00
 -7.475  0.000E+00
 -7.465  0.000E+00
 -7.455  0.000E+00
 -7.445  0.000E+00
 -7.435  0.000E+00
 -7.425  0.000E+00
 -7.415  0.000E+00
 -7.405  0.000E+00
 -7.395  0.000E+00
 -7.385  0.000E+00
 -7.375  0.000E+00
 -7.365  0.000E+00
 -7.355  0.000E+00
 -7.345  0.000E+00
 -7.335  0.000E+00
 -7.325  0.000E+00
 -7.315  0.000E+00
 -7.305  0.000E+00
 -7.295  0.000E+00
 -7.285  0.000E+00
 -7.275  0.000E+00
 -7.265  0.000E+00
 -7.255  0.000E+00
 -7.245  0.000E+00
 -7.235  0.000E+00
 -7.225  0.000E+00
 -7.215  0.000E+00
 -7.205  0.000E+00
 -7.195  0.000E+00
 -7.185  0.000E+00
 -7.175  0.000E+00
 -7.165  0.000E+00
 -7.155  0.000E+00
 -7.145  0.000E+00
 -7.135  0.000E+00
 -7.125  0.000E+00
 -7.115  0.000E+00
 -7.105  0.000E+00
 -7.095  0.000E+00
 -7.085  0.000E+00
 -7.075  0.000E+00
 -7.065  0.000E+00
 -7.055  0.000E+00
 -7.045  0.000E+00
 -7.035  0.000E+00
 -7.025  0.000E+00
 -7.015  0.000E+00
 -7.005  0.000E+00
 -6.995  0.000E+00
 -6.985  0.000E+00
 -6.975  0.000E+00
 -6.965  0.000E+00
 -6.955  0.000E+00
 -6.945  0.000E+00
 -6.935  0.000E+00
 -6.925  0.000E+00
 -6.915  0.000E+00
 -6.905  0.000E+00
 -6.895  0.000E+00
 -6.885  0.000E+00
 -6.875  0.000E+00
 -6.865  0.000E+00
 -6.855  0.000E+00
 -6.845  0.000E+00
 -6.835  0.000E+00
 -6.825  0.000E+00
 -6.815  0.000E+00
 -6.805  0.000E+00
 -6.795  0.000E+00
 -6.785  0.000E+00
 -6.775  0.000E+00
 -6.765  0.000E+00
 -6.755  0.000E+00
 -6.745  0.000E+00
 -6.735  0.000E+00
 -6.725  0.000E+00
 -6.715  0.000E+00
 -6.705  0.000E+00
 -6.695  0.000E+00
 -6.685  0.000E+00
 -6.675  0.000E+00
 -6.665  0.000E+00
 -6.655  0.000E+00
 -6.645  0.000E+00
 -6.635  0.000E+00
 -6.625  0.000E+00
 -6.615  0.000E+00
 -6.605  0.000E+00
 -6.595  0.000E+00
 -6.585  0.000E+00
 -6.575  0.000E+00
 -6.565  0.000E+00
 -6.555  0.000E+00
 -6.545  0.000E+00
 -6.535  0.000E+00
 -6.525  0.000E+00
 -6.515  0.000E+00
 -6.505  0.000E+00
 -6.495  0.000E+00
 -6.485  0.000E+00
 -6.475  0.000E+00
 -6.465  0.000E+00
 -6.455  0.000E+00
 -6.445  0.000E+00
 -6.435  0.000E+00
 -6.425  0.000E+00
 -6.415  0.000E+00
 -6.405  0.000E+00
 -6.395  0.000E+00
 -6.385  0.000E+00
 -6.375  0.000E+00
 -6.365  0.000E+00
 -6.355  0.000E+00
 -6.345  0.000E+00
 -6.335  0.000E+00
 -6.325  0.000E+00
 -6.315  0.000E+00
 -6.305  0.000E+00
 -6.295  0.000E+00
 -6.285  0.000E+00
 -6.275  0.000E+00
 -6.265  0.000E+00
 -6.255  0.000E+00
 -6.245  0.000E+00
 -6.235  0.000E+00
 -6.225  0.000E+00
 -6.215  0.000E+00
 -6.205  0.000E+00
 -6.195  0.000E+00
 -6.185  0.000E+00
 -6.175  0.000E+00
 -6.165  0.000E+00
 -6.155  0.000E+00
 -6.145  0.000E+00
 -6.135  0.000E+00
 -6.125  0.000E+00
 -6.115  0.000E+00
 -6.105  0.000E+00
 -6.095  0.000E+00
 -6.085  0.000E+00
 -6.075  0.000E+00
 -6.065  0.000E+00
 -6.055  0.000E+00
 -6.045  0.000E+00
 -6.035  0.000E+00
 -6.025  0.000E+00
 -6.015  0.862E-12
 -6.005  0.300E-11
 -5.995  0.716E-11
 -5.985  0.154E-10
 -5.975  0.321E-10
 -5.965  0.656E-10
 -5.955  0.132E-09
 -5.945  0.263E-09
 -5.935  0.516E-09
 -5.925  0.100E-08
 -5.915  0.193E-08
 -5.905  0.367E-08
 -5.895  0.690E-08
 -5.885  0.128E-07
 -5.875  0.237E-07
 -5.865  0.432E-07
 -5.855  0.778E-07
 -5.845  0.139E-06
 -5.835  0.245E-06
 -5.825  0.428E-06
 -5.815  0.740E-06
 -5.805  0.126E-05
 -5.795  0.214E-05
 -5.785  0.358E-05
 -5.775  0.592E-05
 -5.765  0.970E-05
 -5.755  0.157E-04
 -5.745  0.253E-04
 -5.735  0.400E-04
 -5.725  0.630E-04
 -5.715  0.978E-04
 -5.705  0.151E-03
 -5.695  0.229E-03
 -5.685  0.345E-03
 -5.675  0.514E-03
 -5.665  0.758E-03
 -5.655  0.111E-02
 -5.645  0.160E-02
 -5.635  0.229E-02
 -5.625  0.323E-02
 -5.615  0.452E-02
 -5.605  0.626E-02
 -5.595  0.860E-02
 -5.585  0.117E-01
 -5.575  0.157E-01
 -5.565  0.208E-01
 -5.555  0.274E-01
 -5.545  0.356E-01
 -5.535  0.460E-01
 -5.525  0.586E-01
 -5.515  0.740E-01
 -5.505  0.926E-01
 -5.495  0.115E+00
 -5.485  0.141E+00
 -5.475  0.171E+00
 -5.465  0.205E+00
 -5.455  0.244E+00
 -5.445  0.288E+00
 -5.435  0.336E+00
 -5.425  0.388E+00
 -5.415  0.444E+00
 -5.405  0.504E+00
 -5.395  0.568E+00
 -5.385  0.632E+00
 -5.375  0.700E+00
 -5.365  0.766E+00
 -5.355  0.832E+00
 -5.345  0.896E+00
 -5.335  0.956E+00
 -5.325  0.101E+01
 -5.315  0.107E+01
 -5.305  0.111E+01
 -5.295  0.116E+01
 -5.285  0.119E+01
 -5.275  0.123E+01
 -5.265  0.125E+01
 -5.255  0.127E+01
 -5.245  0.129E+01
 -5.235  0.131E+01
 -5.225  0.132E+01
 -5.215  0.133E+01
 -5.205  0.135E+01
 -5.195  0.137E+01
 -5.185  0.139E+01
 -5.175  0.142E+01
 -5.165  0.145E+01
 -5.155  0.150E+01
 -5.145  0.156E+01
 -5.135  0.162E+01
 -5.125  0.170E+01
 -5.115  0.178E+01
 -5.105  0.188E+01
 -5.095  0.199E+01
 -5.085  0.210E+01
 -5.075  0.223E+01
 -5.065  0.236E+01
 -5.055  0.249E+01
 -5.045  0.263E+01
 -5.035  0.276E+01
 -5.025  0.289E+01
 -5.015  0.302E+01
 -5.005  0.314E+01
 -4.995  0.324E+01
 -4.985  0.334E+01
 -4.975  0.342E+01
 -4.965  0.349E+01
 -4.955  0.354E+01
 -4.945  0.357E+01
 -4.935  0.359E+01
 -4.925  0.360E+01
 -4.915  0.360E+01
 -4.905  0.358E+01
 -4.895  0.356E+01
 -4.885  0.353E+01
 -4.875  0.349E+01
 -4.865  0.346E+01
 -4.855  0.342E+01
 -4.845  0.339E+01
 -4.835  0.337E+01
 -4.825  0.335E+01
 -4.815  0.335E+01
 -4.805  0.337E+01
 -4.795  0.340E+01
 -4.785  0.345E+01
 -4.775  0.352E+01
 -4.765  0.361E+01
 -4.755  0.372E+01
 -4.745  0.385E+01
 -4.735  0.399E+01
 -4.725  0.414E+01
 -4.715  0.434E+01
 -4.705  0.454E+01
 -4.695  0.472E+01
 -4.685  0.490E+01
 -4.675  0.510E+01
 -4.665  0.530E+01
 -4.655  0.550E+01
 -4.645  0.566E+01
 -4.635  0.580E+01
 -4.625  0.592E+01
 -4.615  0.602E+01
 -4.605  0.608E+01
 -4.595  0.612E+01
 -4.585  0.612E+01
 -4.575  0.608E+01
 -4.565  0.600E+01
 -4.555  0.588E+01
 -4.545  0.574E+01
 -4.535  0.556E+01
 -4.525  0.538E+01
 -4.515  0.514E+01
 -4.505  0.490E+01
 -4.495  0.466E+01
 -4.485  0.438E+01
 -4.475  0.414E+01
 -4.465  0.385E+01
 -4.455  0.359E+01
 -4.445  0.332E+01
 -4.435  0.307E+01
 -4.425  0.283E+01
 -4.415  0.261E+01
 -4.405  0.240E+01
 -4.395  0.221E+01
 -4.385  0.204E+01
 -4.375  0.188E+01
 -4.365  0.175E+01
 -4.355  0.163E+01
 -4.345  0.153E+01
 -4.335  0.144E+01
 -4.325  0.137E+01
 -4.315  0.131E+01
 -4.305  0.127E+01
 -4.295  0.124E+01
 -4.285  0.121E+01
 -4.275  0.120E+01
 -4.265  0.119E+01
 -4.255  0.119E+01
 -4.245  0.120E+01
 -4.235  0.121E+01
 -4.225  0.123E+01
 -4.215  0.125E+01
 -4.205  0.127E+01
 -4.195  0.130E+01
 -4.185  0.132E+01
 -4.175  0.135E+01
 -4.165  0.138E+01
 -4.155  0.141E+01
 -4.145  0.143E+01
 -4.135  0.146E+01
 -4.125  0.148E+01
 -4.115  0.150E+01
 -4.105  0.151E+01
 -4.095  0.153E+01
 -4.085  0.153E+01
 -4.075  0.154E+01
 -4.065  0.154E+01
 -4.055  0.154E+01
 -4.045  0.153E+01
 -4.035  0.153E+01
 -4.025  0.152E+01
 -4.015  0.152E+01
 -4.005  0.152E+01
 -3.995  0.152E+01
 -3.985  0.153E+01
 -3.975  0.155E+01
 -3.965  0.157E+01
 -3.955  0.160E+01
 -3.945  0.165E+01
 -3.935  0.170E+01
 -3.925  0.176E+01
 -3.915  0.183E+01
 -3.905  0.192E+01
 -3.895  0.201E+01
 -3.885  0.210E+01
 -3.875  0.221E+01
 -3.865  0.231E+01
 -3.855  0.242E+01
 -3.845  0.253E+01
 -3.835  0.264E+01
 -3.825  0.275E+01
 -3.815  0.285E+01
 -3.805  0.294E+01
 -3.795  0.303E+01
 -3.785  0.312E+01
 -3.775  0.320E+01
 -3.765  0.327E+01
 -3.755  0.334E+01
 -3.745  0.340E+01
 -3.735  0.346E+01
 -3.725  0.352E+01
 -3.715  0.357E+01
 -3.705  0.362E+01
 -3.695  0.367E+01
 -3.685  0.373E+01
 -3.675  0.378E+01
 -3.665  0.384E+01
 -3.655  0.390E+01
 -3.645  0.397E+01
 -3.635  0.406E+01
 -3.625  0.412E+01
 -3.615  0.422E+01
 -3.605  0.430E+01
 -3.595  0.438E+01
 -3.585  0.450E+01
 -3.575  0.462E+01
 -3.565  0.472E+01
 -3.555  0.482E+01
 -3.545  0.494E+01
 -3.535  0.508E+01
 -3.525  0.522E+01
 -3.515  0.532E+01
 -3.505  0.542E+01
 -3.495  0.554E+01
 -3.485  0.564E+01
 -3.475  0.572E+01
 -3.465  0.580E+01
 -3.455  0.586E+01
 -3.445  0.588E+01
 -3.435  0.592E+01
 -3.425  0.592E+01
 -3.415  0.588E+01
 -3.405  0.584E+01
 -3.395  0.578E+01
 -3.385  0.568E+01
 -3.375  0.558E+01
 -3.365  0.546E+01
 -3.355  0.534E+01
 -3.345  0.518E+01
 -3.335  0.502E+01
 -3.325  0.486E+01
 -3.315  0.470E+01
 -3.305  0.454E+01
 -3.295  0.438E+01
 -3.285  0.422E+01
 -3.275  0.406E+01
 -3.265  0.391E+01
 -3.255  0.378E+01
 -3.245  0.366E+01
 -3.235  0.354E+01
 -3.225  0.344E+01
 -3.215  0.335E+01
 -3.205  0.327E+01
 -3.195  0.320E+01
 -3.185  0.314E+01
 -3.175  0.309E+01
 -3.165  0.305E+01
 -3.155  0.303E+01
 -3.145  0.301E+01
 -3.135  0.301E+01
 -3.125  0.302E+01
 -3.115  0.305E+01
 -3.105  0.309E+01
 -3.095  0.315E+01
 -3.085  0.323E+01
 -3.075  0.333E+01
 -3.065  0.346E+01
 -3.055  0.361E+01
 -3.045  0.379E+01
 -3.035  0.399E+01
 -3.025  0.422E+01
 -3.015  0.450E+01
 -3.005  0.478E+01
 -2.995  0.510E+01
 -2.985  0.542E+01
 -2.975  0.578E+01
 -2.965  0.616E+01
 -2.955  0.654E+01
 -2.945  0.692E+01
 -2.935  0.730E+01
 -2.925  0.766E+01
 -2.915  0.798E+01
 -2.905  0.828E+01
 -2.895  0.852E+01
 -2.885  0.874E+01
 -2.875  0.890E+01
 -2.865  0.898E+01
 -2.855  0.902E+01
 -2.845  0.898E+01
 -2.835  0.890E+01
 -2.825  0.872E+01
 -2.815  0.852E+01
 -2.805  0.826E+01
 -2.795  0.796E+01
 -2.785  0.762E+01
 -2.775  0.724E+01
 -2.765  0.688E+01
 -2.755  0.648E+01
 -2.745  0.608E+01
 -2.735  0.568E+01
 -2.725  0.528E+01
 -2.715  0.494E+01
 -2.705  0.460E+01
 -2.695  0.428E+01
 -2.685  0.398E+01
 -2.675  0.373E+01
 -2.665  0.349E+01
 -2.655  0.328E+01
 -2.645  0.309E+01
 -2.635  0.292E+01
 -2.625  0.278E+01
 -2.615  0.265E+01
 -2.605  0.253E+01
 -2.595  0.243E+01
 -2.585  0.233E+01
 -2.575  0.225E+01
 -2.565  0.217E+01
 -2.555  0.210E+01
 -2.545  0.204E+01
 -2.535  0.198E+01
 -2.525  0.192E+01
 -2.515  0.187E+01
 -2.505  0.182E+01
 -2.495  0.177E+01
 -2.485  0.173E+01
 -2.475  0.169E+01
 -2.465  0.165E+01
 -2.455  0.162E+01
 -2.445  0.159E+01
 -2.435  0.156E+01
 -2.425  0.153E+01
 -2.415  0.151E+01
 -2.405  0.149E+01
 -2.395  0.147E+01
 -2.385  0.145E+01
 -2.375  0.143E+01
 -2.365  0.142E+01
 -2.355  0.140E+01
 -2.345  0.139E+01
 -2.335  0.138E+01
 -2.325  0.137E+01
 -2.315  0.136E+01
 -2.305  0.135E+01
 -2.295  0.135E+01
 -2.285  0.134E+01
 -2.275  0.133E+01
 -2.265  0.133E+01
 -2.255  0.132E+01
 -2.245  0.131E+01
 -2.235  0.131E+01
 -2.225  0.131E+01
 -2.215  0.130E+01
 -2.205  0.130E+01
 -2.195  0.129E+01
 -2.185  0.129E+01
 -2.175  0.129E+01
 -2.165  0.129E+01
 -2.155  0.129E+01
 -2.145  0.128E+01
 -2.135  0.128E+01
 -2.125  0.128E+01
 -2.115  0.128E+01
 -2.105  0.128E+01
 -2.095  0.128E+01
 -2.085  0.128E+01
 -2.075  0.128E+01
 -2.065  0.128E+01
 -2.055  0.128E+01
 -2.045  0.128E+01
 -2.035  0.129E+01
 -2.025  0.129E+01
 -2.015  0.129E+01
 -2.005  0.129E+01
 -1.995  0.130E+01
 -1.985  0.130E+01
 -1.975  0.131E+01
 -1.965  0.131E+01
 -1.955  0.132E+01
 -1.945  0.133E+01
 -1.935  0.134E+01
 -1.925  0.135E+01
 -1.915  0.137E+01
 -1.905  0.139E+01
 -1.895  0.141E+01
 -1.885  0.143E+01
 -1.875  0.146E+01
 -1.865  0.150E+01
 -1.855  0.154E+01
 -1.845  0.158E+01
 -1.835  0.164E+01
 -1.825  0.171E+01
 -1.815  0.178E+01
 -1.805  0.187E+01
 -1.795  0.198E+01
 -1.785  0.210E+01
 -1.775  0.223E+01
 -1.765  0.239E+01
 -1.755  0.256E+01
 -1.745  0.275E+01
 -1.735  0.295E+01
 -1.725  0.318E+01
 -1.715  0.342E+01
 -1.705  0.368E+01
 -1.695  0.394E+01
 -1.685  0.422E+01
 -1.675  0.450E+01
 -1.665  0.478E+01
 -1.655  0.506E+01
 -1.645  0.534E+01
 -1.635  0.558E+01
 -1.625  0.582E+01
 -1.615  0.602E+01
 -1.605  0.622E+01
 -1.595  0.634E+01
 -1.585  0.646E+01
 -1.575  0.652E+01
 -1.565  0.656E+01
 -1.555  0.652E+01
 -1.545  0.648E+01
 -1.535  0.636E+01
 -1.525  0.622E+01
 -1.515  0.604E+01
 -1.505  0.582E+01
 -1.495  0.558E+01
 -1.485  0.534E+01
 -1.475  0.506E+01
 -1.465  0.478E+01
 -1.455  0.446E+01
 -1.445  0.418E+01
 -1.435  0.390E+01
 -1.425  0.363E+01
 -1.415  0.337E+01
 -1.405  0.313E+01
 -1.395  0.290E+01
 -1.385  0.269E+01
 -1.375  0.250E+01
 -1.365  0.234E+01
 -1.355  0.219E+01
 -1.345  0.206E+01
 -1.335  0.195E+01
 -1.325  0.185E+01
 -1.315  0.177E+01
 -1.305  0.170E+01
 -1.295  0.164E+01
 -1.285  0.159E+01
 -1.275  0.155E+01
 -1.265  0.152E+01
 -1.255  0.150E+01
 -1.245  0.148E+01
 -1.235  0.146E+01
 -1.225  0.144E+01
 -1.215  0.143E+01
 -1.205  0.142E+01
 -1.195  0.142E+01
 -1.185  0.141E+01
 -1.175  0.141E+01
 -1.165  0.140E+01
 -1.155  0.140E+01
 -1.145  0.140E+01
 -1.135  0.140E+01
 -1.125  0.139E+01
 -1.115  0.139E+01
 -1.105  0.139E+01
 -1.095  0.139E+01
 -1.085  0.139E+01
 -1.075  0.139E+01
 -1.065  0.139E+01
 -1.055  0.139E+01
 -1.045  0.139E+01
 -1.035  0.139E+01
 -1.025  0.140E+01
 -1.015  0.140E+01
 -1.005  0.140E+01
 -0.995  0.140E+01
 -0.985  0.140E+01
 -0.975  0.141E+01
 -0.965  0.141E+01
 -0.955  0.142E+01
 -0.945  0.142E+01
 -0.935  0.142E+01
 -0.925  0.143E+01
 -0.915  0.143E+01
 -0.905  0.144E+01
 -0.895  0.145E+01
 -0.885  0.145E+01
 -0.875  0.146E+01
 -0.865  0.147E+01
 -0.855  0.148E+01
 -0.845  0.149E+01
 -0.835  0.150E+01
 -0.825  0.152E+01
 -0.815  0.153E+01
 -0.805  0.154E+01
 -0.795  0.156E+01
 -0.785  0.158E+01
 -0.775  0.160E+01
 -0.765  0.162E+01
 -0.755  0.164E+01
 -0.745  0.166E+01
 -0.735  0.169E+01
 -0.725  0.172E+01
 -0.715  0.174E+01
 -0.705  0.177E+01
 -0.695  0.180E+01
 -0.685  0.183E+01
 -0.675  0.186E+01
 -0.665  0.188E+01
 -0.655  0.191E+01
 -0.645  0.193E+01
 -0.635  0.195E+01
 -0.625  0.196E+01
 -0.615  0.197E+01
 -0.605  0.197E+01
 -0.595  0.196E+01
 -0.585  0.195E+01
 -0.575  0.194E+01
 -0.565  0.191E+01
 -0.555  0.188E+01
 -0.545  0.185E+01
 -0.535  0.180E+01
 -0.525  0.176E+01
 -0.515  0.171E+01
 -0.505  0.166E+01
 -0.495  0.161E+01
 -0.485  0.156E+01
 -0.475  0.151E+01
 -0.465  0.146E+01
 -0.455  0.143E+01
 -0.445  0.139E+01
 -0.435  0.137E+01
 -0.425  0.135E+01
 -0.415  0.135E+01
 -0.405  0.135E+01
 -0.395  0.137E+01
 -0.385  0.139E+01
 -0.375  0.143E+01
 -0.365  0.148E+01
 -0.355  0.154E+01
 -0.345  0.161E+01
 -0.335  0.169E+01
 -0.325  0.178E+01
 -0.315  0.188E+01
 -0.305  0.199E+01
 -0.295  0.211E+01
 -0.285  0.223E+01
 -0.275  0.236E+01
 -0.265  0.249E+01
 -0.255  0.263E+01
 -0.245  0.277E+01
 -0.235  0.291E+01
 -0.225  0.306E+01
 -0.215  0.320E+01
 -0.205  0.336E+01
 -0.195  0.351E+01
 -0.185  0.366E+01
 -0.175  0.382E+01
 -0.165  0.398E+01
 -0.155  0.414E+01
 -0.145  0.430E+01
 -0.135  0.446E+01
 -0.125  0.462E+01
 -0.115  0.478E+01
 -0.105  0.494E+01
 -0.095  0.510E+01
 -0.085  0.526E+01
 -0.075  0.542E+01
 -0.065  0.558E+01
 -0.055  0.574E+01
 -0.045  0.586E+01
 -0.035  0.598E+01
 -0.025  0.610E+01
 -0.015  0.618E+01
 -0.005  0.626E+01
  0.005  0.632E+01
  0.015  0.634E+01
  0.025  0.636E+01
  0.035  0.634E+01
  0.045  0.630E+01
  0.055  0.626E+01
  0.065  0.618E+01
  0.075  0.606E+01
  0.085  0.596E+01
  0.095  0.582E+01
  0.105  0.568E+01
  0.115  0.552E+01
  0.125  0.536E+01
  0.135  0.518E+01
  0.145  0.500E+01
  0.155  0.484E+01
  0.165  0.466E+01
  0.175  0.450E+01
  0.185  0.434E+01
  0.195  0.418E+01
  0.205  0.406E+01
  0.215  0.390E+01
  0.225  0.377E+01
  0.235  0.364E+01
  0.245  0.351E+01
  0.255  0.339E+01
  0.265  0.328E+01
  0.275  0.316E+01
  0.285  0.305E+01
  0.295  0.294E+01
  0.305  0.283E+01
  0.315  0.273E+01
  0.325  0.262E+01
  0.335  0.252E+01
  0.345  0.243E+01
  0.355  0.233E+01
  0.365  0.224E+01
  0.375  0.216E+01
  0.385  0.208E+01
  0.395  0.200E+01
  0.405  0.193E+01
  0.415  0.187E+01
  0.425  0.181E+01
  0.435  0.176E+01
  0.445  0.171E+01
  0.455  0.167E+01
  0.465  0.163E+01
  0.475  0.160E+01
  0.485  0.157E+01
  0.495  0.155E+01
  0.505  0.153E+01
  0.515  0.151E+01
  0.525  0.150E+01
  0.535  0.148E+01
  0.545  0.148E+01
  0.555  0.147E+01
  0.565  0.146E+01
  0.575  0.145E+01
  0.585  0.145E+01
  0.595  0.144E+01
  0.605  0.144E+01
  0.615  0.144E+01
  0.625  0.143E+01
  0.635  0.143E+01
  0.645  0.143E+01
  0.655  0.143E+01
  0.665  0.143E+01
  0.675  0.143E+01
  0.685  0.143E+01
  0.695  0.143E+01
  0.705  0.143E+01
  0.715  0.143E+01
  0.725  0.143E+01
  0.735  0.143E+01
  0.745  0.143E+01
  0.755  0.143E+01
  0.765  0.144E+01
  0.775  0.144E+01
  0.785  0.144E+01
  0.795  0.145E+01
  0.805  0.145E+01
  0.815  0.146E+01
  0.825  0.146E+01
  0.835  0.147E+01
  0.845  0.148E+01
  0.855  0.149E+01
  0.865  0.150E+01
  0.875  0.151E+01
  0.885  0.152E+01
  0.895  0.153E+01
  0.905  0.155E+01
  0.915  0.156E+01
  0.925  0.158E+01
  0.935  0.160E+01
  0.945  0.162E+01
  0.955  0.164E+01
  0.965  0.166E+01
  0.975  0.168E+01
  0.985  0.171E+01
  0.995  0.173E+01
  1.005  0.175E+01
  1.015  0.177E+01
  1.025  0.179E+01
  1.035  0.180E+01
  1.045  0.181E+01
  1.055  0.182E+01
  1.065  0.182E+01
  1.075  0.182E+01
  1.085  0.181E+01
  1.095  0.180E+01
  1.105  0.178E+01
  1.115  0.175E+01
  1.125  0.172E+01
  1.135  0.168E+01
  1.145  0.163E+01
  1.155  0.159E+01
  1.165  0.153E+01
  1.175  0.148E+01
  1.185  0.142E+01
  1.195  0.137E+01
  1.205  0.131E+01
  1.215  0.126E+01
  1.225  0.121E+01
  1.235  0.117E+01
  1.245  0.113E+01
  1.255  0.110E+01
  1.265  0.107E+01
  1.275  0.105E+01
  1.285  0.104E+01
  1.295  0.103E+01
  1.305  0.103E+01
  1.315  0.103E+01
  1.325  0.104E+01
  1.335  0.105E+01
  1.345  0.107E+01
  1.355  0.108E+01
  1.365  0.110E+01
  1.375  0.112E+01
  1.385  0.114E+01
  1.395  0.115E+01
  1.405  0.116E+01
  1.415  0.117E+01
  1.425  0.118E+01
  1.435  0.119E+01
  1.445  0.119E+01
  1.455  0.119E+01
  1.465  0.119E+01
  1.475  0.118E+01
  1.485  0.118E+01
  1.495  0.117E+01
  1.505  0.116E+01
  1.515  0.115E+01
  1.525  0.113E+01
  1.535  0.112E+01
  1.545  0.111E+01
  1.555  0.110E+01
  1.565  0.109E+01
  1.575  0.107E+01
  1.585  0.106E+01
  1.595  0.105E+01
  1.605  0.104E+01
  1.615  0.103E+01
  1.625  0.103E+01
  1.635  0.102E+01
  1.645  0.101E+01
  1.655  0.101E+01
  1.665  0.998E+00
  1.675  0.994E+00
  1.685  0.986E+00
  1.695  0.982E+00
  1.705  0.978E+00
  1.715  0.974E+00
  1.725  0.970E+00
  1.735  0.966E+00
  1.745  0.962E+00
  1.755  0.958E+00
  1.765  0.954E+00
  1.775  0.952E+00
  1.785  0.950E+00
  1.795  0.950E+00
  1.805  0.948E+00
  1.815  0.948E+00
  1.825  0.950E+00
  1.835  0.950E+00
  1.845  0.950E+00
  1.855  0.954E+00
  1.865  0.954E+00
  1.875  0.954E+00
  1.885  0.958E+00
  1.895  0.958E+00
  1.905  0.954E+00
  1.915  0.954E+00
  1.925  0.950E+00
  1.935  0.942E+00
  1.945  0.934E+00
  1.955  0.922E+00
  1.965  0.910E+00
  1.975  0.894E+00
  1.985  0.878E+00
  1.995  0.860E+00
  2.005  0.840E+00
  2.015  0.820E+00
  2.025  0.798E+00
  2.035  0.780E+00
  2.045  0.762E+00
  2.055  0.750E+00
  2.065  0.740E+00
  2.075  0.736E+00
  2.085  0.738E+00
  2.095  0.744E+00
  2.105  0.760E+00
  2.115  0.780E+00
  2.125  0.810E+00
  2.135  0.848E+00
  2.145  0.892E+00
  2.155  0.944E+00
  2.165  0.100E+01
  2.175  0.107E+01
  2.185  0.113E+01
  2.195  0.120E+01
  2.205  0.128E+01
  2.215  0.135E+01
  2.225  0.142E+01
  2.235  0.149E+01
  2.245  0.155E+01
  2.255  0.161E+01
  2.265  0.166E+01
  2.275  0.171E+01
  2.285  0.175E+01
  2.295  0.178E+01
  2.305  0.181E+01
  2.315  0.182E+01
  2.325  0.184E+01
  2.335  0.184E+01
  2.345  0.184E+01
  2.355  0.184E+01
  2.365  0.183E+01
  2.375  0.182E+01
  2.385  0.181E+01
  2.395  0.179E+01
  2.405  0.178E+01
  2.415  0.176E+01
  2.425  0.174E+01
  2.435  0.172E+01
  2.445  0.170E+01
  2.455  0.168E+01
  2.465  0.166E+01
  2.475  0.164E+01
  2.485  0.161E+01
  2.495  0.159E+01
  2.505  0.156E+01
  2.515  0.152E+01
  2.525  0.148E+01
  2.535  0.144E+01
  2.545  0.139E+01
  2.555  0.134E+01
  2.565  0.129E+01
  2.575  0.123E+01
  2.585  0.117E+01
  2.595  0.110E+01
  2.605  0.103E+01
  2.615  0.958E+00
  2.625  0.886E+00
  2.635  0.814E+00
  2.645  0.746E+00
  2.655  0.674E+00
  2.665  0.606E+00
  2.675  0.542E+00
  2.685  0.480E+00
  2.695  0.422E+00
  2.705  0.369E+00
  2.715  0.319E+00
  2.725  0.274E+00
  2.735  0.234E+00
  2.745  0.198E+00
  2.755  0.166E+00
  2.765  0.138E+00
  2.775  0.114E+00
  2.785  0.936E-01
  2.795  0.762E-01
  2.805  0.614E-01
  2.815  0.494E-01
  2.825  0.391E-01
  2.835  0.308E-01
  2.845  0.241E-01
  2.855  0.187E-01
  2.865  0.144E-01
  2.875  0.110E-01
  2.885  0.836E-02
  2.895  0.630E-02
  2.905  0.470E-02
  2.915  0.348E-02
  2.925  0.256E-02
  2.935  0.186E-02
  2.945  0.135E-02
  2.955  0.966E-03
  2.965  0.686E-03
  2.975  0.484E-03
  2.985  0.339E-03
  2.995  0.235E-03
  3.005  0.161E-03
  3.015  0.110E-03
  3.025  0.742E-04
  3.035  0.496E-04
  3.045  0.329E-04
  3.055  0.216E-04
  3.065  0.140E-04
  3.075  0.904E-05
  3.085  0.576E-05
  3.095  0.365E-05
