112  
8    

1    
  0.0073031913759050   0.0068310610967234  -0.0000001404938320
  -0.0352481200   -0.0393669500   -0.0295478900
   0.0009631400    0.0001205200   -0.0339904800
   0.0008093300    0.0000154000   -0.0340323100
   0.0009620300    0.0001194100   -0.0340641900
  -0.0007809100    0.0023755700   -0.0333458900
   0.0009105000   -0.0000779700   -0.0339744300
   0.0008267100   -0.0000245200   -0.0340299700
   0.0006430100   -0.0003640400   -0.0342430100
   0.0004811000    0.0000612000   -0.0338471400
   0.0008407200   -0.0000011900   -0.0340432400
   0.0008140700   -0.0000492600   -0.0340395200
   0.0008203900   -0.0000218500   -0.0340124400
   0.0006380000    0.0000560400   -0.0339710500
   0.0007893000    0.0000219500   -0.0340337400
   0.0008007400   -0.0000016300   -0.0340265200
   0.0007825500    0.0000149400   -0.0340248900
   0.0006441300    0.0000496900   -0.0339361300
   0.0007754200    0.0000228600   -0.0340264900
   0.0007844400    0.0000157100   -0.0340272500
   0.0007817500    0.0000298600   -0.0340267200
   0.0004489000    0.0000966400   -0.0337558700
   0.0007580200    0.0000444900   -0.0340156800
   0.0007668600    0.0000012200   -0.0340373800
   0.0007784900    0.0000654500   -0.0340314800
  -0.0000221500    0.0015682100   -0.0327071000
   0.0005635500   -0.0002802000   -0.0342455600
   0.0007743100    0.0000316300   -0.0340318300
   0.0008303800    0.0000072300   -0.0339528500
   0.0001723600   -0.0013498800   -0.0356967400
   0.0007695300    0.0000369300   -0.0340163400
   0.0007981900    0.0000670700   -0.0340374800
   0.0023235900    0.0009526000   -0.0332734400
   0.0030872900    0.0001658600   -0.0341500900
   0.0008584800    0.0000030000   -0.0340268800
   0.0008295600   -0.0000276800   -0.0340245700
   0.0009245100   -0.0021453300   -0.0358059600
   0.0009150500    0.0001694200   -0.0340636900
   0.0008492900   -0.0000403200   -0.0340244300
   0.0007782700   -0.0001165500   -0.0340760800
   0.0008672200    0.0001199300   -0.0340323000
   0.0007734500    0.0000610200   -0.0340383400
   0.0008111300   -0.0000099900   -0.0340363200
   0.0008070700   -0.0000141600   -0.0340198000
   0.0007645700    0.0000522600   -0.0340342200
   0.0007711400    0.0000371800   -0.0340254400
   0.0007887300    0.0000117900   -0.0340297600
   0.0007886400    0.0000119400   -0.0340251500
   0.0007711600    0.0000370300   -0.0340365000
   0.0007852900    0.0000302100   -0.0340149800
   0.0007742400    0.0000203800   -0.0340233900
   0.0007782600    0.0000244800   -0.0340312200
   0.0007934300    0.0000393300   -0.0340357500
   0.0008447700    0.0001440000   -0.0339806700
   0.0007172100   -0.0000517000   -0.0340763700
   0.0007883600    0.0000250000   -0.0340125400
   0.0008914000    0.0001918300   -0.0340794900
   0.0018570800    0.0078162100    0.0395216800
  -0.0008098500    0.0000074100    0.0339312800
  -0.0008097100   -0.0000227400    0.0340361700
  -0.0007269900    0.0003396000    0.0335784900
   0.0157539400    0.0230909200    0.0115606100
  -0.0008639800   -0.0000198100    0.0340985200
  -0.0008198400    0.0000128000    0.0340434400
  -0.0013031800    0.0003867900    0.0343678200
  -0.0008142600   -0.0002084500    0.0340851800
  -0.0008646100    0.0000582200    0.0340032100
  -0.0008212100    0.0000512500    0.0340571900
  -0.0007230200    0.0000049100    0.0339392800
  -0.0006307500   -0.0001196400    0.0339143000
  -0.0008105900   -0.0000114300    0.0340300400
  -0.0007929800    0.0000056600    0.0340184500
  -0.0007534600    0.0000003800    0.0340263200
  -0.0007073900   -0.0000474800    0.0339624900
  -0.0007831700   -0.0000211600    0.0340265500
  -0.0007829300   -0.0000076100    0.0340228100
  -0.0007611600   -0.0000124700    0.0340256700
  -0.0006808100    0.0000898900    0.0338863800
  -0.0007777200   -0.0000192000    0.0340194500
  -0.0007678900   -0.0000116200    0.0340322000
  -0.0007642100   -0.0000272800    0.0340142700
  -0.0005836300    0.0009620400    0.0334253600
  -0.0006289500    0.0000270100    0.0341357500
  -0.0007797400   -0.0000093500    0.0340124400
  -0.0007991100   -0.0000544500    0.0340166900
   0.0000690900   -0.0000837200    0.0345101900
  -0.0007836800   -0.0000049600    0.0340019700
  -0.0007588000   -0.0000085600    0.0339964600
  -0.0007212500   -0.0000744600    0.0340294000
  -0.0008958500    0.0001948900    0.0340612500
  -0.0008087000   -0.0000065100    0.0340436800
  -0.0008685800   -0.0000356100    0.0340567600
   0.0139739100    0.0047951600    0.0472254200
  -0.0006732500   -0.0000623800    0.0342980300
  -0.0008291000    0.0000144500    0.0340478700
  -0.0008322900    0.0001527400    0.0341346600
  -0.0004153800    0.0002089800    0.0340185900
  -0.0008267700   -0.0000454300    0.0340178900
  -0.0008321800    0.0000194700    0.0340340700
  -0.0007664400    0.0000119800    0.0339997400
  -0.0007638700    0.0000107600    0.0341071400
  -0.0007736900   -0.0000435900    0.0340273200
  -0.0007938200   -0.0000065100    0.0340234900
  -0.0007731300   -0.0000024500    0.0340234400
  -0.0007530600   -0.0000079100    0.0340580500
  -0.0007703100   -0.0000369500    0.0340202600
  -0.0007826100   -0.0000135000    0.0340248000
  -0.0007696500   -0.0000137200    0.0340252700
  -0.0007646500   -0.0000408500    0.0340480100
  -0.0007973500   -0.0000302200    0.0340120300
  -0.0007376300    0.0000024200    0.0340503400
  -0.0007790800   -0.0000290000    0.0340259000
  -0.0007805900   -0.0001009900    0.0340349200

1    
 -0.0073031913759050  -0.0068310610967234   0.0000001404938320
   0.0366474400    0.0385433300   -0.0375218000
   0.0005716700   -0.0001201800   -0.0340622100
   0.0007234100   -0.0000155900   -0.0340222400
   0.0005707900   -0.0001212000   -0.0339921700
   0.0023071300   -0.0023592000   -0.0347162500
   0.0006239400    0.0000789100   -0.0340806600
   0.0007062900    0.0000241300   -0.0340248100
   0.0008892800    0.0003622200   -0.0338122400
   0.0010494900   -0.0000600200   -0.0342060200
   0.0006928200    0.0000006300   -0.0340118200
   0.0007188300    0.0000491000   -0.0340156000
   0.0007121800    0.0000225800   -0.0340420200
   0.0008940200   -0.0000553500   -0.0340836600
   0.0007433400   -0.0000216100   -0.0340210600
   0.0007321100    0.0000016900   -0.0340281300
   0.0007497500   -0.0000149800   -0.0340300000
   0.0008888300   -0.0000490100   -0.0341185300
   0.0007569900   -0.0000225700   -0.0340279500
   0.0007484700   -0.0000155200   -0.0340270300
   0.0007505800   -0.0000292100   -0.0340278300
   0.0010845100   -0.0000964500   -0.0342988400
   0.0007746000   -0.0000443100   -0.0340389500
   0.0007656100   -0.0000013800   -0.0340175200
   0.0007547900   -0.0000659100   -0.0340230100
   0.0015605500   -0.0015573900   -0.0353394600
   0.0009671500    0.0002780300   -0.0338105000
   0.0007586000   -0.0000314700   -0.0340228400
   0.0007009800   -0.0000041200   -0.0341035100
   0.0013449200    0.0013453300   -0.0323541900
   0.0007637400   -0.0000364000   -0.0340380900
   0.0007349400   -0.0000678200   -0.0340173200
  -0.0008071600   -0.0009486100   -0.0347984700
  -0.0015282700   -0.0001482000   -0.0339240000
   0.0006752100   -0.0000032400   -0.0340277300
   0.0007034800    0.0000274400   -0.0340301000
   0.0006122900    0.0021371500   -0.0322486200
   0.0006188700   -0.0001676700   -0.0339927600
   0.0006839500    0.0000402000   -0.0340304900
   0.0007547700    0.0001157400   -0.0339787200
   0.0006634500   -0.0001189400   -0.0340202800
   0.0007596100   -0.0000605700   -0.0340165600
   0.0007223000    0.0000099500   -0.0340184700
   0.0007260200    0.0000143000   -0.0340347000
   0.0007674500   -0.0000513700   -0.0340202700
   0.0007619300   -0.0000365700   -0.0340290800
   0.0007443200   -0.0000118300   -0.0340246500
   0.0007442000   -0.0000115400   -0.0340293500
   0.0007615300   -0.0000368400   -0.0340180400
   0.0007469800   -0.0000300000   -0.0340394800
   0.0007583300   -0.0000202700   -0.0340312100
   0.0007543900   -0.0000250100   -0.0340233300
   0.0007385100   -0.0000387200   -0.0340183800
   0.0006860900   -0.0001427600   -0.0340749400
   0.0008147900    0.0000510800   -0.0339786700
   0.0007441100   -0.0000236800   -0.0340427000
   0.0006410600   -0.0001934500   -0.0339728900
  -0.0033610000   -0.0077869200    0.0285170400
  -0.0007237100   -0.0000084500    0.0341230000
  -0.0007234200    0.0000219500    0.0340184200
  -0.0008205900   -0.0003477300    0.0344814000
  -0.0168242900   -0.0223180000    0.0558204600
  -0.0006697500    0.0000190500    0.0339565600
  -0.0007131400   -0.0000134000    0.0340106900
  -0.0002330700   -0.0003849000    0.0336891100
  -0.0007144200    0.0002122200    0.0339692500
  -0.0006670000   -0.0000579900    0.0340513400
  -0.0007118400   -0.0000516400    0.0339971800
  -0.0008087100   -0.0000062700    0.0341168700
  -0.0009008900    0.0001180100    0.0341405300
  -0.0007224400    0.0000104700    0.0340267100
  -0.0007396300   -0.0000067300    0.0340374000
  -0.0007794900   -0.0000013200    0.0340295500
  -0.0008246400    0.0000457900    0.0340921600
  -0.0007497200    0.0000200000    0.0340265800
  -0.0007500200    0.0000065000    0.0340296600
  -0.0007710800    0.0000112600    0.0340288300
  -0.0008518000   -0.0000921300    0.0341682400
  -0.0007549900    0.0000183300    0.0340344700
  -0.0007640700    0.0000107900    0.0340223600
  -0.0007682300    0.0000261700    0.0340407600
  -0.0009404900   -0.0009758800    0.0346252600
  -0.0009015100   -0.0000277800    0.0339184600
  -0.0007531600    0.0000081600    0.0340433700
  -0.0007322500    0.0000538100    0.0340363000
  -0.0015960600    0.0000802700    0.0335440300
  -0.0007485100    0.0000040600    0.0340520000
  -0.0007755800    0.0000066400    0.0340588400
  -0.0008114600    0.0000757000    0.0340207100
  -0.0006406500   -0.0001939100    0.0339915000
  -0.0007241800    0.0000058400    0.0340129500
  -0.0006647200    0.0000351100    0.0339979900
  -0.0158845700   -0.0047541700    0.0205658500
  -0.0008482600    0.0000674600    0.0337605600
  -0.0007037900   -0.0000150500    0.0340066500
  -0.0007008100   -0.0001525700    0.0339205500
  -0.0011116700   -0.0002152300    0.0340368600
  -0.0007055900    0.0000438800    0.0340366200
  -0.0007007400   -0.0000202700    0.0340226300
  -0.0007653800   -0.0000130600    0.0340545000
  -0.0007677500   -0.0000123600    0.0339475100
  -0.0007582600    0.0000422100    0.0340274000
  -0.0007392200    0.0000054500    0.0340310000
  -0.0007595400    0.0000014200    0.0340327100
  -0.0007784800    0.0000066700    0.0339956500
  -0.0007615700    0.0000357000    0.0340339100
  -0.0007501100    0.0000126300    0.0340279400
  -0.0007626200    0.0000127700    0.0340281700
  -0.0007673600    0.0000398100    0.0340054500
  -0.0007347600    0.0000288600    0.0340420600
  -0.0007947400   -0.0000032000    0.0340058400
  -0.0007531300    0.0000282300    0.0340288700
  -0.0007511500    0.0001008700    0.0340194700

1    
 -0.0000002102584550  -0.0000000000697092   0.0099999999977896
   0.0061445000    0.0000000000   -0.0999837200
   0.0007174800    0.0000000000   -0.0340382500
   0.0007593100    0.0000000000   -0.0340526500
   0.0008153400    0.0000000000   -0.0340381000
   0.0021280400    0.0004496000   -0.0359036900
   0.0006708200    0.0002126000   -0.0343490900
   0.0007611300   -0.0000015100   -0.0340422700
   0.0006533900   -0.0001973900   -0.0343490900
   0.0010735300    0.0000673000   -0.0345514300
   0.0007730700   -0.0000138700   -0.0340502300
   0.0007512900    0.0000014300   -0.0340572300
   0.0007630800    0.0000198400   -0.0340500800
   0.0008667700    0.0000256600   -0.0341497700
   0.0007683000   -0.0000015100   -0.0340450000
   0.0007666000   -0.0000005600   -0.0340356500
   0.0007621200    0.0000051100   -0.0340446400
   0.0008667700   -0.0000256600   -0.0341497700
   0.0007683000    0.0000015100   -0.0340450000
   0.0007666000    0.0000005600   -0.0340356500
   0.0007621200   -0.0000051100   -0.0340446400
   0.0010735300   -0.0000673000   -0.0345514300
   0.0007730700    0.0000138700   -0.0340502300
   0.0007512900   -0.0000014300   -0.0340572300
   0.0007630800   -0.0000198400   -0.0340500800
   0.0021280400   -0.0004496000   -0.0359036900
   0.0006708200   -0.0002126000   -0.0343490900
   0.0007611300    0.0000015100   -0.0340422700
   0.0006533900    0.0001973900   -0.0343490900
   0.0000680300   -0.0018503900   -0.0359271100
   0.0007609700    0.0000091700   -0.0340459200
   0.0007739600   -0.0000075700   -0.0340461100
  -0.0004445200    0.0011406400   -0.0359260800
   0.0000680300    0.0018503900   -0.0359271100
   0.0007609700   -0.0000091700   -0.0340459200
   0.0007739600    0.0000075700   -0.0340461100
  -0.0004445200   -0.0011406400   -0.0359260800
   0.0007247200   -0.0000339900   -0.0341252700
   0.0007429400    0.0000464200   -0.0340910600
   0.0007349100   -0.0000379900   -0.0340909100
   0.0007736400    0.0000600400   -0.0341253200
   0.0007553200   -0.0000017300   -0.0340656300
   0.0007683400   -0.0000081000   -0.0340404700
   0.0007626600    0.0000094100   -0.0340405200
   0.0007669100    0.0000170500   -0.0340652100
   0.0007530800    0.0000000000   -0.0340498400
   0.0007687300    0.0000000000   -0.0340371100
   0.0007625100    0.0000000000   -0.0340370500
   0.0007686200    0.0000000000   -0.0340496000
   0.0007553200    0.0000017300   -0.0340656300
   0.0007683400    0.0000081000   -0.0340404700
   0.0007626600   -0.0000094100   -0.0340405200
   0.0007669100   -0.0000170500   -0.0340652100
   0.0007247200    0.0000339900   -0.0341252700
   0.0007429400   -0.0000464200   -0.0340910600
   0.0007349100    0.0000379900   -0.0340909100
   0.0007736400   -0.0000600400   -0.0341253200
  -0.0124029300    0.0203640200    0.0598081400
  -0.0007633600    0.0000101900    0.0340286400
  -0.0007619700    0.0000023700    0.0340472800
  -0.0010809500   -0.0005792000    0.0346252100
  -0.0124029300   -0.0203640200    0.0598081400
  -0.0007633600   -0.0000101900    0.0340286400
  -0.0007619700   -0.0000023700    0.0340472800
  -0.0010809500    0.0005792000    0.0346252100
  -0.0010862900    0.0008170300    0.0347327200
  -0.0006561200   -0.0000541000    0.0341720200
  -0.0007683300    0.0000189200    0.0340564100
  -0.0007372300    0.0000101300    0.0340460600
  -0.0009118400    0.0001126000    0.0342466900
  -0.0007742300    0.0000039900    0.0340462000
  -0.0007552900   -0.0000026100    0.0340398100
  -0.0007724700   -0.0000005600    0.0340525700
  -0.0008284500   -0.0000000000    0.0341303600
  -0.0007656900   -0.0000000000    0.0340399400
  -0.0007659700   -0.0000000000    0.0340362800
  -0.0007698500   -0.0000000000    0.0340442500
  -0.0009118400   -0.0001126000    0.0342466900
  -0.0007742300   -0.0000039900    0.0340462000
  -0.0007552900    0.0000026100    0.0340398100
  -0.0007724700    0.0000005600    0.0340525700
  -0.0010862900   -0.0008170300    0.0347327200
  -0.0006561200    0.0000541000    0.0341720200
  -0.0007683300   -0.0000189200    0.0340564100
  -0.0007372300   -0.0000101300    0.0340460600
  -0.0001066500   -0.0000135300    0.0346664200
  -0.0007647500    0.0000052700    0.0340362800
  -0.0007830100   -0.0001010200    0.0341526100
  -0.0007655800   -0.0000959700    0.0342158000
  -0.0007381400   -0.0000000000    0.0338253200
  -0.0007517900   -0.0000000000    0.0340550600
  -0.0007656600   -0.0000000000    0.0340198100
   0.0181122300   -0.0000000000    0.0577866600
  -0.0001066500    0.0000135300    0.0346664200
  -0.0007647500   -0.0000052700    0.0340362800
  -0.0007830100    0.0001010200    0.0341526100
  -0.0007655800    0.0000959700    0.0342158000
  -0.0007802000    0.0000101700    0.0340504400
  -0.0007400200   -0.0000028400    0.0340653500
  -0.0007537000   -0.0000034600    0.0340377900
  -0.0007936100    0.0000076400    0.0340877800
  -0.0007653000    0.0000001400    0.0340518900
  -0.0007671900    0.0000005500    0.0340365100
  -0.0007645200   -0.0000014800    0.0340403500
  -0.0007785900   -0.0000075900    0.0340491600
  -0.0007653000   -0.0000001400    0.0340518900
  -0.0007671900   -0.0000005500    0.0340365100
  -0.0007645200    0.0000014800    0.0340403500
  -0.0007785900    0.0000075900    0.0340491600
  -0.0007802000   -0.0000101700    0.0340504400
  -0.0007400200    0.0000028400    0.0340653500
  -0.0007537000    0.0000034600    0.0340377900
  -0.0007936100   -0.0000076400    0.0340877800

1    
  0.0000002102584550   0.0000000000697092  -0.0099999999977896
  -0.0047479500   -0.0000000000    0.0324980500
   0.0008163600    0.0000000000   -0.0340186500
   0.0007730100    0.0000000000   -0.0340017900
   0.0007176200    0.0000000000   -0.0340184600
  -0.0006116900   -0.0004744400   -0.0321458500
   0.0008628600   -0.0002133700   -0.0337053400
   0.0007712600    0.0000013800   -0.0340123700
   0.0008792200    0.0001987500   -0.0337054000
   0.0004564200   -0.0000675200   -0.0335011200
   0.0007587600    0.0000142400   -0.0340047000
   0.0007812000   -0.0000013000   -0.0339976400
   0.0007690600   -0.0000203300   -0.0340046200
   0.0006654300   -0.0000254700   -0.0339044400
   0.0007644200    0.0000015900   -0.0340098300
   0.0007661000    0.0000004900   -0.0340189200
   0.0007700300   -0.0000047300   -0.0340097900
   0.0006654300    0.0000254700   -0.0339044400
   0.0007644200   -0.0000015800   -0.0340098300
   0.0007661000   -0.0000004900   -0.0340189200
   0.0007700300    0.0000047300   -0.0340097900
   0.0004564200    0.0000675200   -0.0335011200
   0.0007587600   -0.0000142400   -0.0340047000
   0.0007812000    0.0000013000   -0.0339976400
   0.0007690600    0.0000203300   -0.0340046200
  -0.0006116900    0.0004744400   -0.0321458500
   0.0008628600    0.0002133700   -0.0337053400
   0.0007712600   -0.0000013800   -0.0340123700
   0.0008792200   -0.0001987500   -0.0337054000
   0.0014596400    0.0018698800   -0.0321298400
   0.0007715300   -0.0000090200   -0.0340088100
   0.0007587700    0.0000081400   -0.0340084900
   0.0019992300   -0.0011401600   -0.0321286300
   0.0014596400   -0.0018698800   -0.0321298400
   0.0007715300    0.0000090200   -0.0340088100
   0.0007587700   -0.0000081400   -0.0340084900
   0.0019992300    0.0011401600   -0.0321286300
   0.0008066800    0.0000351400   -0.0339304600
   0.0007896300   -0.0000465200   -0.0339634100
   0.0007978000    0.0000381800   -0.0339632400
   0.0007580800   -0.0000606400   -0.0339305900
   0.0007770000    0.0000012600   -0.0339893500
   0.0007641400    0.0000082000   -0.0340139500
   0.0007697800   -0.0000093900   -0.0340141500
   0.0007653700   -0.0000167100   -0.0339886800
   0.0007790200    0.0000000000   -0.0340046500
   0.0007635100    0.0000000000   -0.0340174700
   0.0007699900    0.0000000000   -0.0340176400
   0.0007636800    0.0000000000   -0.0340047700
   0.0007770000   -0.0000012600   -0.0339893500
   0.0007641400   -0.0000082000   -0.0340139500
   0.0007697800    0.0000093900   -0.0340141500
   0.0007653700    0.0000167100   -0.0339886800
   0.0008066800   -0.0000351400   -0.0339304600
   0.0007896300    0.0000465200   -0.0339634100
   0.0007978000   -0.0000381800   -0.0339632400
   0.0007580800    0.0000606400   -0.0339305900
   0.0111474800   -0.0207936300    0.0080363400
  -0.0007693300   -0.0000105100    0.0340277700
  -0.0007710700   -0.0000025500    0.0340063100
  -0.0004557100    0.0005823800    0.0334271100
   0.0111474800    0.0207936300    0.0080363400
  -0.0007693300    0.0000105100    0.0340277700
  -0.0007710700    0.0000025500    0.0340063100
  -0.0004557100   -0.0005823800    0.0334271100
  -0.0004404400   -0.0008204600    0.0333158500
  -0.0008766600    0.0000548500    0.0338814000
  -0.0007649700   -0.0000188000    0.0339993900
  -0.0007964200   -0.0000099900    0.0340107300
  -0.0006203000   -0.0001126700    0.0338068400
  -0.0007591800   -0.0000041300    0.0340091700
  -0.0007774600    0.0000025700    0.0340149600
  -0.0007606000    0.0000005800    0.0340003200
  -0.0007036600   -0.0000000000    0.0339247900
  -0.0007673400   -0.0000000000    0.0340168000
  -0.0007664900   -0.0000000000    0.0340184400
  -0.0007629600   -0.0000000000    0.0340099000
  -0.0006203000    0.0001126700    0.0338068400
  -0.0007591800    0.0000041300    0.0340091700
  -0.0007774600   -0.0000025700    0.0340149600
  -0.0007606000   -0.0000005800    0.0340003200
  -0.0004404400    0.0008204600    0.0333158500
  -0.0008766600   -0.0000548500    0.0338814000
  -0.0007649700    0.0000188000    0.0339993900
  -0.0007964200    0.0000099900    0.0340107300
  -0.0014281200    0.0000123400    0.0333865200
  -0.0007684200   -0.0000056000    0.0340186100
  -0.0007503800    0.0001013100    0.0339004500
  -0.0007670000    0.0000951200    0.0338419800
  -0.0007942800   -0.0000000000    0.0342397900
  -0.0007810500   -0.0000000000    0.0339975500
  -0.0007676500   -0.0000000000    0.0340358900
  -0.0200354800   -0.0000000000    0.0101146600
  -0.0014281200   -0.0000123400    0.0333865200
  -0.0007684200    0.0000056000    0.0340186100
  -0.0007503800   -0.0001013100    0.0339004500
  -0.0007670000   -0.0000951200    0.0338419800
  -0.0007523400   -0.0000103700    0.0340049600
  -0.0007934800    0.0000027800    0.0339889700
  -0.0007786000    0.0000035900    0.0340174600
  -0.0007391500   -0.0000078700    0.0339675700
  -0.0007682000   -0.0000001400    0.0340021100
  -0.0007652700   -0.0000006600    0.0340176400
  -0.0007687000    0.0000014400    0.0340152700
  -0.0007545700    0.0000075700    0.0340056900
  -0.0007682000    0.0000001400    0.0340021100
  -0.0007652700    0.0000006600    0.0340176400
  -0.0007687000   -0.0000014400    0.0340152700
  -0.0007545700   -0.0000075700    0.0340056900
  -0.0007523400    0.0000103700    0.0340049600
  -0.0007934800   -0.0000027800    0.0339889700
  -0.0007786000   -0.0000035900    0.0340174600
  -0.0007391500    0.0000078700    0.0339675700

57   
  0.0073031913759050   0.0068310610967234  -0.0000001404938320
   0.0032394900    0.0079107700   -0.0285764500
   0.0005049700    0.0006768300   -0.0346563000
   0.0007011300   -0.0000002900   -0.0340229400
   0.0007087000    0.0000226400   -0.0340187800
   0.0013770600    0.0005015500   -0.0348220100
   0.0007435000   -0.0000670500   -0.0340129100
   0.0007036900    0.0000420600   -0.0340422200
   0.0007703100    0.0001663400   -0.0339101200
   0.0009736800   -0.0000417100   -0.0342114300
   0.0007609900   -0.0000203300   -0.0340316300
   0.0007437500    0.0000093600   -0.0340179900
   0.0007342300    0.0000013400   -0.0340362800
   0.0008242800   -0.0000480600   -0.0340732100
   0.0007710700   -0.0000131200   -0.0340304100
   0.0007496900   -0.0000086600   -0.0340276800
   0.0007490100   -0.0000220700   -0.0340268400
   0.0007774800    0.0000116800   -0.0340576100
   0.0007863600   -0.0000089800   -0.0340325300
   0.0007598000   -0.0000169900   -0.0340215500
   0.0007415800   -0.0000334200   -0.0340305000
   0.0002761700    0.0002560300   -0.0337033600
   0.0007990500    0.0000152800   -0.0339993000
   0.0007600500   -0.0000020300   -0.0340159600
   0.0007988400   -0.0000838300   -0.0339849300
   0.0169517900    0.0221823500   -0.0563487200
   0.0005424100    0.0000525300   -0.0338597500
   0.0007344400   -0.0000118000   -0.0340263500
   0.0006829300   -0.0000370600   -0.0340326000
   0.0158778200    0.0047496800   -0.0199649100
   0.0006642900   -0.0000366900   -0.0340270700
   0.0007237900   -0.0000078800   -0.0340173300
   0.0006385900    0.0001923700   -0.0340072200
   0.0008286900   -0.0000951800   -0.0340915400
   0.0006621000    0.0001110800   -0.0341094600
   0.0007167500    0.0000280500   -0.0340228900
   0.0012179600    0.0003243500   -0.0335536800
   0.0007061700   -0.0000548900   -0.0340532300
   0.0007403600   -0.0000163500   -0.0340159300
   0.0007394900    0.0000606400   -0.0340064400
   0.0007268900   -0.0000227900   -0.0340447900
   0.0007572900   -0.0000308800   -0.0340314200
   0.0007554800   -0.0000072800   -0.0340253800
   0.0007406300   -0.0000049600   -0.0340288500
   0.0007630700   -0.0000389800   -0.0340269300
   0.0007885200   -0.0000191900   -0.0340421400
   0.0007658900   -0.0000108900   -0.0340273200
   0.0007474800   -0.0000169200   -0.0340281900
   0.0007568900   -0.0000429000   -0.0340267400
   0.0008114600   -0.0000376500   -0.0340423300
   0.0007787900   -0.0000024600   -0.0340208500
   0.0007554500   -0.0000402700   -0.0340105800
   0.0007124500   -0.0000545200   -0.0340305300
   0.0010964200    0.0002295400   -0.0339638400
   0.0008120100    0.0000312600   -0.0339706800
   0.0007347800   -0.0000205100   -0.0340305500
   0.0012309100   -0.0004727900   -0.0335386500
  -0.0366176600   -0.0375636600    0.0373813900
  -0.0006219700   -0.0000099700    0.0339390400
  -0.0007201600    0.0000002700    0.0340169200
  -0.0006227500   -0.0000100800    0.0340114100
  -0.0018689200    0.0013826700    0.0358610100
  -0.0005268900   -0.0001469300    0.0342501500
  -0.0007154600   -0.0000178600    0.0340076300
  -0.0006512700   -0.0002766000    0.0338019100
  -0.0010698600    0.0003761400    0.0343748800
  -0.0007641700    0.0000244400    0.0340222800
  -0.0007164300   -0.0000277400    0.0340274900
  -0.0007860700    0.0000000600    0.0340650800
  -0.0008418600    0.0001534000    0.0341200000
  -0.0007580200    0.0000160400    0.0340285300
  -0.0007534800    0.0000030900    0.0340327100
  -0.0007659900    0.0000065400    0.0340288000
  -0.0007660800    0.0000718100    0.0340337100
  -0.0007691600    0.0000098900    0.0340327300
  -0.0007569600    0.0000071800    0.0340305100
  -0.0007604200    0.0000192700    0.0340272900
  -0.0006206100   -0.0001084700    0.0339711000
  -0.0007888200    0.0000029500    0.0340221600
  -0.0007556100    0.0000138800    0.0340184100
  -0.0007653800    0.0000276300    0.0340474500
  -0.0019729700    0.0015061100    0.0350302500
  -0.0009409600    0.0000340600    0.0339479600
  -0.0007356400    0.0000044000    0.0340291800
  -0.0008218700    0.0001625400    0.0339117700
  -0.0007099200   -0.0016193400    0.0317429400
  -0.0007233500    0.0000027200    0.0340409800
  -0.0007208900    0.0000056900    0.0340254900
   0.0011492800    0.0003678000    0.0340698600
   0.0009318400    0.0006228100    0.0348541600
  -0.0007058900   -0.0000102000    0.0339891900
  -0.0007084200   -0.0000133800    0.0340057200
  -0.0009402100   -0.0013681900    0.0320478300
  -0.0007483400    0.0000692300    0.0340165300
  -0.0006731900   -0.0000340700    0.0340711400
  -0.0007152000   -0.0000763900    0.0339755800
  -0.0008129400   -0.0000012900    0.0340890200
  -0.0007527000    0.0000238100    0.0340289400
  -0.0007491000    0.0000032200    0.0340237700
  -0.0007557700   -0.0000036200    0.0340438300
  -0.0007784200   -0.0000048100    0.0340034400
  -0.0007683100    0.0000153500    0.0340319200
  -0.0007569600    0.0000076800    0.0340311600
  -0.0007571400    0.0000073300    0.0340291200
  -0.0007681800    0.0000155200    0.0340191800
  -0.0007788900   -0.0000035000    0.0340439800
  -0.0007659700    0.0000064600    0.0340263100
  -0.0007593400    0.0000135800    0.0340325300
  -0.0007524800    0.0000249100    0.0340279700
  -0.0008339800    0.0000217100    0.0339906500
  -0.0007886700    0.0000029000    0.0340105700
  -0.0007497700    0.0000452200    0.0340005200
  -0.0007685000    0.0000914400    0.0340457700

57   
 -0.0073031913759050  -0.0068310610967234   0.0000001404938320
  -0.0017234100   -0.0079600100   -0.0394883700
   0.0010353700   -0.0006719400   -0.0334052800
   0.0008332000    0.0000002100   -0.0340324000
   0.0008259300   -0.0000218800   -0.0340368400
   0.0001476700   -0.0004983900   -0.0332314500
   0.0007921100    0.0000655200   -0.0340419600
   0.0008304500   -0.0000418700   -0.0340134000
   0.0007638900   -0.0001668400   -0.0341453100
   0.0005595700    0.0000415900   -0.0338435700
   0.0007736900    0.0000203600   -0.0340235800
   0.0007905700   -0.0000094400   -0.0340370800
   0.0007997900   -0.0000013700   -0.0340190700
   0.0007089500    0.0000482300   -0.0339820000
   0.0007630600    0.0000131300   -0.0340248400
   0.0007847000    0.0000085100   -0.0340275600
   0.0007850600    0.0000219500   -0.0340284100
   0.0007559500   -0.0000109700   -0.0339973200
   0.0007478500    0.0000083900   -0.0340227200
   0.0007742400    0.0000170900   -0.0340337300
   0.0007923500    0.0000336600   -0.0340245700
   0.0012526000   -0.0002554600   -0.0343502200
   0.0007361300   -0.0000149400   -0.0340558300
   0.0007740200    0.0000019900   -0.0340392100
   0.0007351000    0.0000847400   -0.0340711100
  -0.0158765100   -0.0229535300   -0.0110191100
   0.0009938100   -0.0000523300   -0.0341958300
   0.0008001500    0.0000116500   -0.0340288100
   0.0008515100    0.0000354600   -0.0340223300
  -0.0139780700   -0.0047966400   -0.0478293500
   0.0008708000    0.0000366800   -0.0340282900
   0.0008103200    0.0000070000   -0.0340381200
   0.0008958400   -0.0001937700   -0.0340475300
   0.0007071600    0.0000935400   -0.0339627000
   0.0008717300   -0.0001103100   -0.0339469700
   0.0008174500   -0.0000276000   -0.0340322600
   0.0003169400   -0.0003224600   -0.0345006100
   0.0008268000    0.0000554300   -0.0340022800
   0.0007943200    0.0000159000   -0.0340390600
   0.0007947300   -0.0000607600   -0.0340488600
   0.0008068500    0.0000226900   -0.0340102100
   0.0007763300    0.0000313000   -0.0340236600
   0.0007788100    0.0000070100   -0.0340297000
   0.0007934600    0.0000049000   -0.0340262300
   0.0007710500    0.0000395800   -0.0340282100
   0.0007454700    0.0000190700   -0.0340132900
   0.0007682600    0.0000109600   -0.0340277500
   0.0007868600    0.0000170300   -0.0340269800
   0.0007772800    0.0000425000   -0.0340282700
   0.0007216900    0.0000370000   -0.0340125500
   0.0007556300    0.0000025300   -0.0340342600
   0.0007788100    0.0000405000   -0.0340450800
   0.0008208500    0.0000543700   -0.0340240700
   0.0004360100   -0.0002278600   -0.0340949000
   0.0007218900   -0.0000315000   -0.0340845300
   0.0007996300    0.0000204600   -0.0340246700
   0.0002974500    0.0004731000   -0.0345210600
   0.0350298800    0.0385054600    0.0297195000
  -0.0009075700    0.0000100900    0.0341174800
  -0.0008092000   -0.0000008600    0.0340373300
  -0.0009076700    0.0000101900    0.0340414100
   0.0003301800   -0.0013982800    0.0321950000
  -0.0010000400    0.0001464000    0.0338074500
  -0.0008155400    0.0000169400    0.0340460300
  -0.0008811900    0.0002763900    0.0342535900
  -0.0004580300   -0.0003736600    0.0336798500
  -0.0007691600   -0.0000252000    0.0340336200
  -0.0008146400    0.0000270400    0.0340266300
  -0.0007453500   -0.0000006600    0.0339894200
  -0.0006887600   -0.0001537400    0.0339345500
  -0.0007732600   -0.0000166900    0.0340259900
  -0.0007780900   -0.0000038600    0.0340232300
  -0.0007645100   -0.0000075600    0.0340248100
  -0.0007642100   -0.0000731400    0.0340206800
  -0.0007611400   -0.0000108200    0.0340218200
  -0.0007742200   -0.0000077400    0.0340250300
  -0.0007703100   -0.0000201200    0.0340270100
  -0.0009093200    0.0001055400    0.0340819200
  -0.0007428300   -0.0000037800    0.0340342300
  -0.0007749900   -0.0000149400    0.0340380600
  -0.0007651900   -0.0000284500    0.0340088000
   0.0004486300   -0.0015130900    0.0330238500
  -0.0005888300   -0.0000353600    0.0341066900
  -0.0007948300   -0.0000053000    0.0340253900
  -0.0007120900   -0.0001663600    0.0341449200
  -0.0008220300    0.0016189700    0.0363096300
  -0.0008079700   -0.0000033300    0.0340133200
  -0.0008101900   -0.0000061600    0.0340277900
  -0.0026985500   -0.0003852900    0.0340019300
  -0.0024508600   -0.0006299400    0.0332248900
  -0.0008261300    0.0000095500    0.0340657100
  -0.0008222100    0.0000123600    0.0340494000
  -0.0005842800    0.0013705600    0.0360099800
  -0.0007843600   -0.0000702800    0.0340374100
  -0.0008567100    0.0000331700    0.0339842000
  -0.0008167900    0.0000759400    0.0340796000
  -0.0007165500    0.0000004300    0.0339654100
  -0.0007794300   -0.0000250600    0.0340255100
  -0.0007817000   -0.0000040300    0.0340307600
  -0.0007758000    0.0000029500    0.0340111000
  -0.0007528900    0.0000038300    0.0340520700
  -0.0007616400   -0.0000162800    0.0340219500
  -0.0007737200   -0.0000082700    0.0340241400
  -0.0007739500   -0.0000083200    0.0340257600
  -0.0007624100   -0.0000163500    0.0340359400
  -0.0007520300    0.0000031800    0.0340120900
  -0.0007649300   -0.0000073900    0.0340273300
  -0.0007717100   -0.0000143600    0.0340223000
  -0.0007783900   -0.0000255200    0.0340269900
  -0.0006963600   -0.0000204300    0.0340636400
  -0.0007430600   -0.0000038000    0.0340460000
  -0.0007826700   -0.0000466400    0.0340550100
  -0.0007625800   -0.0000921100    0.0340092200

57   
 -0.0000002102584550  -0.0000000000697092   0.0099999999977896
  -0.0107300400    0.0204118400   -0.0080703400
   0.0006921700   -0.0005804500   -0.0334241100
   0.0007839600   -0.0000056900   -0.0340055300
   0.0007493800   -0.0001225800   -0.0340256100
   0.0003922100   -0.0004830500   -0.0333125800
   0.0006994900    0.0000580700   -0.0340085700
   0.0007778700   -0.0000325000   -0.0339975400
   0.0008248400    0.0000975200   -0.0338799500
   0.0005921800   -0.0000201200   -0.0338050400
   0.0007556300   -0.0000083600   -0.0339997800
   0.0007637000    0.0000110300   -0.0340130100
   0.0007641600   -0.0000056500   -0.0340076800
   0.0006774300    0.0000000000   -0.0339229700
   0.0007644800    0.0000000000   -0.0340088600
   0.0007621600    0.0000000000   -0.0340162000
   0.0007662300    0.0000000000   -0.0340149100
   0.0005921800    0.0000201200   -0.0338050400
   0.0007556300    0.0000083600   -0.0339997800
   0.0007637000   -0.0000110300   -0.0340130100
   0.0007641600    0.0000056500   -0.0340076800
   0.0003922100    0.0004830500   -0.0333125800
   0.0006994900   -0.0000580700   -0.0340085700
   0.0007778700    0.0000325100   -0.0339975400
   0.0008248400   -0.0000975200   -0.0338799500
  -0.0107300400   -0.0204118400   -0.0080703400
   0.0006921700    0.0005804500   -0.0334241100
   0.0007839600    0.0000056900   -0.0340055300
   0.0007493800    0.0001225800   -0.0340256100
   0.0191791900    0.0000000000   -0.0101527700
   0.0008077300    0.0000000000   -0.0340340000
   0.0007878700    0.0000000000   -0.0339962300
   0.0008137500    0.0000000000   -0.0342387000
   0.0007630300    0.0000129900   -0.0338412400
   0.0008186600   -0.0001018800   -0.0338999900
   0.0007638800   -0.0000338600   -0.0340167200
   0.0012826000    0.0001575100   -0.0333830300
   0.0008275600   -0.0000531800   -0.0339664500
   0.0007480400    0.0000192000   -0.0340165100
   0.0007860200    0.0000127300   -0.0339875600
   0.0007504900   -0.0000041000   -0.0340032200
   0.0008028700   -0.0000068400   -0.0340035500
   0.0007628600    0.0000013900   -0.0340122100
   0.0007630500    0.0000020400   -0.0340170000
   0.0007619300   -0.0000051600   -0.0340012300
   0.0008028700    0.0000068400   -0.0340035500
   0.0007628600   -0.0000013900   -0.0340122100
   0.0007630500   -0.0000020400   -0.0340170000
   0.0007619300    0.0000051600   -0.0340012300
   0.0008275600    0.0000531800   -0.0339664500
   0.0007480400   -0.0000192000   -0.0340165100
   0.0007860200   -0.0000127300   -0.0339875600
   0.0007504900    0.0000041000   -0.0340032200
   0.0007630300   -0.0000129900   -0.0338412400
   0.0008186600    0.0001018800   -0.0338999900
   0.0007638800    0.0000338700   -0.0340167200
   0.0012826000   -0.0001575100   -0.0333830300
   0.0045115700    0.0000000000   -0.0278095500
  -0.0007876100   -0.0000000000    0.0341054900
  -0.0007807600   -0.0000000000    0.0340107400
  -0.0008888300   -0.0000000000    0.0341062000
   0.0011871200   -0.0006112900    0.0314205600
  -0.0010005100    0.0000800300    0.0336997900
  -0.0007789900    0.0000159400    0.0340226500
  -0.0006695700   -0.0002196600    0.0337007900
  -0.0005645400   -0.0002945300    0.0335632500
  -0.0007271700   -0.0000139400    0.0340187300
  -0.0007728400   -0.0000072200    0.0339924600
  -0.0007748300   -0.0000005600    0.0340181500
  -0.0006977800   -0.0000632000    0.0338940800
  -0.0007649300   -0.0000016500    0.0340102400
  -0.0007616700   -0.0000014000    0.0340202200
  -0.0007624000    0.0000029500    0.0340121400
  -0.0006977800    0.0000632000    0.0338940800
  -0.0007649300    0.0000016500    0.0340102400
  -0.0007616700    0.0000014000    0.0340202200
  -0.0007624000   -0.0000029500    0.0340121400
  -0.0005645400    0.0002945300    0.0335632500
  -0.0007271700    0.0000139400    0.0340187300
  -0.0007728400    0.0000072200    0.0339924600
  -0.0007748300    0.0000005600    0.0340181500
   0.0011871200    0.0006112900    0.0314205600
  -0.0010005100   -0.0000800300    0.0336997900
  -0.0007789900   -0.0000159400    0.0340226500
  -0.0006695700    0.0002196600    0.0337007900
  -0.0021045100   -0.0014787000    0.0311131200
  -0.0007821500   -0.0000148200    0.0340287100
  -0.0007836800   -0.0000383300    0.0340280700
  -0.0017787700    0.0022775000    0.0311120700
  -0.0021045100    0.0014786900    0.0311131200
  -0.0007821500    0.0000148200    0.0340287100
  -0.0007836800    0.0000383300    0.0340280700
  -0.0017787700   -0.0022775000    0.0311120700
  -0.0007103400   -0.0000324400    0.0340212400
  -0.0008206700    0.0000182000    0.0339568000
  -0.0007484100   -0.0000445900    0.0339567800
  -0.0007975100   -0.0000192700    0.0340175500
  -0.0007818500    0.0000178300    0.0340058200
  -0.0007518000   -0.0000082000    0.0340169000
  -0.0007690500    0.0000019300    0.0340165700
  -0.0007550000    0.0000109000    0.0340065400
  -0.0007775100   -0.0000000000    0.0340124800
  -0.0007639900   -0.0000000000    0.0340176600
  -0.0007615100   -0.0000000000    0.0340192100
  -0.0007595800   -0.0000000000    0.0340128400
  -0.0007818500   -0.0000178300    0.0340058200
  -0.0007518000    0.0000082000    0.0340169000
  -0.0007690500   -0.0000019300    0.0340165700
  -0.0007550000   -0.0000109000    0.0340065400
  -0.0007103400    0.0000324400    0.0340212400
  -0.0008206700   -0.0000182000    0.0339568000
  -0.0007484100    0.0000445800    0.0339567800
  -0.0007975100    0.0000192700    0.0340175500

57   
  0.0000002102584550   0.0000000000697092  -0.0099999999977896
   0.0120245300   -0.0200296300   -0.0598430700
   0.0008453100    0.0005772700   -0.0346243000
   0.0007496400    0.0000056300   -0.0340479300
   0.0007835100    0.0001214300   -0.0340286700
   0.0011341100    0.0004797600   -0.0347308600
   0.0008338900   -0.0000573100   -0.0340460300
   0.0007561100    0.0000326400   -0.0340557500
   0.0007089700   -0.0000969000   -0.0341726300
   0.0009395500    0.0000196200   -0.0342470600
   0.0007776000    0.0000082400   -0.0340531900
   0.0007697300   -0.0000114600   -0.0340401000
   0.0007697700    0.0000053500   -0.0340459300
   0.0008550700    0.0000000000   -0.0341302300
   0.0007685600    0.0000000000   -0.0340442300
   0.0007711700    0.0000000000   -0.0340367000
   0.0007673400    0.0000000000   -0.0340387000
   0.0009395500   -0.0000196200   -0.0342470600
   0.0007776000   -0.0000082400   -0.0340531900
   0.0007697300    0.0000114600   -0.0340401000
   0.0007697700   -0.0000053500   -0.0340459300
   0.0011341100   -0.0004797600   -0.0347308600
   0.0008338900    0.0000573100   -0.0340460300
   0.0007561100   -0.0000326400   -0.0340557500
   0.0007089700    0.0000969000   -0.0341726300
   0.0120245300    0.0200296300   -0.0598430700
   0.0008453100   -0.0005772700   -0.0346243000
   0.0007496400   -0.0000056300   -0.0340479300
   0.0007835100   -0.0001214200   -0.0340286700
  -0.0173193800    0.0000000000   -0.0578250700
   0.0007264600    0.0000000000   -0.0340193300
   0.0007461200    0.0000000000   -0.0340569200
   0.0007168600    0.0000000000   -0.0338254900
   0.0007702300   -0.0000065000   -0.0342173900
   0.0007148700    0.0001010500   -0.0341529700
   0.0007695900    0.0000338700   -0.0340369700
   0.0002529300   -0.0001557800   -0.0346649500
   0.0007060800    0.0000532000   -0.0340875800
   0.0007857500   -0.0000187800   -0.0340368600
   0.0007473000   -0.0000130700   -0.0340656400
   0.0007829200    0.0000035500   -0.0340498400
   0.0007306100    0.0000068700   -0.0340497900
   0.0007712600   -0.0000016100   -0.0340411200
   0.0007706300   -0.0000018500   -0.0340365500
   0.0007717500    0.0000051800   -0.0340521900
   0.0007306100   -0.0000068700   -0.0340497900
   0.0007712600    0.0000016100   -0.0340411200
   0.0007706300    0.0000018600   -0.0340365500
   0.0007717500   -0.0000051800   -0.0340521900
   0.0007060800   -0.0000532000   -0.0340875800
   0.0007857500    0.0000187800   -0.0340368600
   0.0007473000    0.0000130700   -0.0340656400
   0.0007829200   -0.0000035500   -0.0340498400
   0.0007702300    0.0000065000   -0.0342173900
   0.0007148700   -0.0001010500   -0.0341529700
   0.0007695900   -0.0000338700   -0.0340369700
   0.0002529300    0.0001557800   -0.0346649500
  -0.0059372100   -0.0000000000    0.0954803600
  -0.0007462400   -0.0000000000    0.0339513900
  -0.0007519200   -0.0000000000    0.0340440800
  -0.0006456300   -0.0000000000    0.0339525200
  -0.0026959100    0.0006026000    0.0366239200
  -0.0005321300   -0.0000789000    0.0343539200
  -0.0007542400   -0.0000159300    0.0340332100
  -0.0008641300    0.0002194700    0.0343530400
  -0.0009648100    0.0002945900    0.0344879200
  -0.0008054500    0.0000136000    0.0340369600
  -0.0007601600    0.0000072800    0.0340618600
  -0.0007576400    0.0000007300    0.0340375800
  -0.0008336000    0.0000634800    0.0341598100
  -0.0007676800    0.0000017600    0.0340432100
  -0.0007715600    0.0000015400    0.0340340100
  -0.0007708300   -0.0000028700    0.0340446300
  -0.0008336000   -0.0000634800    0.0341598100
  -0.0007676800   -0.0000017600    0.0340432100
  -0.0007715600   -0.0000015400    0.0340340100
  -0.0007708300    0.0000028700    0.0340446300
  -0.0009648100   -0.0002945900    0.0344879200
  -0.0008054500   -0.0000136000    0.0340369600
  -0.0007601600   -0.0000072900    0.0340618600
  -0.0007576400   -0.0000007300    0.0340375800
  -0.0026959100   -0.0006026000    0.0366239200
  -0.0005321300    0.0000789000    0.0343539200
  -0.0007542400    0.0000159300    0.0340332100
  -0.0008641300   -0.0002194700    0.0343530400
   0.0005616500    0.0014712400    0.0369307400
  -0.0007507400    0.0000147200    0.0340259500
  -0.0007487300    0.0000377700    0.0340245900
   0.0002329100   -0.0022574800    0.0369300000
   0.0005616500   -0.0014712400    0.0369307400
  -0.0007507400   -0.0000147200    0.0340259500
  -0.0007487300   -0.0000377700    0.0340245900
   0.0002329100    0.0022574800    0.0369300000
  -0.0008210200    0.0000308800    0.0340376800
  -0.0007127100   -0.0000180200    0.0340973600
  -0.0007844300    0.0000447400    0.0340978000
  -0.0007347200    0.0000190700    0.0340352500
  -0.0007505800   -0.0000177200    0.0340486500
  -0.0007813100    0.0000082500    0.0340382800
  -0.0007638100   -0.0000019000    0.0340380200
  -0.0007772700   -0.0000105900    0.0340480900
  -0.0007548900   -0.0000000000    0.0340435700
  -0.0007676900   -0.0000000000    0.0340350200
  -0.0007711400   -0.0000000000    0.0340360600
  -0.0007730000   -0.0000000000    0.0340433500
  -0.0007505800    0.0000177200    0.0340486500
  -0.0007813100   -0.0000082500    0.0340382800
  -0.0007638100    0.0000019000    0.0340380200
  -0.0007772700    0.0000105900    0.0340480900
  -0.0008210200   -0.0000308800    0.0340376800
  -0.0007127100    0.0000180200    0.0340973600
  -0.0007844300   -0.0000447400    0.0340978000
  -0.0007347200   -0.0000190800    0.0340352500
