72   
4    

1    
  0.0068465503218821   0.0000000000000000   0.0072886726288081
  -0.0203894600   -0.0001174700   -0.0280300400
   0.0017039200   -0.0002956600   -0.0036230800
   0.0000724300   -0.0002751100   -0.0043344400
   0.0000837900   -0.0000296000   -0.0041557900
   0.0000826900   -0.0000275400   -0.0043433500
   0.0008275700    0.0023039300   -0.0028251800
  -0.0022946100   -0.0028500500   -0.0038314000
  -0.0001230500    0.0026118200   -0.0026044700
   0.0001702300    0.0000539400   -0.0039989800
   0.0001370300   -0.0000823500   -0.0040425900
   0.0000546900   -0.0000261500   -0.0040548500
   0.0002554800   -0.0001035700   -0.0045181200
  -0.0000639200   -0.0002102900   -0.0042167900
   0.0000751900   -0.0003216800   -0.0042618900
  -0.0003329800    0.0003568800   -0.0044607200
  -0.0000375800    0.0001553900   -0.0040043200
   0.0000045200    0.0000005800   -0.0038674500
   0.0000155600   -0.0000283900   -0.0040918300
   0.0000156800   -0.0000384300   -0.0041305500
  -0.0000530500   -0.0001221800   -0.0039855600
   0.0000262800    0.0000596900   -0.0041104800
  -0.0000364000    0.0000703300   -0.0041799300
  -0.0000802300    0.0000250200   -0.0040107300
   0.0000546100   -0.0000400700   -0.0040860100
  -0.0000700700    0.0000458500   -0.0042125700
  -0.0000589300   -0.0000513400   -0.0040237300
   0.0000043900    0.0000007200   -0.0038668000
   0.0000364300    0.0000163500   -0.0040721900
  -0.0003276200    0.0001165100   -0.0044654000
   0.0000764600    0.0000517600   -0.0042605900
  -0.0018666000   -0.0010050800   -0.0042300000
  -0.0000673700    0.0000827100   -0.0042192000
   0.0000876400    0.0000206400   -0.0040860300
   0.0001038400    0.0000814500   -0.0040095600
   0.0004922100    0.0002411700   -0.0043039100
  -0.0005538500   -0.0007472700   -0.0022051600
   0.0146289600   -0.0044573800    0.0169196600
  -0.0003558500   -0.0042138800    0.0055080200
  -0.0002354400   -0.0003130700    0.0040442700
  -0.0001448500    0.0000554100    0.0042357100
   0.0000202800    0.0000298600    0.0042122300
  -0.0000638200    0.0002324400    0.0041086100
  -0.0003528500    0.0002907500    0.0041654000
   0.0012874800    0.0003080800    0.0035516200
  -0.0005118400   -0.0004057200    0.0039863300
  -0.0002729400   -0.0001254500    0.0039551600
  -0.0001250800   -0.0000009500    0.0039379600
  -0.0000721800    0.0000090900    0.0041242800
  -0.0000230400   -0.0000361800    0.0041793700
  -0.0000170300   -0.0000226900    0.0041310100
   0.0002402500   -0.0001992500    0.0044445900
  -0.0000320700   -0.0001510600    0.0042673200
  -0.0000362900   -0.0000519400    0.0039158500
  -0.0000349200    0.0000513800    0.0039592800
  -0.0000845200    0.0000447900    0.0041911400
   0.0000293000    0.0000447800    0.0040310600
   0.0000846200   -0.0000014300    0.0039502200
  -0.0000078400   -0.0000240800    0.0040170700
   0.0000720400    0.0000548400    0.0042556200
  -0.0000560600    0.0001143700    0.0040402000
   0.0002359700   -0.0001893600    0.0041334200
  -0.0000791300    0.0000422500    0.0041682300
   0.0000401300    0.0000254000    0.0039698100
   0.0000420100   -0.0000248800    0.0039305200
   0.0002407400   -0.0001548900    0.0044066700
   0.0002577100    0.0003760400    0.0040187300
   0.0069260000    0.0087641500    0.0112653200
   0.0005466000    0.0004303800    0.0036022400
  -0.0000968600    0.0001879000    0.0043249700
  -0.0000489000   -0.0000214600    0.0040240700
  -0.0000342900    0.0001448500    0.0042499000
   0.0000088000   -0.0007356100    0.0034978100

1    
 -0.0068465503218821   0.0000000000000000  -0.0072886726288081
   0.0208954600   -0.0001102200    0.0196640400
  -0.0017148200    0.0003323500   -0.0047444500
  -0.0000768400    0.0002837500   -0.0040151000
  -0.0000866000    0.0000308000   -0.0042006100
  -0.0000861200    0.0000321700   -0.0040057000
  -0.0008528300   -0.0023001300   -0.0055806800
   0.0022962100    0.0028867500   -0.0045610400
   0.0001546800   -0.0026417800   -0.0057517700
  -0.0001697200   -0.0000546700   -0.0043476700
  -0.0001396400    0.0000812100   -0.0043143600
  -0.0000580700    0.0000253000   -0.0042991900
  -0.0002645900    0.0001094400   -0.0038166500
   0.0000604200    0.0002142400   -0.0041352200
  -0.0000762300    0.0003239600   -0.0040855600
   0.0003364100   -0.0003595800   -0.0038853300
   0.0000350800   -0.0001547000   -0.0043514400
  -0.0000059500    0.0000007800   -0.0044882000
  -0.0000156500    0.0000328800   -0.0042607500
  -0.0000177200    0.0000408100   -0.0042243200
   0.0000524500    0.0001242500   -0.0043693900
  -0.0000286800   -0.0000599600   -0.0042426700
   0.0000344500   -0.0000688800   -0.0041756600
   0.0000789100   -0.0000230800   -0.0043441600
  -0.0000540500    0.0000431900   -0.0042686000
   0.0000640600   -0.0000456600   -0.0041400400
   0.0000566200    0.0000551100   -0.0043305600
  -0.0000060700    0.0000009400   -0.0044875500
  -0.0000376900   -0.0000138300   -0.0042813800
   0.0003319900   -0.0001177100   -0.0038807600
  -0.0000750500   -0.0000519900   -0.0040842000
   0.0018549700    0.0010049800   -0.0041423400
   0.0000615900   -0.0000789100   -0.0041273800
  -0.0000924500   -0.0000188800   -0.0042671000
  -0.0001054500   -0.0000807100   -0.0043446200
  -0.0004967200   -0.0002421400   -0.0040430300
   0.0005933100    0.0007368900   -0.0061693200
  -0.0151370600    0.0047146300   -0.0086948700
   0.0003868200    0.0042290800    0.0029491700
   0.0002523100    0.0003064300    0.0043123800
   0.0001490900   -0.0000545500    0.0041226700
  -0.0000193500   -0.0000300500    0.0041447400
   0.0000591300   -0.0002541700    0.0042471400
   0.0003722200   -0.0002816400    0.0041936200
  -0.0013142300   -0.0003010100    0.0047965500
   0.0005103700    0.0004169200    0.0043648900
   0.0002742900    0.0001257200    0.0044026300
   0.0001286600    0.0000008300    0.0044206300
   0.0000788400   -0.0000128800    0.0042282700
   0.0000244000    0.0000362100    0.0041772400
   0.0000169800    0.0000235200    0.0042234400
  -0.0002417900    0.0002020400    0.0039057700
   0.0000346300    0.0001510400    0.0040889700
   0.0000382500    0.0000517600    0.0044422400
   0.0000369200   -0.0000534300    0.0043981500
   0.0000869500   -0.0000476300    0.0041662700
  -0.0000295900   -0.0000466900    0.0043265000
  -0.0000843700    0.0000003800    0.0044070300
   0.0000106900    0.0000231300    0.0043417000
  -0.0000708100   -0.0000560500    0.0041000400
   0.0000565300   -0.0001142000    0.0043159600
  -0.0002237400    0.0001841900    0.0042264300
   0.0000820800   -0.0000449600    0.0041847000
  -0.0000397300   -0.0000258300    0.0043869500
  -0.0000406300    0.0000252000    0.0044269600
  -0.0002432600    0.0001561300    0.0039437700
  -0.0002697600   -0.0003796100    0.0043324500
  -0.0069549000   -0.0088730100   -0.0028320800
  -0.0005406100   -0.0004437300    0.0047408200
   0.0001011800   -0.0001905500    0.0040258700
   0.0000510300    0.0000234700    0.0043340900
   0.0000345800   -0.0001467200    0.0041025400
  -0.0000218500    0.0007490700    0.0048491700

37   
  0.0068465503218821   0.0000000000000000   0.0072886726288081
   0.0136181400   -0.0038380900    0.0100893800
  -0.0001190000    0.0004349800   -0.0041930300
  -0.0000776600    0.0000854800   -0.0040553500
  -0.0000523100    0.0000109200   -0.0042142100
  -0.0001897900   -0.0005962500   -0.0043666900
   0.0011276900   -0.0033561100   -0.0043697400
   0.0069559700    0.0071164300    0.0028065400
   0.0002300400   -0.0006279300   -0.0050413500
  -0.0001075600    0.0001556300   -0.0040355100
  -0.0000514100   -0.0000106900   -0.0043367700
  -0.0000292000    0.0001840900   -0.0040972400
   0.0003311200    0.0005635100   -0.0045414500
   0.0003013900    0.0000270700   -0.0042966100
   0.0001895300    0.0001208100   -0.0042602400
   0.0002080000   -0.0002264000   -0.0039133800
   0.0000182500   -0.0000373900   -0.0044075900
   0.0000609300    0.0000136100   -0.0044086100
  -0.0000470700   -0.0000106800   -0.0042184500
  -0.0000434600    0.0000114100   -0.0042090000
  -0.0000570800    0.0001053700   -0.0043166800
   0.0000259800   -0.0000791300   -0.0040603400
  -0.0000004100   -0.0000287000   -0.0043550400
   0.0000837300    0.0000253500   -0.0044080400
   0.0000185500    0.0000411100   -0.0043178100
  -0.0000774400   -0.0000045800   -0.0041294600
  -0.0000147300    0.0000666800   -0.0044204400
  -0.0000610400   -0.0000381800   -0.0044217500
   0.0000175300   -0.0000194100   -0.0041396400
   0.0002787100   -0.0001322400   -0.0039447500
  -0.0000551900    0.0000319400   -0.0041880800
  -0.0003531300    0.0001240600   -0.0042108400
  -0.0000866000    0.0000175000   -0.0042220900
  -0.0001287200   -0.0000261300   -0.0044211100
  -0.0002662000   -0.0001202800   -0.0044108500
  -0.0005299100   -0.0000996200   -0.0043481200
   0.0013123800    0.0000602200   -0.0047947900
  -0.0213945200    0.0000838700   -0.0146750500
   0.0017098300    0.0027805200    0.0041212700
   0.0002202600   -0.0001061900    0.0038954100
   0.0000464000    0.0000281500    0.0042338400
  -0.0000321500   -0.0001625600    0.0041308600
   0.0015378200    0.0002535900    0.0042537700
  -0.0024652100   -0.0010106500    0.0029726000
   0.0002308900   -0.0003688800    0.0053917300
   0.0003160800    0.0002165300    0.0042344900
   0.0001197500    0.0000275700    0.0043038900
   0.0000475500    0.0000059700    0.0043059600
  -0.0001350800    0.0000450400    0.0042526000
  -0.0000596100    0.0000848900    0.0041808700
  -0.0000565200    0.0000127900    0.0042423300
  -0.0001673600    0.0002661500    0.0038436700
   0.0000278100    0.0000790700    0.0042761300
  -0.0000327500   -0.0000004300    0.0044317400
  -0.0000378100   -0.0000344100    0.0043331900
  -0.0000296000   -0.0000443100    0.0042120600
   0.0000092200   -0.0000310300    0.0043082700
  -0.0000481900    0.0000656600    0.0043005500
   0.0000177700    0.0000153700    0.0042550400
  -0.0000225800    0.0000132400    0.0042772200
  -0.0000157500   -0.0000943500    0.0043322000
   0.0000665200   -0.0001900600    0.0040636300
   0.0000248200   -0.0000468300    0.0042725200
  -0.0000329400   -0.0000003500    0.0044326700
  -0.0000349700    0.0000776500    0.0043360900
  -0.0002924800    0.0001057400    0.0039618600
  -0.0000580100   -0.0002621000    0.0042443500
  -0.0023931700   -0.0036813300    0.0029047200
   0.0001026600   -0.0000921900    0.0040248700
   0.0000848300   -0.0000394100    0.0042686500
   0.0000821600   -0.0000283500    0.0043399600
   0.0000780300    0.0000773900    0.0044585500
   0.0001562500    0.0020099000    0.0054565900

37   
 -0.0068465503218821   0.0000000000000000  -0.0072886726288081
  -0.0131562900    0.0036074700   -0.0183330700
   0.0001188600   -0.0004151600   -0.0041600700
   0.0000748700   -0.0000828600   -0.0043013700
   0.0000518200   -0.0000087300   -0.0041467600
   0.0001856000    0.0006053400   -0.0039908800
  -0.0011186800    0.0033602800   -0.0041189500
  -0.0069239700   -0.0070671500   -0.0112898600
  -0.0002143100    0.0006174000   -0.0032996600
   0.0001078300   -0.0001565600   -0.0043184400
   0.0000495700    0.0000075400   -0.0040258800
   0.0000246800   -0.0001858100   -0.0042588200
  -0.0003402200   -0.0005499400   -0.0037916500
  -0.0003084900   -0.0000281000   -0.0040605200
  -0.0001853300   -0.0001181800   -0.0040876700
  -0.0002075600    0.0002283000   -0.0044387400
  -0.0000196000    0.0000380000   -0.0039512500
  -0.0000613100   -0.0000124000   -0.0039496500
   0.0000478900    0.0000165600   -0.0041376200
   0.0000416500   -0.0000103600   -0.0041506500
   0.0000565400   -0.0001053600   -0.0040401200
  -0.0000280700    0.0000795200   -0.0042972400
  -0.0000040500    0.0000319900   -0.0040078200
  -0.0000841000   -0.0000230500   -0.0039503900
  -0.0000160700   -0.0000368900   -0.0040432600
   0.0000746100    0.0000065200   -0.0042278400
   0.0000131100   -0.0000641300   -0.0039382100
   0.0000598600    0.0000395200   -0.0039369500
  -0.0000180600    0.0000225000   -0.0042198100
  -0.0002802300    0.0001318000   -0.0044094100
   0.0000579400   -0.0000300300   -0.0041678900
   0.0003355500   -0.0001285200   -0.0041461200
   0.0000808400   -0.0000132600   -0.0041317300
   0.0001262700    0.0000279400   -0.0039375700
   0.0002668200    0.0001221600   -0.0039480900
   0.0005314300    0.0000973400   -0.0040040700
  -0.0012882200   -0.0000698100   -0.0035490200
   0.0209008400    0.0000873600    0.0232654900
  -0.0016707900   -0.0027780800    0.0042600400
  -0.0002134300    0.0001029000    0.0044523300
  -0.0000443800   -0.0000252000    0.0041218400
   0.0000294200    0.0001594100    0.0042226800
  -0.0015438500   -0.0003002700    0.0041126800
   0.0024729900    0.0010325500    0.0053865700
  -0.0002707800    0.0003853200    0.0029761900
  -0.0003186800   -0.0002156000    0.0041110600
  -0.0001193700   -0.0000273800    0.0040492000
  -0.0000425000   -0.0000057000    0.0040470400
   0.0001439700   -0.0000497700    0.0040926200
   0.0000600700   -0.0000810800    0.0041716800
   0.0000577500   -0.0000093800    0.0041005700
   0.0001672800   -0.0002624100    0.0045019300
  -0.0000267300   -0.0000808900    0.0040762900
   0.0000340500   -0.0000001100    0.0039188300
   0.0000404500    0.0000307900    0.0040193900
   0.0000289100    0.0000418800    0.0041421000
  -0.0000093300    0.0000293500    0.0040438000
   0.0000500800   -0.0000667500    0.0040513900
  -0.0000134100   -0.0000175200    0.0041011500
   0.0000254200   -0.0000123600    0.0040752700
   0.0000160000    0.0000946900    0.0040205600
  -0.0000613600    0.0001858100    0.0042869300
  -0.0000240100    0.0000446300    0.0040781600
   0.0000338600   -0.0000000100    0.0039197800
   0.0000375600   -0.0000779300    0.0040169500
   0.0002898900   -0.0001067900    0.0043875500
   0.0000562600    0.0002658800    0.0041026200
   0.0023959400    0.0036258400    0.0054584300
  -0.0000947300    0.0000880600    0.0043124700
  -0.0000820600    0.0000403700    0.0040819500
  -0.0000801400    0.0000300200    0.0040131900
  -0.0000803200   -0.0000796700    0.0038875400
  -0.0001960300   -0.0019818400    0.0029007500
