#K-Path     Band-1    Band-2    Band-3    Band-4      ...     Band-n
  0.0000  -24.3554  -24.3519  -24.3267  -24.3252  -21.4016  -21.3937  -21.3838  -21.3778  -21.3561  -21.3556  -10.3228  -10.3094   -8.7337   -8.6581   -3.8115   -3.3485   -2.5631   -2.0460   -1.9992   -1.7935    1.1456    1.4726    2.3880    2.8683    3.0559    3.2308    5.7574    5.7978    6.0817    6.0937    6.2977    6.4895    6.8280
  0.0334  -24.3554  -24.3519  -24.3267  -24.3252  -21.4016  -21.3938  -21.3837  -21.3778  -21.3561  -21.3556  -10.3218  -10.3084   -8.7302   -8.6549   -3.8105   -3.3475   -2.5736   -2.0712   -1.9762   -1.7769    1.1501    1.4784    2.3705    2.8578    3.0302    3.2078    5.7309    5.7587    6.0378    6.0566    6.2865    6.4515    6.8359
  0.0668  -24.3553  -24.3519  -24.3267  -24.3252  -21.4016  -21.3939  -21.3836  -21.3778  -21.3560  -21.3556  -10.3330  -10.3202   -8.7148   -8.6410   -3.7950   -3.3311   -2.6038   -2.1270   -1.9273   -1.7321    1.1714    1.5009    2.3365    2.8191    2.9970    3.1791    5.6890    5.7171    5.9980    6.0447    6.2147    6.3236    6.7239
  0.1003  -24.3553  -24.3520  -24.3267  -24.3253  -21.4016  -21.3942  -21.3833  -21.3778  -21.3560  -21.3556  -10.3574  -10.3457   -8.6863   -8.6149   -3.7653   -3.2994   -2.6489   -2.1936   -1.8654   -1.6684    1.2079    1.5380    2.2865    2.7484    2.9645    3.1497    5.6310    5.6700    5.9469    6.0352    6.1529    6.1848    6.5636
  0.1337  -24.3553  -24.3521  -24.3266  -24.3253  -21.4016  -21.3945  -21.3830  -21.3778  -21.3561  -21.3556  -10.3950  -10.3847   -8.6447   -8.5765   -3.7223   -3.2527   -2.7024   -2.2648   -1.7930   -1.5935    1.2571    1.5869    2.2228    2.6537    2.9313    3.1211    5.5557    5.6132    5.8697    5.9710    6.0966    6.1309    6.4175
  0.1671  -24.3553  -24.3522  -24.3266  -24.3253  -21.4017  -21.3949  -21.3827  -21.3778  -21.3561  -21.3556  -10.4449  -10.4361   -8.5907   -8.5261   -3.6671   -3.1921   -2.7578   -2.3360   -1.7127   -1.5119    1.3162    1.6434    2.1497    2.5454    2.8951    3.0929    5.4598    5.5392    5.7845    5.8626    6.0563    6.0835    6.3188
  0.2005  -24.3553  -24.3523  -24.3266  -24.3253  -21.4017  -21.3954  -21.3824  -21.3779  -21.3562  -21.3557  -10.5057  -10.4983   -8.5259   -8.4651   -3.6017   -3.1191   -2.8092   -2.4036   -1.6273   -1.4265    1.3811    1.7005    2.0750    2.4308    2.8567    3.0637    5.3465    5.4414    5.6874    5.7633    5.9923    6.0210    6.2491
  0.2339  -24.3553  -24.3525  -24.3265  -24.3253  -21.4018  -21.3959  -21.3820  -21.3779  -21.3563  -21.3557  -10.5756  -10.5692   -8.4524   -8.3950   -3.5289   -3.0372   -2.8491   -2.4642   -1.5387   -1.3391    1.4465    1.7441    2.0135    2.3158    2.8193    3.0335    5.2250    5.3248    5.5745    5.6496    5.9343    5.9683    6.1730
  0.2674  -24.3553  -24.3527  -24.3265  -24.3254  -21.4019  -21.3964  -21.3816  -21.3779  -21.3564  -21.3558  -10.6525  -10.6468   -8.3721   -8.3180   -3.4533   -2.9599   -2.8605   -2.5137   -1.4487   -1.2515    1.5025    1.7513    1.9891    2.2065    2.7872    3.0034    5.1028    5.2008    5.4507    5.5152    5.8745    5.8982    6.1371
  0.3008  -24.3553  -24.3530  -24.3265  -24.3254  -21.4019  -21.3969  -21.3812  -21.3779  -21.3566  -21.3559  -10.7347  -10.7292   -8.2874   -8.2359   -3.3815   -2.9220   -2.8064   -2.5451   -1.3589   -1.1652    1.5297    1.7297    1.9920    2.1191    2.7656    2.9763    4.9841    5.0774    5.3230    5.3747    5.7805    5.7950    6.1459
  0.3342  -24.3553  -24.3532  -24.3264  -24.3254  -21.4020  -21.3974  -21.3808  -21.3779  -21.3568  -21.3560  -10.8201  -10.8146   -8.2003   -8.1508   -3.3211   -2.8903   -2.7288   -2.5402   -1.2706   -1.0816    1.5050    1.7202    1.9521    2.0983    2.7591    2.9567    4.8706    4.9580    5.1973    5.2373    5.6682    5.6788    6.1997
  0.3676  -24.3553  -24.3535  -24.3264  -24.3254  -21.4021  -21.3979  -21.3804  -21.3779  -21.3570  -21.3562  -10.9073  -10.9017   -8.1127   -8.0646   -3.2756   -2.8339   -2.6816   -2.4715   -1.1848   -1.0018    1.4427    1.7123    1.8859    2.1177    2.7683    2.9504    4.7629    4.8439    5.0773    5.1074    5.5564    5.5653    6.2701
  0.4011  -24.3554  -24.3538  -24.3264  -24.3254  -21.4022  -21.3985  -21.3800  -21.3779  -21.3573  -21.3563  -10.9949  -10.9891   -8.0263   -7.9792   -3.2399   -2.7628   -2.6436   -2.3550   -1.1027   -0.9270    1.3689    1.6751    1.8376    2.1359    2.7876    2.9637    4.6610    4.7350    4.9643    4.9872    5.4541    5.4621    6.2872
  0.4345  -24.3555  -24.3541  -24.3264  -24.3254  -21.4023  -21.3991  -21.3796  -21.3779  -21.3575  -21.3565  -11.0816  -11.0757   -7.9429   -7.8962   -3.2046   -2.7058   -2.5677   -2.2188   -1.0249   -0.8580    1.2953    1.6131    1.8019    2.1456    2.8086    2.9981    4.5646    4.6308    4.8584    4.8777    5.3659    5.3738    6.2200
  0.4679  -24.3555  -24.3543  -24.3264  -24.3254  -21.4024  -21.3996  -21.3793  -21.3778  -21.3578  -21.3567  -11.1665  -11.1605   -7.8636   -7.8172   -3.1621   -2.6612   -2.4538   -2.0737   -0.9520   -0.7956    1.2266    1.5449    1.7630    2.1465    2.8263    3.0461    4.4742    4.5312    4.7592    4.7775    5.2943    5.3030    6.1484
  0.5013  -24.3556  -24.3546  -24.3264  -24.3254  -21.4025  -21.4002  -21.3789  -21.3777  -21.3581  -21.3569  -11.2487  -11.2427   -7.7895   -7.7435   -3.1078   -2.6104   -2.3226   -1.9247   -0.8842   -0.7398    1.1651    1.4788    1.7183    2.1397    2.8374    3.0949    4.3899    4.4369    4.6664    4.6846    5.2401    5.2499    6.0893
  0.5347  -24.3557  -24.3549  -24.3263  -24.3254  -21.4027  -21.4007  -21.3785  -21.3776  -21.3583  -21.3572  -11.3275  -11.3216   -7.7215   -7.6761   -3.0392   -2.5467   -2.1838   -1.7751   -0.8215   -0.6905    1.1117    1.4167    1.6711    2.1280    2.8364    3.1333    4.3120    4.3485    4.5795    4.5972    5.2018    5.2126    6.0115
  0.5682  -24.3559  -24.3552  -24.3263  -24.3254  -21.4029  -21.4013  -21.3782  -21.3775  -21.3586  -21.3574  -11.4023  -11.3965   -7.6601   -7.6156   -2.9551   -2.4687   -2.0417   -1.6283   -0.7635   -0.6468    1.0664    1.3573    1.6267    2.1144    2.8178    3.1522    4.2393    4.2668    4.4982    4.5146    5.1755    5.1863    5.9740
  0.6016  -24.3560  -24.3555  -24.3263  -24.3254  -21.4031  -21.4018  -21.3779  -21.3774  -21.3588  -21.3577  -11.4725  -11.4670   -7.6055   -7.5625   -2.8556   -2.3773   -1.8987   -1.4873   -0.7092   -0.6074    1.0280    1.2977    1.5908    2.1021    2.7775    3.1456    4.1702    4.1917    4.4225    4.4366    5.1550    5.1652    5.9635
  0.6350  -24.3561  -24.3557  -24.3263  -24.3254  -21.4034  -21.4023  -21.3775  -21.3772  -21.3591  -21.3579  -11.5378  -11.5327   -7.5578   -7.5168   -2.7416   -2.2745   -1.7560   -1.3552   -0.6580   -0.5708    0.9943    1.2349    1.5685    2.0929    2.7152    3.1113    4.1033    4.1216    4.3522    4.3633    5.1335    5.1441    5.9649
  0.6684  -24.3562  -24.3559  -24.3263  -24.3255  -21.4037  -21.4028  -21.3773  -21.3770  -21.3593  -21.3582  -11.5979  -11.5931   -7.5167   -7.4783   -2.6151   -2.1641   -1.6134   -1.2344   -0.6089   -0.5351    0.9614    1.1665    1.5630    2.0869    2.6350    3.0507    4.0386    4.0541    4.2869    4.2948    5.1056    5.1198    6.0000
  0.7018  -24.3564  -24.3562  -24.3262  -24.3255  -21.4039  -21.4033  -21.3770  -21.3768  -21.3595  -21.3584  -11.6522  -11.6479   -7.4817   -7.4465   -2.4790   -2.0514   -1.4692   -1.1259   -0.5618   -0.4990    0.9230    1.0928    1.5747    2.0804    2.5472    2.9686    3.9768    3.9885    4.2262    4.2312    5.0702    5.0901    5.9654
  0.7353  -24.3565  -24.3563  -24.3262  -24.3255  -21.4042  -21.4037  -21.3768  -21.3766  -21.3596  -21.3587  -11.7007  -11.6968   -7.4525   -7.4208   -2.3370   -1.9427   -1.3200   -1.0282   -0.5170   -0.4617    0.8702    1.0157    1.6014    2.0626    2.4706    2.8734    3.9185    3.9258    4.1701    4.1729    5.0288    5.0545    5.9376
  0.7687  -24.3566  -24.3565  -24.3262  -24.3256  -21.4045  -21.4040  -21.3765  -21.3763  -21.3598  -21.3589  -11.7431  -11.7397   -7.4285   -7.4007   -2.1943   -1.8449   -1.1622   -0.9373   -0.4757   -0.4233    0.7942    0.9363    1.6377    2.0182    2.4293    2.7762    3.8633    3.8691    4.1189    4.1203    4.9832    5.0138    5.8811
  0.8021  -24.3568  -24.3566  -24.3261  -24.3256  -21.4047  -21.4044  -21.3764  -21.3762  -21.3599  -21.3591  -11.7792  -11.7763   -7.4089   -7.3854   -2.0571   -1.7632   -0.9932   -0.8473   -0.4391   -0.3844    0.6922    0.8489    1.6757    1.9470    2.4318    2.6902    3.8116    3.8206    4.0730    4.0740    4.9358    4.9692    5.8492
  0.8355  -24.3569  -24.3568  -24.3261  -24.3256  -21.4049  -21.4046  -21.3762  -21.3760  -21.3599  -21.3593  -11.8089  -11.8066   -7.3934   -7.3743   -1.9323   -1.7007   -0.8141   -0.7517   -0.4083   -0.3448    0.5681    0.7434    1.7057    1.8691    2.4642    2.6279    3.7667    3.7794    4.0333    4.0345    4.8891    4.9226    5.8030
  0.8689  -24.3569  -24.3568  -24.3260  -24.3257  -21.4051  -21.4049  -21.3760  -21.3759  -21.3600  -21.3595  -11.8320  -11.8303   -7.3813   -7.3669   -1.8262   -1.6581   -0.6545   -0.6241   -0.3836   -0.3007    0.4276    0.6132    1.7207    1.8029    2.5088    2.5962    3.7306    3.7450    4.0006    4.0020    4.8463    4.8765    5.7810
  0.9024  -24.3570  -24.3569  -24.3260  -24.3257  -21.4052  -21.4050  -21.3759  -21.3758  -21.3600  -21.3596  -11.8485  -11.8473   -7.3722   -7.3626   -1.7427   -1.6349   -0.5492   -0.4593   -0.3544   -0.2409    0.2794    0.4595    1.7213    1.7569    2.5514    2.5905    3.7048    3.7177    3.9761    3.9774    4.8122    4.8352    5.7492
  0.9358  -24.3570  -24.3570  -24.3259  -24.3258  -21.4052  -21.4052  -21.3758  -21.3758  -21.3599  -21.3598  -11.8583  -11.8577   -7.3660   -7.3611   -1.6832   -1.6309   -0.4650   -0.4024   -0.2516   -0.1535    0.1477    0.2922    1.7166    1.7302    2.5824    2.5964    3.6908    3.6985    3.9609    3.9617    4.7916    4.8041    5.7375
  0.9692  -24.3570  -24.3570  -24.3258  -24.3258  -21.4052  -21.4052  -21.3758  -21.3758  -21.3599  -21.3599  -11.8614  -11.8614   -7.3623   -7.3623   -1.6466   -1.6466   -0.4165   -0.4165   -0.1394   -0.1394    0.1449    0.1449    1.7178    1.7178    2.5969    2.5969    3.6889    3.6890    3.9560    3.9560    4.7885    4.7888    5.7302
  0.9692  -24.3570  -24.3570  -24.3258  -24.3258  -21.4052  -21.4052  -21.3758  -21.3758  -21.3599  -21.3599  -11.8614  -11.8614   -7.3623   -7.3623   -1.6466   -1.6466   -0.4165   -0.4165   -0.1394   -0.1394    0.1449    0.1449    1.7178    1.7178    2.5969    2.5969    3.6889    3.6890    3.9560    3.9560    4.7885    4.7888    5.7302
  0.9986  -24.3570  -24.3570  -24.3259  -24.3258  -21.4052  -21.4052  -21.3758  -21.3758  -21.3599  -21.3598  -11.8590  -11.8585   -7.3652   -7.3611   -1.6736   -1.6343   -0.4385   -0.4143   -0.2347   -0.1533    0.1308    0.2763    1.7168    1.7292    2.5875    2.5925    3.6899    3.6969    3.9599    3.9603    4.7902    4.8019    5.7330
  1.0279  -24.3570  -24.3569  -24.3259  -24.3258  -21.4052  -21.4051  -21.3759  -21.3758  -21.3600  -21.3597  -11.8515  -11.8504   -7.3698   -7.3616   -1.7164   -1.6357   -0.4915   -0.4370   -0.3255   -0.2765    0.2393    0.4215    1.7234    1.7532    2.5682    2.5748    3.7003    3.7124    3.9719    3.9725    4.8061    4.8278    5.7506
  1.0573  -24.3569  -24.3569  -24.3260  -24.3257  -21.4051  -21.4049  -21.3760  -21.3759  -21.3600  -21.3595  -11.8388  -11.8372   -7.3762   -7.3640   -1.7757   -1.6502   -0.5820   -0.5253   -0.3820   -0.3672    0.3686    0.5542    1.7349    1.7918    2.5469    2.5488    3.7201    3.7343    3.9913    3.9920    4.8338    4.8628    5.7637
  1.0866  -24.3569  -24.3568  -24.3260  -24.3257  -21.4050  -21.4047  -21.3761  -21.3760  -21.3600  -21.3594  -11.8209  -11.8188   -7.3846   -7.3684   -1.8517   -1.6775   -0.6889   -0.6754   -0.4182   -0.4051    0.4928    0.6631    1.7487    1.8473    2.5220    2.5326    3.7482    3.7619    4.0172    4.0179    4.8696    4.9029    5.7970
  1.1160  -24.3568  -24.3567  -24.3261  -24.3256  -21.4048  -21.4045  -21.3763  -21.3761  -21.3599  -21.3592  -11.7979  -11.7953   -7.3953   -7.3751   -1.9431   -1.7177   -0.8368   -0.7964   -0.4469   -0.4329    0.6015    0.7399    1.7648    1.9216    2.5015    2.5327    3.7836    3.7946    4.0491    4.0496    4.9103    4.9446    5.8210
  1.1453  -24.3567  -24.3566  -24.3261  -24.3256  -21.4046  -21.4043  -21.3764  -21.3763  -21.3599  -21.3591  -11.7698  -11.7667   -7.4084   -7.3844   -2.0477   -1.7711   -0.9946   -0.8999   -0.4716   -0.4605    0.6866    0.7804    1.7862    2.0145    2.4925    2.5514    3.8255    3.8325    4.0863    4.0868    4.9532    4.9859    5.8579
  1.1747  -24.3566  -24.3565  -24.3262  -24.3255  -21.4043  -21.4040  -21.3766  -21.3764  -21.3598  -21.3589  -11.7368  -11.7332   -7.4243   -7.3967   -2.1622   -1.8380   -1.1439   -0.9991   -0.4933   -0.4893    0.7426    0.7862    1.8176    2.1222    2.4973    2.5880    3.8728    3.8752    4.1285    4.1293    4.9968    5.0258    5.8976
  1.2040  -24.3565  -24.3563  -24.3262  -24.3255  -21.4041  -21.4036  -21.3769  -21.3766  -21.3596  -21.3587  -11.6989  -11.6949   -7.4434   -7.4125   -2.2830   -1.9180   -1.2817   -1.0947   -0.5199   -0.5127    0.7636    0.7684    1.8619    2.2376    2.5160    2.6392    3.9225    3.9244    4.1754    4.1770    5.0401    5.0638    5.9311
  1.2334  -24.3564  -24.3562  -24.3263  -24.3255  -21.4038  -21.4033  -21.3771  -21.3768  -21.3595  -21.3584  -11.6563  -11.6518   -7.4662   -7.4321   -2.4067   -2.0099   -1.4070   -1.1874   -0.5528   -0.5312    0.7212    0.7688    1.9173    2.3509    2.5482    2.6999    3.9738    3.9789    4.2267    4.2297    5.0830    5.1002    5.9579
  1.2627  -24.3562  -24.3560  -24.3263  -24.3255  -21.4035  -21.4029  -21.3774  -21.3770  -21.3593  -21.3582  -11.6090  -11.6041   -7.4930   -7.4562   -2.5300   -2.1111   -1.5201   -1.2778   -0.5886   -0.5505    0.6678    0.7516    1.9788    2.4494    2.5962    2.7645    4.0283    4.0346    4.2820    4.2872    5.1257    5.1356    5.9732
  1.2921  -24.3560  -24.3558  -24.3263  -24.3254  -21.4032  -21.4025  -21.3776  -21.3772  -21.3591  -21.3580  -11.5573  -11.5521   -7.5242   -7.4850   -2.6502   -2.2179   -1.6225   -1.3661   -0.6282   -0.5726    0.6111    0.7255    2.0404    2.5217    2.6618    2.8277    4.0853    4.0899    4.3409    4.3492    5.1689    5.1710    5.9567
  1.3214  -24.3559  -24.3556  -24.3263  -24.3254  -21.4029  -21.4021  -21.3778  -21.3774  -21.3589  -21.3577  -11.5013  -11.4958   -7.5601   -7.5191   -2.7651   -2.3265   -1.7161   -1.4522   -0.6724   -0.5997    0.5573    0.6974    2.0973    2.5713    2.7330    2.8845    4.1438    4.1443    4.4030    4.4154    5.2079    5.2136    5.9542
  1.3508  -24.3557  -24.3554  -24.3263  -24.3254  -21.4026  -21.4017  -21.3781  -21.3776  -21.3587  -21.3575  -11.4414  -11.4356   -7.6012   -7.5589   -2.8728   -2.4333   -1.8028   -1.5359   -0.7215   -0.6337    0.5113    0.6723    2.1461    2.6083    2.7934    2.9303    4.1968    4.2056    4.4680    4.4852    5.2473    5.2603    5.9624
  1.3801  -24.3555  -24.3553  -24.3263  -24.3254  -21.4022  -21.4013  -21.3783  -21.3778  -21.3584  -21.3573  -11.3777  -11.3717   -7.6474   -7.6045   -2.9717   -2.5356   -1.8838   -1.6171   -0.7756   -0.6760    0.4762    0.6532    2.1849    2.6371    2.8340    2.9623    4.2508    4.2701    4.5355    4.5582    5.2891    5.3078    5.9996
  1.4095  -24.3553  -24.3551  -24.3263  -24.3254  -21.4019  -21.4010  -21.3785  -21.3780  -21.3582  -21.3570  -11.3106  -11.3044   -7.6990   -7.6559   -3.0607   -2.6314   -1.9598   -1.6953   -0.8342   -0.7266    0.4535    0.6416    2.2128    2.6592    2.8517    2.9792    4.3084    4.3391    4.6047    4.6333    5.3322    5.3545    6.0587
  1.4388  -24.3551  -24.3549  -24.3263  -24.3254  -21.4016  -21.4006  -21.3787  -21.3781  -21.3579  -21.3568  -11.2405  -11.2343   -7.7556   -7.7132   -3.1390   -2.7194   -2.0312   -1.7704   -0.8963   -0.7850    0.4434    0.6378    2.2299    2.6742    2.8481    2.9821    4.3718    4.4133    4.6749    4.7096    5.3758    5.3991    6.1265
  1.4682  -24.3549  -24.3547  -24.3263  -24.3254  -21.4014  -21.4003  -21.3789  -21.3783  -21.3576  -21.3566  -11.1679  -11.1617   -7.8171   -7.7759   -3.2062   -2.7989   -2.0979   -1.8422   -0.9607   -0.8495    0.4447    0.6412    2.2365    2.6804    2.8283    2.9734    4.4413    4.4922    4.7450    4.7858    5.4206    5.4426    6.2149
  1.4975  -24.3548  -24.3545  -24.3263  -24.3254  -21.4011  -21.4000  -21.3791  -21.3784  -21.3574  -21.3564  -11.0934  -11.0872   -7.8828   -7.8435   -3.2621   -2.8696   -2.1599   -1.9104   -1.0261   -0.9180    0.4558    0.6507    2.2339    2.6734    2.8017    2.9566    4.5152    4.5727    4.8153    4.8613    5.4695    5.4884    6.2982
  1.5269  -24.3546  -24.3544  -24.3263  -24.3255  -21.4009  -21.3998  -21.3792  -21.3786  -21.3571  -21.3562  -11.0177  -11.0117   -7.9520   -7.9151   -3.3067   -2.9318   -2.2168   -1.9751   -1.0910   -0.9886    0.4748    0.6649    2.2234    2.6465    2.7805    2.9349    4.5893    4.6491    4.8886    4.9364    5.5261    5.5408    6.3745
  1.5562  -24.3544  -24.3542  -24.3263  -24.3255  -21.4006  -21.3996  -21.3793  -21.3787  -21.3568  -21.3560  -10.9416  -10.9359   -8.0235   -7.9895   -3.3404   -2.9860   -2.2681   -2.0360   -1.1540   -1.0591    0.4998    0.6823    2.2070    2.6000    2.7693    2.9113    4.6580    4.7133    4.9708    5.0138    5.5934    5.6036    6.4165
  1.5856  -24.3543  -24.3541  -24.3262  -24.3255  -21.4004  -21.3994  -21.3794  -21.3788  -21.3566  -21.3558  -10.8662  -10.8608   -8.0962   -8.0653   -3.3637   -3.0333   -2.3133   -2.0932   -1.2137   -1.1278    0.5289    0.7012    2.1870    2.5420    2.7642    2.8877    4.7152    4.7594    5.0669    5.0982    5.6721    5.6779    6.4303
  1.6149  -24.3541  -24.3540  -24.3262  -24.3256  -21.4002  -21.3993  -21.3794  -21.3789  -21.3563  -21.3557  -10.7928  -10.7878   -8.1682   -8.1408   -3.3775   -3.0746   -2.3519   -2.1466   -1.2691   -1.1929    0.5606    0.7202    2.1657    2.4797    2.7617    2.8654    4.7570    4.7880    5.1768    5.1931    5.7604    5.7622    6.4170
  1.6443  -24.3540  -24.3538  -24.3262  -24.3256  -21.4001  -21.3992  -21.3795  -21.3790  -21.3561  -21.3555  -10.7227  -10.7183   -8.2378   -8.2141   -3.3826   -3.1113   -2.3833   -2.1961   -1.3189   -1.2532    0.5934    0.7376    2.1456    2.4173    2.7604    2.8452    4.7841    4.8037    5.2968    5.2988    5.8514    5.8532    6.3998
  1.6736  -24.3539  -24.3538  -24.3261  -24.3256  -21.3999  -21.3992  -21.3795  -21.3790  -21.3559  -21.3554  -10.6579  -10.6541   -8.3028   -8.2829   -3.3800   -3.1446   -2.4068   -2.2418   -1.3621   -1.3072    0.6261    0.7521    2.1289    2.3576    2.7598    2.8274    4.7997    4.8110    5.4117    5.4221    5.9368    5.9411    6.3840
  1.7030  -24.3538  -24.3537  -24.3261  -24.3257  -21.3997  -21.3992  -21.3794  -21.3791  -21.3558  -21.3554  -10.6003  -10.5971   -8.3606   -8.3447   -3.3708   -3.1757   -2.4222   -2.2835   -1.3978   -1.3540    0.6575    0.7626    2.1174    2.3023    2.7600    2.8119    4.8076    4.8136    5.5256    5.5463    6.0089    6.0119    6.4024
  1.7323  -24.3537  -24.3536  -24.3260  -24.3257  -21.3996  -21.3992  -21.3794  -21.3791  -21.3556  -21.3553  -10.5521  -10.5497   -8.4089   -8.3969   -3.3560   -3.2053   -2.4294   -2.3210   -1.4253   -1.3925    0.6865    0.7682    2.1126    2.2526    2.7611    2.7988    4.8109    4.8137    5.6305    5.6584    6.0646    6.0684    6.4716
  1.7616  -24.3536  -24.3536  -24.3260  -24.3258  -21.3995  -21.3992  -21.3794  -21.3792  -21.3555  -21.3553  -10.5155  -10.5139   -8.4451   -8.4371   -3.3367   -3.2340   -2.4284   -2.3539   -1.4439   -1.4221    0.7123    0.7682    2.1155    2.2096    2.7634    2.7879    4.8118    4.8129    5.7131    5.7407    6.1238    6.1334    6.5473
  1.7910  -24.3536  -24.3536  -24.3259  -24.3258  -21.3994  -21.3992  -21.3793  -21.3792  -21.3554  -21.3553  -10.4925  -10.4917   -8.4670   -8.4630   -3.3140   -3.2620   -2.4197   -2.3818   -1.4531   -1.4422    0.7340    0.7624    2.1266    2.1739    2.7670    2.7791    4.8118    4.8121    5.7643    5.7811    6.2066    6.2144    6.5458
  1.8203  -24.3536  -24.3536  -24.3259  -24.3259  -21.3993  -21.3993  -21.3793  -21.3793  -21.3553  -21.3553  -10.4844  -10.4844   -8.4731   -8.4731   -3.2888   -3.2888   -2.4040   -2.4040   -1.4526   -1.4526    0.7509    0.7509    2.1461    2.1461    2.7722    2.7722    4.8117    4.8117    5.7863    5.7863    6.2660    6.2660    6.4913
  1.8203  -24.3536  -24.3536  -24.3259  -24.3259  -21.3993  -21.3993  -21.3793  -21.3793  -21.3553  -21.3553  -10.4844  -10.4844   -8.4731   -8.4731   -3.2888   -3.2888   -2.4040   -2.4040   -1.4526   -1.4526    0.7509    0.7509    2.1461    2.1461    2.7722    2.7722    4.8117    4.8117    5.7863    5.7863    6.2660    6.2660    6.4912
  1.8363  -24.3537  -24.3535  -24.3259  -24.3258  -21.3995  -21.3991  -21.3794  -21.3791  -21.3553  -21.3553  -10.4841  -10.4836   -8.4756   -8.4716   -3.3061   -3.2723   -2.4261   -2.3843   -1.4572   -1.4506    0.7408    0.7722    2.1249    2.1645    2.7495    2.7926    4.8119    4.8134    5.7834    5.7971    6.2657    6.2682    6.4924
  1.8523  -24.3538  -24.3534  -24.3260  -24.3258  -21.3997  -21.3989  -21.3796  -21.3790  -21.3554  -21.3553  -10.4829  -10.4819   -8.4790   -8.4710   -3.3244   -3.2567   -2.4506   -2.3673   -1.4644   -1.4509    0.7420    0.8042    2.1012    2.1797    2.7251    2.8105    4.8140    4.8169    5.7884    5.8159    6.2673    6.2722    6.4947
  1.8683  -24.3539  -24.3533  -24.3260  -24.3258  -21.3999  -21.3987  -21.3798  -21.3789  -21.3554  -21.3553  -10.4807  -10.4793   -8.4833   -8.4713   -3.3435   -3.2419   -2.4772   -2.3527   -1.4742   -1.4533    0.7542    0.8463    2.0753    2.1912    2.6996    2.8260    4.8180    4.8224    5.8009    5.8421    6.2706    6.2781    6.4968
  1.8843  -24.3539  -24.3532  -24.3260  -24.3257  -21.4000  -21.3984  -21.3799  -21.3788  -21.3554  -21.3553  -10.4776  -10.4757   -8.4885   -8.4726   -3.3637   -3.2280   -2.5055   -2.3405   -1.4865   -1.4576    0.7771    0.8977    2.0475    2.1984    2.6744    2.8393    4.8239    4.8298    5.8202    5.8751    6.2757    6.2859    6.5045
  1.9003  -24.3540  -24.3531  -24.3261  -24.3257  -21.4002  -21.3982  -21.3801  -21.3787  -21.3554  -21.3553  -10.4736  -10.4712   -8.4947   -8.4748   -3.3848   -3.2152   -2.5350   -2.3304   -1.5009   -1.4633    0.8099    0.9573    2.0181    2.2004    2.6509    2.8507    4.8318    4.8392    5.8455    5.9141    6.2825    6.2955    6.5105
  1.9163  -24.3541  -24.3530  -24.3261  -24.3257  -21.4003  -21.3980  -21.3803  -21.3786  -21.3554  -21.3553  -10.4687  -10.4658   -8.5017   -8.4780   -3.4069   -3.2036   -2.5650   -2.3221   -1.5173   -1.4702    0.8515    1.0241    1.9875    2.1966    2.6308    2.8608    4.8417    4.8507    5.8760    5.9581    6.2908    6.3069    6.5180
  1.9323  -24.3542  -24.3529  -24.3262  -24.3256  -21.4005  -21.3977  -21.3804  -21.3785  -21.3555  -21.3553  -10.4630  -10.4595   -8.5096   -8.4821   -3.4300   -3.1935   -2.5949   -2.3153   -1.5352   -1.4780    0.9008    1.0967    1.9565    2.1866    2.6154    2.8700    4.8536    4.8644    5.9105    6.0060    6.3005    6.3199    6.5349
  1.9482  -24.3543  -24.3528  -24.3262  -24.3256  -21.4006  -21.3975  -21.3806  -21.3784  -21.3555  -21.3553  -10.4564  -10.4525   -8.5184   -8.4871   -3.4541   -3.1851   -2.6238   -2.3095   -1.5543   -1.4866    0.9561    1.1736    1.9258    2.1706    2.6058    2.8787    4.8677    4.8802    5.9479    6.0565    6.3115    6.3346    6.5479
  1.9642  -24.3544  -24.3527  -24.3262  -24.3256  -21.4007  -21.3972  -21.3808  -21.3783  -21.3555  -21.3553  -10.4491  -10.4446   -8.5279   -8.4929   -3.4790   -3.1790   -2.6509   -2.3043   -1.5745   -1.4957    1.0156    1.2531    1.8964    2.1500    2.6023    2.8873    4.8839    4.8983    5.9871    6.1084    6.3233    6.3504    6.5534
  1.9802  -24.3545  -24.3526  -24.3263  -24.3255  -21.4008  -21.3969  -21.3810  -21.3783  -21.3555  -21.3553  -10.4412  -10.4361   -8.5383   -8.4997   -3.5046   -3.1756   -2.6751   -2.2994   -1.5954   -1.5054    1.0770    1.3334    1.8695    2.1274    2.6045    2.8962    4.9024    4.9188    6.0269    6.1606    6.3354    6.3671    6.5672
  1.9962  -24.3545  -24.3526  -24.3263  -24.3255  -21.4009  -21.3967  -21.3812  -21.3782  -21.3556  -21.3553  -10.4326  -10.4269   -8.5493   -8.5073   -3.5308   -3.1752   -2.6955   -2.2944   -1.6168   -1.5156    1.1373    1.4121    1.8462    2.1068    2.6118    2.9058    4.9233    4.9418    6.0662    6.2121    6.3469    6.3838    6.5836
  2.0122  -24.3546  -24.3525  -24.3264  -24.3255  -21.4010  -21.3964  -21.3814  -21.3782  -21.3556  -21.3553  -10.4234  -10.4172   -8.5611   -8.5156   -3.5574   -3.1784   -2.7115   -2.2889   -1.6387   -1.5264    1.1925    1.4870    1.8268    2.0937    2.6234    2.9161    4.9467    4.9674    6.1035    6.2620    6.3563    6.3993    6.6006
  2.0282  -24.3547  -24.3524  -24.3264  -24.3255  -21.4011  -21.3962  -21.3816  -21.3781  -21.3556  -21.3553  -10.4139  -10.4070   -8.5734   -8.5247   -3.5841   -3.1851   -2.7225   -2.2826   -1.6610   -1.5379    1.2383    1.5563    1.8104    2.0950    2.6386    2.9275    4.9728    4.9957    6.1371    6.3094    6.3614    6.4115    6.6262
  2.0442  -24.3547  -24.3523  -24.3264  -24.3254  -21.4011  -21.3959  -21.3818  -21.3781  -21.3557  -21.3553  -10.4039  -10.3965   -8.5863   -8.5345   -3.6106   -3.1953   -2.7283   -2.2753   -1.6837   -1.5500    1.2704    1.6191    1.7957    2.1166    2.6569    2.9401    5.0016    5.0268    6.1642    6.3528    6.3592    6.4187    6.6231
  2.0601  -24.3548  -24.3523  -24.3265  -24.3254  -21.4012  -21.3957  -21.3820  -21.3780  -21.3557  -21.3553  -10.3938  -10.3858   -8.5996   -8.5448   -3.6367   -3.2085   -2.7291   -2.2667   -1.7066   -1.5630    1.2873    1.6697    1.7885    2.1593    2.6778    2.9538    5.0334    5.0610    6.1807    6.3451    6.3879    6.4267    6.6075
  2.0761  -24.3549  -24.3522  -24.3265  -24.3254  -21.4013  -21.3954  -21.3822  -21.3780  -21.3557  -21.3553  -10.3836  -10.3749   -8.6133   -8.5555   -3.6620   -3.2240   -2.7254   -2.2567   -1.7300   -1.5769    1.2904    1.6876    1.8109    2.2189    2.7011    2.9689    5.0684    5.0985    6.1820    6.3177    6.4044    6.4531    6.6075
  2.0921  -24.3549  -24.3521  -24.3265  -24.3254  -21.4013  -21.3952  -21.3824  -21.3780  -21.3557  -21.3554  -10.3734  -10.3641   -8.6271   -8.5667   -3.6863   -3.2410   -2.7178   -2.2453   -1.7536   -1.5918    1.2832    1.6727    1.8649    2.2893    2.7266    2.9853    5.1069    5.1393    6.1671    6.2791    6.4172    6.4896    6.6178
  2.1081  -24.3550  -24.3521  -24.3265  -24.3253  -21.4013  -21.3950  -21.3826  -21.3780  -21.3558  -21.3554  -10.3634  -10.3535   -8.6409   -8.5780   -3.7092   -3.2587   -2.7070   -2.2323   -1.7775   -1.6077    1.2693    1.6468    1.9291    2.3649    2.7538    3.0029    5.1492    5.1838    6.1401    6.2348    6.4349    6.5274    6.6321
  2.1241  -24.3550  -24.3520  -24.3266  -24.3253  -21.4014  -21.3948  -21.3828  -21.3779  -21.3558  -21.3554  -10.3538  -10.3432   -8.6546   -8.5893   -3.7306   -3.2763   -2.6936   -2.2177   -1.8017   -1.6247    1.2518    1.6183    1.9948    2.4416    2.7827    3.0219    5.1954    5.2321    6.1070    6.1892    6.4543    6.5648    6.6499
  2.1401  -24.3551  -24.3520  -24.3266  -24.3253  -21.4014  -21.3946  -21.3830  -21.3779  -21.3558  -21.3554  -10.3447  -10.3336   -8.6680   -8.6006   -3.7501   -3.2931   -2.6783   -2.2016   -1.8261   -1.6428    1.2327    1.5903    2.0585    2.5163    2.8128    3.0420    5.2458    5.2844    6.0725    6.1453    6.4713    6.6016    6.6646
  2.1561  -24.3551  -24.3519  -24.3266  -24.3253  -21.4014  -21.3944  -21.3831  -21.3779  -21.3559  -21.3554  -10.3364  -10.3247   -8.6808   -8.6115   -3.7675   -3.3087   -2.6618   -2.1841   -1.8504   -1.6620    1.2137    1.5641    2.1184    2.5869    2.8438    3.0631    5.3006    5.3406    6.0397    6.1049    6.4819    6.6354    6.6845
  2.1720  -24.3552  -24.3519  -24.3266  -24.3253  -21.4015  -21.3942  -21.3832  -21.3779  -21.3559  -21.3554  -10.3291  -10.3168   -8.6928   -8.6218   -3.7825   -3.3226   -2.6447   -2.1652   -1.8746   -1.6819    1.1959    1.5406    2.1733    2.6515    2.8750    3.0849    5.3597    5.4006    6.0111    6.0696    6.4837    6.6646    6.6952
  2.1880  -24.3552  -24.3519  -24.3266  -24.3253  -21.4015  -21.3941  -21.3834  -21.3779  -21.3559  -21.3555  -10.3229  -10.3102   -8.7038   -8.6314   -3.7951   -3.3343   -2.6275   -2.1452   -1.8984   -1.7025    1.1799    1.5201    2.2225    2.7089    2.9059    3.1073    5.4228    5.4638    5.9886    6.0406    6.4758    6.6646    6.7174
  2.2040  -24.3552  -24.3519  -24.3267  -24.3253  -21.4015  -21.3940  -21.3835  -21.3779  -21.3559  -21.3555  -10.3181  -10.3050   -8.7135   -8.6399   -3.8050   -3.3437   -2.6109   -2.1244   -1.9215   -1.7232    1.1664    1.5030    2.2656    2.7580    2.9358    3.1297    5.4892    5.5290    5.9739    6.0191    6.4592    6.6473    6.7492
  2.2200  -24.3553  -24.3519  -24.3267  -24.3252  -21.4015  -21.3939  -21.3836  -21.3779  -21.3560  -21.3555  -10.3150  -10.3016   -8.7217   -8.6471   -3.8122   -3.3505   -2.5956   -2.1032   -1.9435   -1.7434    1.1558    1.4895    2.3024    2.7983    2.9643    3.1518    5.5573    5.5939    5.9694    6.0066    6.4352    6.6226    6.7862
  2.2360  -24.3553  -24.3518  -24.3267  -24.3252  -21.4016  -21.3938  -21.3837  -21.3778  -21.3560  -21.3555  -10.3137  -10.3001   -8.7281   -8.6528   -3.8165   -3.3545   -2.5825   -2.0821   -1.9641   -1.7620    1.1482    1.4797    2.3330    2.8295    2.9909    3.1732    5.6241    5.6549    5.9783    6.0048    6.4055    6.5919    6.8207
  2.2520  -24.3553  -24.3518  -24.3267  -24.3252  -21.4016  -21.3937  -21.3837  -21.3778  -21.3560  -21.3556  -10.3144  -10.3007   -8.7323   -8.6567   -3.8178   -3.3555   -2.5722   -2.0624   -1.9828   -1.7778    1.1439    1.4736    2.3573    2.8514    3.0152    3.1935    5.6844    5.7087    6.0036    6.0160    6.3715    6.5573    6.8510
  2.2680  -24.3554  -24.3519  -24.3267  -24.3252  -21.4016  -21.3937  -21.3837  -21.3778  -21.3561  -21.3556  -10.3174  -10.3038   -8.7343   -8.6585   -3.8162   -3.3535   -2.5655   -2.0473   -1.9972   -1.7889    1.1430    1.4713    2.3756    2.8642    3.0369    3.2127    5.7293    5.7564    6.0422    6.0446    6.3349    6.5221    6.8761
  2.2839  -24.3554  -24.3519  -24.3267  -24.3252  -21.4016  -21.3937  -21.3838  -21.3778  -21.3561  -21.3556  -10.3228  -10.3094   -8.7337   -8.6581   -3.8115   -3.3485   -2.5631   -2.0460   -1.9992   -1.7935    1.1456    1.4726    2.3880    2.8683    3.0559    3.2308    5.7574    5.7978    6.0817    6.0937    6.2977    6.4895    6.8315
  2.2839  -24.3554  -24.3519  -24.3267  -24.3252  -21.4016  -21.3937  -21.3838  -21.3778  -21.3561  -21.3556  -10.3228  -10.3094   -8.7337   -8.6581   -3.8115   -3.3485   -2.5631   -2.0460   -1.9992   -1.7935    1.1456    1.4726    2.3880    2.8683    3.0559    3.2308    5.7574    5.7978    6.0817    6.0937    6.2977    6.4895    6.8260
  2.3174  -24.3554  -24.3519  -24.3267  -24.3252  -21.4016  -21.3938  -21.3837  -21.3778  -21.3561  -21.3556  -10.3218  -10.3084   -8.7302   -8.6549   -3.8105   -3.3475   -2.5736   -2.0712   -1.9762   -1.7769    1.1501    1.4784    2.3705    2.8578    3.0302    3.2078    5.7309    5.7587    6.0378    6.0566    6.2865    6.4515    6.8286
  2.3508  -24.3553  -24.3519  -24.3267  -24.3252  -21.4016  -21.3939  -21.3836  -21.3778  -21.3560  -21.3556  -10.3330  -10.3202   -8.7148   -8.6410   -3.7950   -3.3311   -2.6038   -2.1270   -1.9273   -1.7321    1.1714    1.5009    2.3365    2.8191    2.9970    3.1791    5.6890    5.7171    5.9980    6.0447    6.2147    6.3236    6.7225
  2.3842  -24.3553  -24.3520  -24.3267  -24.3253  -21.4016  -21.3942  -21.3833  -21.3778  -21.3560  -21.3556  -10.3574  -10.3457   -8.6863   -8.6149   -3.7653   -3.2994   -2.6489   -2.1936   -1.8654   -1.6684    1.2079    1.5380    2.2865    2.7484    2.9645    3.1497    5.6310    5.6700    5.9469    6.0352    6.1529    6.1848    6.5632
  2.4176  -24.3553  -24.3521  -24.3266  -24.3253  -21.4016  -21.3945  -21.3830  -21.3778  -21.3561  -21.3556  -10.3950  -10.3847   -8.6447   -8.5765   -3.7223   -3.2527   -2.7024   -2.2648   -1.7930   -1.5935    1.2571    1.5869    2.2228    2.6537    2.9313    3.1211    5.5557    5.6132    5.8697    5.9710    6.0966    6.1309    6.4174
  2.4510  -24.3553  -24.3522  -24.3266  -24.3253  -21.4017  -21.3949  -21.3827  -21.3778  -21.3561  -21.3556  -10.4449  -10.4361   -8.5907   -8.5261   -3.6671   -3.1921   -2.7578   -2.3360   -1.7127   -1.5119    1.3162    1.6434    2.1497    2.5454    2.8951    3.0929    5.4598    5.5392    5.7845    5.8626    6.0563    6.0835    6.3193
  2.4845  -24.3553  -24.3523  -24.3266  -24.3253  -21.4017  -21.3954  -21.3824  -21.3779  -21.3562  -21.3557  -10.5057  -10.4983   -8.5259   -8.4651   -3.6017   -3.1191   -2.8092   -2.4036   -1.6273   -1.4265    1.3811    1.7005    2.0750    2.4308    2.8567    3.0637    5.3465    5.4414    5.6874    5.7633    5.9923    6.0210    6.2491
  2.5179  -24.3553  -24.3525  -24.3265  -24.3253  -21.4018  -21.3959  -21.3820  -21.3779  -21.3563  -21.3557  -10.5756  -10.5692   -8.4524   -8.3950   -3.5289   -3.0372   -2.8491   -2.4642   -1.5387   -1.3391    1.4465    1.7441    2.0135    2.3158    2.8193    3.0335    5.2250    5.3248    5.5745    5.6496    5.9343    5.9683    6.1730
  2.5513  -24.3553  -24.3527  -24.3265  -24.3254  -21.4019  -21.3964  -21.3816  -21.3779  -21.3564  -21.3558  -10.6525  -10.6468   -8.3721   -8.3180   -3.4533   -2.9599   -2.8605   -2.5137   -1.4487   -1.2515    1.5025    1.7513    1.9891    2.2065    2.7872    3.0034    5.1028    5.2008    5.4507    5.5152    5.8745    5.8982    6.1299
  2.5847  -24.3553  -24.3530  -24.3265  -24.3254  -21.4019  -21.3969  -21.3812  -21.3779  -21.3566  -21.3559  -10.7347  -10.7292   -8.2874   -8.2359   -3.3815   -2.9220   -2.8064   -2.5451   -1.3589   -1.1652    1.5297    1.7297    1.9920    2.1191    2.7656    2.9763    4.9841    5.0774    5.3230    5.3747    5.7805    5.7950    6.1437
  2.6182  -24.3553  -24.3532  -24.3264  -24.3254  -21.4020  -21.3974  -21.3808  -21.3779  -21.3568  -21.3560  -10.8201  -10.8146   -8.2003   -8.1508   -3.3211   -2.8903   -2.7288   -2.5402   -1.2706   -1.0816    1.5050    1.7202    1.9521    2.0983    2.7591    2.9567    4.8706    4.9580    5.1973    5.2373    5.6682    5.6788    6.2016
  2.6516  -24.3553  -24.3535  -24.3264  -24.3254  -21.4021  -21.3979  -21.3804  -21.3779  -21.3570  -21.3562  -10.9073  -10.9017   -8.1127   -8.0646   -3.2756   -2.8339   -2.6816   -2.4715   -1.1848   -1.0018    1.4427    1.7123    1.8859    2.1177    2.7683    2.9504    4.7629    4.8439    5.0773    5.1074    5.5564    5.5653    6.2662
  2.6850  -24.3554  -24.3538  -24.3264  -24.3254  -21.4022  -21.3985  -21.3800  -21.3779  -21.3573  -21.3563  -10.9949  -10.9891   -8.0263   -7.9792   -3.2399   -2.7628   -2.6436   -2.3550   -1.1027   -0.9270    1.3689    1.6751    1.8376    2.1359    2.7876    2.9637    4.6610    4.7350    4.9643    4.9872    5.4541    5.4621    6.2926
  2.7184  -24.3555  -24.3541  -24.3264  -24.3254  -21.4023  -21.3991  -21.3796  -21.3779  -21.3575  -21.3565  -11.0816  -11.0757   -7.9429   -7.8962   -3.2046   -2.7058   -2.5677   -2.2188   -1.0249   -0.8580    1.2953    1.6131    1.8019    2.1456    2.8086    2.9981    4.5646    4.6308    4.8584    4.8777    5.3659    5.3738    6.2200
  2.7518  -24.3555  -24.3543  -24.3264  -24.3254  -21.4024  -21.3996  -21.3793  -21.3778  -21.3578  -21.3567  -11.1665  -11.1605   -7.8636   -7.8172   -3.1621   -2.6612   -2.4538   -2.0737   -0.9520   -0.7956    1.2266    1.5449    1.7630    2.1465    2.8263    3.0461    4.4742    4.5312    4.7592    4.7775    5.2943    5.3030    6.1454
  2.7853  -24.3556  -24.3546  -24.3264  -24.3254  -21.4025  -21.4002  -21.3789  -21.3777  -21.3581  -21.3569  -11.2487  -11.2427   -7.7895   -7.7435   -3.1078   -2.6104   -2.3226   -1.9247   -0.8842   -0.7398    1.1651    1.4788    1.7183    2.1397    2.8374    3.0949    4.3899    4.4369    4.6664    4.6846    5.2401    5.2499    6.0726
  2.8187  -24.3557  -24.3549  -24.3263  -24.3254  -21.4027  -21.4007  -21.3785  -21.3776  -21.3583  -21.3572  -11.3275  -11.3216   -7.7215   -7.6761   -3.0392   -2.5467   -2.1838   -1.7751   -0.8215   -0.6905    1.1117    1.4167    1.6711    2.1280    2.8364    3.1333    4.3120    4.3485    4.5795    4.5972    5.2018    5.2126    6.0193
  2.8521  -24.3559  -24.3552  -24.3263  -24.3254  -21.4029  -21.4013  -21.3782  -21.3775  -21.3586  -21.3574  -11.4023  -11.3965   -7.6601   -7.6156   -2.9551   -2.4687   -2.0417   -1.6283   -0.7635   -0.6468    1.0664    1.3573    1.6267    2.1144    2.8178    3.1522    4.2393    4.2668    4.4982    4.5146    5.1755    5.1863    5.9733
  2.8855  -24.3560  -24.3555  -24.3263  -24.3254  -21.4031  -21.4018  -21.3779  -21.3774  -21.3588  -21.3577  -11.4725  -11.4670   -7.6055   -7.5625   -2.8556   -2.3773   -1.8987   -1.4873   -0.7092   -0.6074    1.0280    1.2977    1.5908    2.1021    2.7775    3.1456    4.1702    4.1917    4.4225    4.4366    5.1550    5.1652    5.9727
  2.9189  -24.3561  -24.3557  -24.3263  -24.3254  -21.4034  -21.4023  -21.3775  -21.3772  -21.3591  -21.3579  -11.5378  -11.5327   -7.5578   -7.5168   -2.7416   -2.2745   -1.7560   -1.3552   -0.6580   -0.5708    0.9943    1.2349    1.5685    2.0929    2.7152    3.1113    4.1033    4.1216    4.3522    4.3633    5.1335    5.1441    5.9672
  2.9524  -24.3562  -24.3559  -24.3263  -24.3255  -21.4037  -21.4028  -21.3773  -21.3770  -21.3593  -21.3582  -11.5979  -11.5931   -7.5167   -7.4783   -2.6151   -2.1641   -1.6134   -1.2344   -0.6089   -0.5351    0.9614    1.1665    1.5630    2.0869    2.6350    3.0507    4.0386    4.0541    4.2869    4.2948    5.1056    5.1198    5.9926
  2.9858  -24.3564  -24.3562  -24.3262  -24.3255  -21.4039  -21.4033  -21.3770  -21.3768  -21.3595  -21.3584  -11.6522  -11.6479   -7.4817   -7.4465   -2.4790   -2.0514   -1.4692   -1.1259   -0.5618   -0.4990    0.9230    1.0928    1.5747    2.0804    2.5472    2.9686    3.9768    3.9885    4.2262    4.2312    5.0702    5.0901    5.9747
  3.0192  -24.3565  -24.3563  -24.3262  -24.3255  -21.4042  -21.4037  -21.3768  -21.3766  -21.3596  -21.3587  -11.7007  -11.6968   -7.4525   -7.4208   -2.3370   -1.9427   -1.3200   -1.0282   -0.5170   -0.4617    0.8702    1.0157    1.6014    2.0626    2.4706    2.8734    3.9185    3.9258    4.1701    4.1729    5.0288    5.0545    5.9252
  3.0526  -24.3566  -24.3565  -24.3262  -24.3256  -21.4045  -21.4040  -21.3765  -21.3763  -21.3598  -21.3589  -11.7431  -11.7397   -7.4285   -7.4007   -2.1943   -1.8449   -1.1622   -0.9373   -0.4757   -0.4233    0.7942    0.9363    1.6377    2.0182    2.4293    2.7762    3.8633    3.8691    4.1189    4.1203    4.9832    5.0138    5.8905
  3.0860  -24.3568  -24.3566  -24.3261  -24.3256  -21.4047  -21.4044  -21.3764  -21.3762  -21.3599  -21.3591  -11.7792  -11.7763   -7.4089   -7.3854   -2.0571   -1.7632   -0.9932   -0.8473   -0.4391   -0.3844    0.6922    0.8489    1.6757    1.9470    2.4318    2.6902    3.8116    3.8206    4.0730    4.0740    4.9358    4.9692    5.8402
  3.1195  -24.3569  -24.3568  -24.3261  -24.3256  -21.4049  -21.4046  -21.3762  -21.3760  -21.3599  -21.3593  -11.8089  -11.8066   -7.3934   -7.3743   -1.9323   -1.7007   -0.8141   -0.7517   -0.4083   -0.3448    0.5681    0.7434    1.7057    1.8691    2.4642    2.6279    3.7667    3.7794    4.0333    4.0345    4.8891    4.9226    5.8099
  3.1529  -24.3569  -24.3568  -24.3260  -24.3257  -21.4051  -21.4049  -21.3760  -21.3759  -21.3600  -21.3595  -11.8320  -11.8303   -7.3813   -7.3669   -1.8262   -1.6581   -0.6545   -0.6241   -0.3836   -0.3007    0.4276    0.6132    1.7207    1.8029    2.5088    2.5962    3.7306    3.7450    4.0006    4.0020    4.8463    4.8765    5.7732
  3.1863  -24.3570  -24.3569  -24.3260  -24.3257  -21.4052  -21.4050  -21.3759  -21.3758  -21.3600  -21.3596  -11.8485  -11.8473   -7.3722   -7.3626   -1.7427   -1.6349   -0.5492   -0.4593   -0.3544   -0.2409    0.2794    0.4595    1.7213    1.7569    2.5514    2.5905    3.7048    3.7177    3.9761    3.9774    4.8122    4.8352    5.7534
  3.2197  -24.3570  -24.3570  -24.3259  -24.3258  -21.4052  -21.4052  -21.3758  -21.3758  -21.3599  -21.3598  -11.8583  -11.8577   -7.3660   -7.3611   -1.6832   -1.6309   -0.4650   -0.4024   -0.2516   -0.1535    0.1477    0.2922    1.7166    1.7302    2.5824    2.5964    3.6908    3.6985    3.9609    3.9617    4.7916    4.8041    5.7347
  3.2531  -24.3570  -24.3570  -24.3258  -24.3258  -21.4052  -21.4052  -21.3758  -21.3758  -21.3599  -21.3599  -11.8614  -11.8614   -7.3623   -7.3623   -1.6466   -1.6466   -0.4165   -0.4165   -0.1394   -0.1394    0.1449    0.1449    1.7178    1.7178    2.5969    2.5969    3.6889    3.6890    3.9560    3.9560    4.7885    4.7888    5.7302
