#K-Path     Band-1    Band-2    Band-3    Band-4      ...     Band-n
  0.0000  -24.4311  -24.4311  -24.4309  -24.4309  -24.4015  -24.4015  -24.4006  -24.4006  -21.4786  -21.4786  -21.4776  -21.4776  -21.4542  -21.4542  -21.4537  -21.4537  -21.4337  -21.4337  -21.4326  -21.4326  -11.4784  -11.4784  -11.4720  -11.4720   -7.7537   -7.7537   -7.7096   -7.7096   -3.1312   -3.1312   -2.7050   -2.7050   -1.9243   -1.9243   -1.6441   -1.6441   -0.8746   -0.8746   -0.7973   -0.7973    0.4592    0.4592    0.6479    0.6479    2.1574    2.1574    2.6493    2.6493    2.7911    2.7911    2.9576    2.9576    4.2034    4.2034    4.2293    4.2293    4.4789    4.4790    4.5045    4.5045    5.3206    5.3207    5.3514    5.3514    6.0668    6.0668    6.0739    6.0739    6.5422    6.5423    6.5639    6.5639    6.7998    6.7998    6.8078    6.8079    7.5733    7.5733    7.6002    7.6002    7.6740    7.6740    7.6910    7.6910    8.5149    8.5149    8.6068    8.6068    9.3816    9.3816    9.4498    9.4498    9.6008    9.6008    9.6479    9.6479    9.7213    9.7213    9.7329    9.7329   10.0303   10.0303   10.0573   10.0574   10.2469   10.2470   10.2889   10.2889   10.4479   10.4480   10.4517   10.4518
  0.0224  -24.4312  -24.4311  -24.4309  -24.4308  -24.4015  -24.4015  -24.4006  -24.4006  -21.4788  -21.4784  -21.4779  -21.4773  -21.4544  -21.4540  -21.4538  -21.4535  -21.4339  -21.4335  -21.4328  -21.4324  -11.5291  -11.5228  -11.4259  -11.4193   -7.7940   -7.7500   -7.7165   -7.6727   -3.1993   -3.0565   -2.7791   -2.6260   -1.9795   -1.8669   -1.7011   -1.5857   -0.9200   -0.8371   -0.8318   -0.7622    0.4427    0.4835    0.6393    0.6617    2.1350    2.1727    2.6319    2.6620    2.7742    2.7957    2.9422    2.9648    4.1615    4.1788    4.2484    4.2830    4.4261    4.4480    4.5329    4.5625    5.2958    5.3229    5.3445    5.3771    6.0266    6.0269    6.1182    6.1328    6.5334    6.5400    6.5518    6.5848    6.7366    6.7578    6.8780    6.8812    7.4973    7.5152    7.5687    7.5984    7.7093    7.7115    7.7155    7.7464    8.5142    8.5150    8.5986    8.6057    9.3438    9.3805    9.3871    9.4697    9.5723    9.5941    9.6180    9.6478    9.6729    9.6894    9.7663    9.7755    9.9895    9.9974   10.1121   10.1471   10.2219   10.2301   10.2378   10.2814   10.4095   10.4432   10.6006   10.6022
  0.0447  -24.4314  -24.4312  -24.4308  -24.4306  -24.4015  -24.4015  -24.4006  -24.4006  -21.4791  -21.4782  -21.4781  -21.4770  -21.4545  -21.4540  -21.4538  -21.4534  -21.4341  -21.4333  -21.4329  -21.4322  -11.5777  -11.5715  -11.3717  -11.3650   -7.8374   -7.7939   -7.6826   -7.6394   -3.2606   -2.9758   -2.8476   -2.5427   -2.0326   -1.8071   -1.7567   -1.5261   -0.9676   -0.8814   -0.7919   -0.7317    0.4340    0.5150    0.6360    0.6803    2.1057    2.1812    2.6101    2.6685    2.7443    2.7905    2.9183    2.9647    4.1217    4.1309    4.2975    4.3400    4.3748    4.3932    4.5876    4.6214    5.2711    5.2930    5.3670    5.3994    5.9934    5.9998    6.1790    6.1995    6.5054    6.5121    6.5699    6.6098    6.7032    6.7351    6.9610    6.9737    7.4196    7.4357    7.5021    7.5185    7.7279    7.7775    7.8131    7.8210    8.5052    8.5232    8.5726    8.6067    9.2713    9.2862    9.3433    9.4331    9.5496    9.5548    9.5858    9.6141    9.6241    9.6391    9.8078    9.8162    9.9538    9.9596   10.1635   10.1664   10.1716   10.1766   10.3417   10.3532   10.4892   10.5315   10.7847   10.7859
  0.0671  -24.4315  -24.4314  -24.4307  -24.4305  -24.4015  -24.4015  -24.4006  -24.4006  -21.4793  -21.4785  -21.4779  -21.4768  -21.4547  -21.4541  -21.4536  -21.4532  -21.4343  -21.4331  -21.4331  -21.4320  -11.6241  -11.6182  -11.3160  -11.3093   -7.8838   -7.8412   -7.6517   -7.6096   -3.3148   -2.9105   -2.8895   -2.4560   -2.0834   -1.8108   -1.7446   -1.4655   -1.0169   -0.9295   -0.7548   -0.7055    0.4325    0.5529    0.6377    0.7031    2.0699    2.1830    2.5834    2.6662    2.7026    2.7802    2.8863    2.9586    4.0825    4.0847    4.3250    4.3403    4.3506    4.4002    4.6423    4.6807    5.2476    5.2631    5.3886    5.4192    5.9754    5.9858    6.2458    6.2679    6.4598    6.4719    6.6015    6.6428    6.7038    6.7386    7.0508    7.0722    7.3504    7.3658    7.4326    7.4387    7.7132    7.7705    7.9291    7.9384    8.4783    8.5234    8.5487    8.6202    9.1650    9.1779    9.2821    9.3532    9.4842    9.5403    9.5502    9.5677    9.5782    9.5882    9.8416    9.8497    9.9122    9.9166   10.1709   10.1718   10.1774   10.1894   10.5074   10.5082   10.5929   10.6347   10.6997   10.7026
  0.0894  -24.4317  -24.4315  -24.4305  -24.4304  -24.4015  -24.4015  -24.4006  -24.4006  -21.4795  -21.4788  -21.4777  -21.4766  -21.4548  -21.4542  -21.4534  -21.4531  -21.4345  -21.4333  -21.4329  -21.4318  -11.6681  -11.6625  -11.2591  -11.2524   -7.9328   -7.8915   -7.6239   -7.5832   -3.3619   -2.9677   -2.7983   -2.3672   -2.1320   -1.8631   -1.6788   -1.4042   -1.0673   -0.9807   -0.7205   -0.6827    0.4378    0.5958    0.6439    0.7285    2.0283    2.1788    2.5496    2.6516    2.6531    2.7705    2.8473    2.9480    4.0399    4.0429    4.2770    4.2894    4.4069    4.4625    4.6967    4.7396    5.2259    5.2341    5.4108    5.4382    5.9729    5.9852    6.3134    6.3306    6.4095    6.4221    6.6501    6.6862    6.7268    6.7602    7.1368    7.1639    7.2911    7.3058    7.3757    7.3821    7.6662    7.7235    8.0539    8.0641    8.4293    8.4495    8.5890    8.6484    9.0419    9.0778    9.2139    9.2640    9.3822    9.4278    9.5342    9.5441    9.5583    9.5631    9.8600    9.8677    9.8851    9.9102   10.1783   10.1799   10.2246   10.2336   10.5898   10.5947   10.6698   10.6990   10.7084   10.7116
  0.1118  -24.4318  -24.4317  -24.4304  -24.4302  -24.4015  -24.4014  -24.4006  -24.4006  -21.4798  -21.4791  -21.4775  -21.4764  -21.4549  -21.4543  -21.4532  -21.4529  -21.4346  -21.4335  -21.4327  -21.4317  -11.7098  -11.7044  -11.2013  -11.1947   -7.9842   -7.9446   -7.5991   -7.5600   -3.4018   -3.0191   -2.7032   -2.2777   -2.1781   -1.9137   -1.6091   -1.3421   -1.1181   -1.0341   -0.6888   -0.6625    0.4491    0.6416    0.6540    0.7546    1.9822    2.1691    2.5028    2.6038    2.6234    2.7649    2.8030    2.9344    3.9960    4.0022    4.2306    4.2406    4.4650    4.5248    4.7511    4.7978    5.2056    5.2063    5.4360    5.4591    5.9852    5.9975    6.3599    6.3721    6.3751    6.3806    6.7173    6.7412    6.7591    6.7917    7.1834    7.2048    7.2422    7.2556    7.3691    7.3984    7.5968    7.6463    8.1831    8.1946    8.3553    8.3583    8.6346    8.6825    8.9262    8.9756    9.1515    9.1795    9.2642    9.3053    9.4923    9.5033    9.5702    9.5713    9.8527    9.8597    9.8851    9.9287   10.1914   10.1929   10.2827   10.2894   10.5285   10.5306   10.6637   10.7051   10.8751   10.8802
  0.1341  -24.4319  -24.4318  -24.4302  -24.4301  -24.4015  -24.4014  -24.4006  -24.4006  -21.4800  -21.4794  -21.4773  -21.4762  -21.4550  -21.4544  -21.4530  -21.4528  -21.4348  -21.4337  -21.4324  -21.4315  -11.7489  -11.7438  -11.1429  -11.1364   -8.0376   -8.0000   -7.5769   -7.5398   -3.4348   -3.0650   -2.6051   -2.2215   -2.1895   -1.9625   -1.5342   -1.2796   -1.1687   -1.0886   -0.6594   -0.6438    0.4653    0.6674    0.6879    0.7787    1.9333    2.1549    2.4377    2.5632    2.5845    2.7553    2.7628    2.9191    3.9532    3.9606    4.1860    4.1940    4.5226    4.5837    4.8069    4.8552    5.1791    5.1858    5.4666    5.4846    6.0097    6.0211    6.3149    6.3276    6.4146    6.4236    6.7904    6.8010    6.8087    6.8250    7.1699    7.1869    7.2039    7.2146    7.4424    7.4907    7.5198    7.5554    8.2254    8.2396    8.3431    8.3500    8.6718    8.7073    8.8180    8.8671    9.1030    9.1072    9.1506    9.1957    9.4531    9.4657    9.5885    9.5899    9.8125    9.8184    9.8990    9.9578   10.2031   10.2048   10.3396   10.3456   10.4975   10.5003   10.5712   10.6108   10.8616   10.8735
  0.1565  -24.4321  -24.4319  -24.4301  -24.4300  -24.4014  -24.4014  -24.4007  -24.4006  -21.4803  -21.4797  -21.4771  -21.4760  -21.4551  -21.4545  -21.4528  -21.4526  -21.4349  -21.4339  -21.4322  -21.4314  -11.7854  -11.7806  -11.0843  -11.0781   -8.0925   -8.0570   -7.5574   -7.5224   -3.4609   -3.1058   -2.5051   -2.2619   -2.1046   -2.0095   -1.4531   -1.2184   -1.2165   -1.1433   -0.6318   -0.6254    0.4857    0.6832    0.7320    0.7973    1.8841    2.1372    2.3574    2.5319    2.5387    2.7065    2.7625    2.9031    3.9116    3.9184    4.1434    4.1497    4.5766    4.6347    4.8672    4.9130    5.1516    5.1654    5.5046    5.5174    6.0404    6.0511    6.2792    6.2938    6.4322    6.4529    6.8097    6.8495    6.8874    6.8965    7.1494    7.1644    7.1760    7.1814    7.4534    7.4718    7.5425    7.6005    8.1087    8.1404    8.4714    8.4885    8.6863    8.7091    8.7151    8.7490    9.0543    9.0579    9.0733    9.1115    9.4173    9.4322    9.6129    9.6160    9.7426    9.7477    9.9125    9.9842   10.1995   10.2088   10.3608   10.3609   10.4780   10.5006   10.5049   10.5141   10.7618   10.7698
  0.1789  -24.4322  -24.4320  -24.4300  -24.4298  -24.4014  -24.4014  -24.4007  -24.4007  -21.4805  -21.4799  -21.4770  -21.4759  -21.4551  -21.4545  -21.4527  -21.4524  -21.4350  -21.4340  -21.4320  -21.4312  -11.8191  -11.8147  -11.0261  -11.0200   -8.1482   -8.1152   -7.5402   -7.5076   -3.4805   -3.1419   -2.4046   -2.2992   -2.0546   -2.0252   -1.3645   -1.2666   -1.1974   -1.1529   -0.6064   -0.6057    0.5094    0.7007    0.7704    0.8062    1.8376    2.1171    2.2685    2.4890    2.5075    2.6588    2.7629    2.8871    3.8716    3.8766    4.1030    4.1080    4.6234    4.6736    4.9354    4.9733    5.1231    5.1437    5.5511    5.5590    6.0651    6.0764    6.2613    6.2797    6.4349    6.4610    6.8066    6.8513    6.9732    6.9986    7.1481    7.1551    7.1562    7.1566    7.4175    7.4192    7.6310    7.6882    7.9971    8.0432    8.5493    8.5900    8.6676    8.6684    8.6708    8.6838    8.9962    9.0251    9.0546    9.0606    9.3854    9.4039    9.6285    9.6291    9.6604    9.6762    9.9103    9.9930   10.1759   10.1951   10.2467   10.2728   10.4947   10.5093   10.5314   10.5371   10.6975   10.6995
  0.2012  -24.4323  -24.4322  -24.4299  -24.4297  -24.4014  -24.4014  -24.4007  -24.4007  -21.4807  -21.4802  -21.4768  -21.4758  -21.4552  -21.4546  -21.4525  -21.4523  -21.4352  -21.4342  -21.4318  -21.4311  -11.8502  -11.8461  -10.9686  -10.9629   -8.2041   -8.1737   -7.5252   -7.4952   -3.4940   -3.1739   -2.3329   -2.3052   -2.0979   -1.9531   -1.3127   -1.2674   -1.2500   -1.0885   -0.5860   -0.5809    0.5356    0.7190    0.7992    0.8010    1.7970    2.0958    2.1765    2.4375    2.4892    2.6148    2.7634    2.8718    3.8337    3.8358    4.0650    4.0691    4.6599    4.6991    5.0127    5.0389    5.0933    5.1198    5.6062    5.6097    6.0700    6.0820    6.2704    6.2915    6.4259    6.4508    6.7807    6.8222    7.0573    7.1003    7.1374    7.1428    7.1686    7.1743    7.4133    7.4242    7.6549    7.6952    7.9396    8.0018    8.4758    8.4836    8.6205    8.6364    8.7796    8.7969    8.9744    9.0145    9.0218    9.0570    9.3590    9.3829    9.5443    9.5479    9.6559    9.6849    9.8754    9.9653   10.1060   10.1419   10.1473   10.1668   10.5162   10.5219   10.5820   10.5891   10.6962   10.6992
  0.2236  -24.4324  -24.4323  -24.4298  -24.4296  -24.4014  -24.4013  -24.4007  -24.4007  -21.4809  -21.4805  -21.4767  -21.4757  -21.4552  -21.4547  -21.4523  -21.4521  -21.4352  -21.4344  -21.4317  -21.4310  -11.8784  -11.8747  -10.9126  -10.9072   -8.2593   -8.2317   -7.5122   -7.4848   -3.5017   -3.2023   -2.3628   -2.2084   -2.1394   -1.8894   -1.3561   -1.3002   -1.1616   -1.0228   -0.5634   -0.5574    0.5636    0.7373    0.7782    0.8144    1.7646    2.0744    2.0859    2.3856    2.4774    2.5768    2.7638    2.8574    3.7968    3.7981    4.0297    4.0331    4.6848    4.7129    5.0620    5.0935    5.0982    5.1116    5.6686    5.6686    6.0557    6.0672    6.2951    6.3143    6.4101    6.4290    6.7516    6.7783    7.1259    7.1299    7.1347    7.1646    7.2316    7.2325    7.4498    7.4693    7.5812    7.6098    7.9558    8.0033    8.3798    8.4141    8.5524    8.5739    8.8712    8.9346    9.0129    9.0138    9.0202    9.0560    9.3417    9.3748    9.4411    9.4458    9.6510    9.6851    9.8001    9.8845    9.9839   10.0283   10.1147   10.1336   10.5165   10.5471   10.6455   10.6525   10.7469   10.7563
  0.2459  -24.4325  -24.4324  -24.4297  -24.4295  -24.4013  -24.4013  -24.4008  -24.4007  -21.4811  -21.4807  -21.4765  -21.4756  -21.4553  -21.4547  -21.4522  -21.4520  -21.4353  -21.4345  -21.4315  -21.4309  -11.9037  -11.9004  -10.8587  -10.8538   -8.3129   -8.2883   -7.5009   -7.4764   -3.5041   -3.2280   -2.3883   -2.1790   -2.1162   -1.8349   -1.3963   -1.3473   -1.0475   -0.9553   -0.5381   -0.5350    0.5925    0.7358    0.7548    0.8117    1.7412    2.0008    2.0541    2.3346    2.4728    2.5468    2.7642    2.8440    3.7604    3.7651    3.9973    4.0002    4.6990    4.7178    5.0296    5.0648    5.1899    5.1913    5.7336    5.7363    6.0322    6.0432    6.3041    6.3169    6.3929    6.4034    6.7515    6.7555    7.1306    7.1328    7.1743    7.1900    7.3016    7.3323    7.4842    7.4980    7.5151    7.5403    7.9568    7.9650    8.3271    8.4072    8.4716    8.5007    8.9239    9.0044    9.0141    9.0553    9.0717    9.1197    9.3386    9.3449    9.3453    9.3923    9.6241    9.6555    9.7000    9.7663    9.8848    9.9192   10.0957   10.0966   10.5339   10.5875   10.7176   10.7240   10.8200   10.8294
  0.2683  -24.4326  -24.4325  -24.4296  -24.4295  -24.4013  -24.4013  -24.4008  -24.4008  -21.4813  -21.4809  -21.4764  -21.4756  -21.4552  -21.4548  -21.4520  -21.4519  -21.4354  -21.4347  -21.4313  -21.4308  -11.9261  -11.9232  -10.8077  -10.8033   -8.3640   -8.3424   -7.4912   -7.4696   -3.5018   -3.2515   -2.4093   -2.2166   -2.0304   -1.7895   -1.4328   -1.3907   -0.9262   -0.8855   -0.5141   -0.5100    0.6218    0.6744    0.7706    0.7880    1.7255    1.9246    2.0361    2.2852    2.4757    2.5265    2.7647    2.8318    3.7269    3.7349    3.9679    3.9706    4.7047    4.7166    4.9964    5.0338    5.2769    5.2858    5.8019    5.8060    6.0059    6.0167    6.2762    6.2838    6.3800    6.3813    6.7811    6.7986    7.1367    7.1372    7.1863    7.1884    7.3014    7.3733    7.4644    7.4814    7.5975    7.6269    7.8876    7.9011    8.3352    8.3820    8.4188    8.4293    8.9833    9.0159    9.0303    9.0547    9.1406    9.1839    9.2409    9.2491    9.3903    9.4476    9.5806    9.6049    9.6142    9.6600    9.7952    9.8197   10.0417   10.0675   10.5659   10.6406   10.7949   10.7995   10.8893   10.8992
  0.2906  -24.4326  -24.4326  -24.4295  -24.4294  -24.4013  -24.4012  -24.4008  -24.4008  -21.4814  -21.4811  -21.4763  -21.4756  -21.4552  -21.4548  -21.4519  -21.4518  -21.4354  -21.4348  -21.4312  -21.4307  -11.9456  -11.9430  -10.7606  -10.7567   -8.4115   -8.3929   -7.4830   -7.4644   -3.4952   -3.2736   -2.4254   -2.2524   -1.9526   -1.7527   -1.4651   -1.4298   -0.8132   -0.7992   -0.4948   -0.4785    0.5967    0.6508    0.7416    0.7841    1.7149    1.8598    2.0212    2.2382    2.4856    2.5166    2.7652    2.8209    3.6970    3.7077    3.9416    3.9443    4.7046    4.7116    4.9633    5.0012    5.3659    5.3837    5.8697    5.8736    5.9793    5.9901    6.2207    6.2282    6.3696    6.3768    6.8505    6.8830    7.1100    7.1159    7.1450    7.1481    7.2938    7.3387    7.5507    7.5615    7.6891    7.7214    7.8156    7.8285    8.2859    8.3295    8.3659    8.4472    9.0181    9.0397    9.0494    9.0546    9.1515    9.1619    9.1653    9.1935    9.4135    9.4726    9.5298    9.5470    9.6287    9.6438    9.7335    9.7419    9.9624   10.0075   10.6022   10.6972   10.8749   10.8756   10.9394   10.9519
  0.3130  -24.4327  -24.4326  -24.4294  -24.4293  -24.4012  -24.4012  -24.4009  -24.4008  -21.4815  -21.4813  -21.4762  -21.4756  -21.4552  -21.4549  -21.4518  -21.4517  -21.4355  -21.4349  -21.4310  -21.4307  -11.9621  -11.9600  -10.7182  -10.7149   -8.4542   -8.4387   -7.4760   -7.4604   -3.4849   -3.2948   -2.4363   -2.2859   -1.8843   -1.7242   -1.4929   -1.4641   -0.7394   -0.6691   -0.4772   -0.4429    0.5066    0.6731    0.6788    0.7943    1.7070    1.8071    2.0105    2.1942    2.5010    2.5165    2.7661    2.8111    3.6710    3.6835    3.9189    3.9213    4.7009    4.7048    4.9315    4.9678    5.4557    5.4809    5.9336    5.9346    5.9533    5.9638    6.1586    6.1681    6.3747    6.3879    6.9455    6.9888    6.9888    7.0016    7.1562    7.1624    7.2907    7.3137    7.6081    7.6282    7.7827    7.8003    7.8060    7.8164    8.1860    8.2348    8.3928    8.4532    9.0171    9.0288    9.0388    9.0479    9.0812    9.0904    9.1679    9.1820    9.4075    9.4385    9.4793    9.4910    9.6515    9.6700    9.7814    9.8064    9.8602    9.9141   10.6328   10.7471   10.9569   10.9601   11.0211   11.0265
  0.3354  -24.4327  -24.4327  -24.4294  -24.4293  -24.4012  -24.4012  -24.4009  -24.4009  -21.4816  -21.4815  -21.4761  -21.4756  -21.4552  -21.4549  -21.4517  -21.4516  -21.4355  -21.4351  -21.4309  -21.4306  -11.9756  -11.9739  -10.6817  -10.6790   -8.4909   -8.4785   -7.4703   -7.4577   -3.4716   -3.3156   -2.4418   -2.3172   -1.8263   -1.7036   -1.5157   -1.4932   -0.6668   -0.5434   -0.4569   -0.4013    0.4085    0.5853    0.7053    0.8010    1.7001    1.7660    2.0045    2.1537    2.5195    2.5243    2.7673    2.8024    3.6495    3.6625    3.8997    3.9020    4.6955    4.6975    4.9026    4.9352    5.5424    5.5732    5.9284    5.9378    5.9862    5.9916    6.1039    6.1145    6.4001    6.4146    6.8658    6.8812    7.0516    7.1059    7.1689    7.1810    7.2515    7.2581    7.6269    7.6478    7.8599    7.8677    7.8779    7.8971    8.0924    8.1409    8.4111    8.4505    8.9528    8.9608    8.9889    8.9938    9.0630    9.0749    9.1650    9.1733    9.3961    9.4007    9.4333    9.4416    9.6840    9.7147    9.7447    9.7983    9.9223    9.9503   10.6487   10.7774   11.0200   11.0231   11.0363   11.0461
  0.3577  -24.4328  -24.4327  -24.4293  -24.4293  -24.4012  -24.4011  -24.4009  -24.4009  -21.4817  -21.4816  -21.4760  -21.4756  -21.4552  -21.4550  -21.4516  -21.4516  -21.4355  -21.4352  -21.4308  -21.4306  -11.9860  -11.9847  -10.6518  -10.6498   -8.5206   -8.5113   -7.4655   -7.4561   -3.4557   -3.3363   -2.4421   -2.3459   -1.7788   -1.6904   -1.5332   -1.5167   -0.6006   -0.4760   -0.3844   -0.3505    0.3082    0.4828    0.7297    0.8034    1.6942    1.7351    2.0039    2.1172    2.5367    2.5380    2.7690    2.7948    3.6329    3.6448    3.8845    3.8864    4.6899    4.6908    4.8785    4.9051    5.6208    5.6538    5.9056    5.9128    6.0321    6.0453    6.0627    6.0725    6.4397    6.4492    6.7561    6.7743    7.1448    7.1723    7.1767    7.1792    7.2197    7.2309    7.6474    7.6619    7.9000    7.9080    7.9580    7.9792    8.0626    8.0787    8.4240    8.4443    8.8452    8.8497    8.9387    8.9404    9.0771    9.0902    9.1613    9.1670    9.3551    9.3582    9.3935    9.4006    9.6281    9.6746    9.7740    9.8261   10.0653   10.0972   10.6425   10.7725   11.0198   11.0262   11.1088   11.1488
  0.3801  -24.4328  -24.4328  -24.4293  -24.4292  -24.4011  -24.4011  -24.4010  -24.4009  -21.4817  -21.4817  -21.4759  -21.4756  -21.4552  -21.4550  -21.4516  -21.4515  -21.4355  -21.4352  -21.4307  -21.4306  -11.9934  -11.9926  -10.6297  -10.6283   -8.5422   -8.5360   -7.4617   -7.4554   -3.4379   -3.3571   -2.4372   -2.3717   -1.7417   -1.6847   -1.5452   -1.5343   -0.5468   -0.4668   -0.2880   -0.2683    0.2149    0.3712    0.7513    0.8015    1.6898    1.7132    2.0089    2.0852    2.5501    2.5534    2.7714    2.7883    3.6216    3.6307    3.8734    3.8749    4.6851    4.6855    4.8610    4.8799    5.6849    5.7138    5.8866    5.8912    6.0360    6.0432    6.0808    6.0984    6.4637    6.4650    6.6874    6.7103    7.0761    7.0860    7.1805    7.1894    7.3177    7.3566    7.6719    7.6810    7.8062    7.8459    8.0587    8.0804    8.0994    8.1087    8.4381    8.4412    8.7287    8.7331    8.8976    8.9003    9.1083    9.1158    9.1581    9.1618    9.3141    9.3177    9.3584    9.3666    9.5245    9.5581    9.8868    9.9520   10.1951   10.2303   10.6123   10.7215   11.0244   11.0333   11.1732   11.1923
  0.4024  -24.4328  -24.4328  -24.4292  -24.4292  -24.4011  -24.4010  -24.4010  -24.4010  -21.4818  -21.4817  -21.4758  -21.4757  -21.4551  -21.4551  -21.4515  -21.4515  -21.4354  -21.4353  -21.4307  -21.4306  -11.9978  -11.9974  -10.6159  -10.6152   -8.5549   -8.5518   -7.4589   -7.4557   -3.4186   -3.3779   -2.4273   -2.3941   -1.7145   -1.6865   -1.5514   -1.5460   -0.5081   -0.4703   -0.2184   -0.1776    0.1524    0.2596    0.7698    0.7952    1.6883    1.6988    2.0196    2.0580    2.5606    2.5631    2.7744    2.7828    3.6159    3.6209    3.8669    3.8676    4.6820    4.6821    4.8518    4.8616    5.7291    5.7461    5.8742    5.8763    6.0221    6.0258    6.1340    6.1480    6.4321    6.4380    6.6944    6.7133    6.9909    7.0009    7.1925    7.1955    7.4369    7.4814    7.6915    7.6922    7.6960    7.7380    8.1402    8.1427    8.1482    8.1593    8.4534    8.4626    8.6192    8.6261    8.8726    8.8744    9.1490    9.1495    9.1564    9.1582    9.2870    9.2891    9.3239    9.3341    9.4540    9.4696    9.9910   10.0418   10.3084   10.3349   10.5678   10.6326   11.0324   11.0399   11.1840   11.1999
  0.4248  -24.4328  -24.4328  -24.4292  -24.4292  -24.4011  -24.4011  -24.4010  -24.4010  -21.4817  -21.4817  -21.4758  -21.4758  -21.4551  -21.4551  -21.4515  -21.4515  -21.4354  -21.4354  -21.4306  -21.4306  -11.9991  -11.9991  -10.6111  -10.6111   -8.5582   -8.5582   -7.4568   -7.4568   -3.3985   -3.3985   -2.4128   -2.4128   -1.6963   -1.6963   -1.5517   -1.5517   -0.4835   -0.4835   -0.1639   -0.1639    0.1697    0.1697    0.7845    0.7845    1.6909    1.6909    2.0361    2.0361    2.5655    2.5655    2.7781    2.7781    3.6157    3.6157    3.8649    3.8649    4.6809    4.6809    4.8519    4.8520    5.7502    5.7502    5.8704    5.8704    6.0189    6.0189    6.1677    6.1677    6.4083    6.4083    6.7243    6.7243    6.9557    6.9558    7.1968    7.1968    7.5476    7.5477    7.6295    7.6295    7.7002    7.7002    8.1596    8.1596    8.1839    8.1840    8.4850    8.4850    8.5594    8.5594    8.8649    8.8649    9.1564    9.1564    9.1723    9.1724    9.2783    9.2783    9.3073    9.3074    9.4339    9.4339   10.0539   10.0539   10.3779   10.3779   10.5548   10.5548   11.0397   11.0403   11.1899   11.1918
  0.4248  -24.4328  -24.4328  -24.4292  -24.4292  -24.4011  -24.4011  -24.4010  -24.4010  -21.4817  -21.4817  -21.4758  -21.4758  -21.4551  -21.4551  -21.4515  -21.4515  -21.4354  -21.4354  -21.4306  -21.4306  -11.9991  -11.9991  -10.6111  -10.6111   -8.5582   -8.5582   -7.4568   -7.4568   -3.3985   -3.3985   -2.4128   -2.4128   -1.6963   -1.6963   -1.5517   -1.5517   -0.4835   -0.4835   -0.1639   -0.1639    0.1697    0.1697    0.7845    0.7845    1.6909    1.6909    2.0361    2.0361    2.5655    2.5655    2.7781    2.7781    3.6157    3.6157    3.8649    3.8649    4.6809    4.6809    4.8519    4.8520    5.7502    5.7502    5.8704    5.8704    6.0189    6.0189    6.1677    6.1677    6.4083    6.4083    6.7243    6.7243    6.9557    6.9558    7.1968    7.1968    7.5476    7.5477    7.6295    7.6295    7.7002    7.7002    8.1596    8.1596    8.1839    8.1840    8.4850    8.4850    8.5594    8.5594    8.8649    8.8649    9.1564    9.1564    9.1723    9.1724    9.2783    9.2783    9.3073    9.3074    9.4339    9.4339   10.0539   10.0539   10.3779   10.3779   10.5548   10.5548   11.0396   11.0398   11.1899   11.1903
  0.4683  -24.4328  -24.4328  -24.4295  -24.4290  -24.4012  -24.4011  -24.4009  -24.4009  -21.4818  -21.4817  -21.4762  -21.4752  -21.4555  -21.4548  -21.4516  -21.4515  -21.4355  -21.4353  -21.4307  -21.4306  -11.9938  -11.9930  -10.6133  -10.6121   -8.5604   -8.5508   -7.4624   -7.4558   -3.4387   -3.3608   -2.4646   -2.3741   -1.7518   -1.6799   -1.5629   -1.5513   -0.5819   -0.4616   -0.3017   -0.2029    0.2270    0.3573    0.7737    0.8544    1.6864    1.7067    1.9911    2.0756    2.5475    2.5666    2.7285    2.8082    3.6210    3.6299    3.8726    3.8745    4.6860    4.6901    4.8600    4.8765    5.7392    5.7759    5.8848    5.8894    6.0342    6.0409    6.1399    6.1560    6.4355    6.4431    6.6977    6.7169    6.9989    7.0099    7.0659    7.1095    7.4911    7.5368    7.6667    7.6712    7.7224    7.7631    8.1000    8.1126    8.1478    8.1633    8.4540    8.4658    8.6194    8.6281    8.8869    8.9197    9.0294    9.0369    9.1689    9.1791    9.3511    9.3665    9.4154    9.4349    9.4684    9.4848    9.9235    9.9814   10.2527   10.3311   10.4947   10.5716   10.9643   10.9975   11.0862   11.0926
  0.5118  -24.4328  -24.4327  -24.4297  -24.4288  -24.4013  -24.4011  -24.4009  -24.4008  -21.4817  -21.4815  -21.4766  -21.4747  -21.4559  -21.4545  -21.4517  -21.4516  -21.4355  -21.4351  -21.4308  -21.4306  -11.9769  -11.9754  -10.6187  -10.6164   -8.5577   -8.5387   -7.4725   -7.4595   -3.4793   -3.3267   -2.5263   -2.3530   -1.8512   -1.6994   -1.5842   -1.5551   -0.7126   -0.6216   -0.3843   -0.2881    0.4225    0.5906    0.8193    0.9752    1.6847    1.7413    1.9432    2.1089    2.5180    2.5626    2.6654    2.8185    3.6467    3.6602    3.8969    3.9003    4.7056    4.7162    4.8974    4.9263    5.7314    5.7928    5.9233    5.9324    6.0942    6.1050    6.1151    6.1418    6.4755    6.4807    6.7120    6.7383    6.8588    6.9016    7.0882    7.1025    7.4626    7.4891    7.5975    7.6027    7.8311    7.8459    8.0443    8.0755    8.0783    8.0913    8.4133    8.4297    8.7208    8.7309    8.9462    8.9508    8.9583    8.9884    9.2138    9.2216    9.4033    9.4557    9.4751    9.4954    9.5878    9.6190    9.7658    9.9094   10.1252   10.1874   10.4176   10.5067   10.8393   10.8445   10.9080   10.9228
  0.5553  -24.4327  -24.4326  -24.4299  -24.4286  -24.4014  -24.4012  -24.4008  -24.4008  -21.4815  -21.4812  -21.4769  -21.4741  -21.4563  -21.4543  -21.4519  -21.4517  -21.4355  -21.4349  -21.4309  -21.4306  -11.9487  -11.9464  -10.6269  -10.6234   -8.5508   -8.5229   -7.4879   -7.4685   -3.5182   -3.2965   -2.5958   -2.3544   -1.9949   -1.7560   -1.6089   -1.5528   -0.8652   -0.8309   -0.4174   -0.3653    0.6315    0.7840    0.9081    1.1312    1.6780    1.8075    1.8967    2.1359    2.4929    2.5756    2.6020    2.8139    3.6910    3.7040    3.9362    3.9407    4.7422    4.7630    4.9531    4.9879    5.7049    5.7713    5.9696    5.9807    6.1152    6.1469    6.1974    6.2080    6.4855    6.5210    6.6694    6.6994    6.8069    6.8344    7.1330    7.1500    7.4201    7.4471    7.5635    7.5735    7.7091    7.7400    7.9892    8.0015    8.1735    8.2249    8.3306    8.3531    8.7695    8.7921    8.9639    8.9830    8.9947    9.0230    9.1931    9.2375    9.3194    9.3251    9.5726    9.6132    9.7561    9.7725    9.8043    9.9217    9.9856   10.0838   10.4555   10.4836   10.5971   10.6202   10.6203   10.6323
  0.5988  -24.4325  -24.4324  -24.4302  -24.4284  -24.4015  -24.4013  -24.4008  -24.4007  -21.4813  -21.4808  -21.4772  -21.4735  -21.4567  -21.4541  -21.4521  -21.4519  -21.4354  -21.4346  -21.4310  -21.4306  -11.9094  -11.9063  -10.6371  -10.6327   -8.5409   -8.5048   -7.5092   -7.4839   -3.5528   -3.2690   -2.6702   -2.3795   -2.1739   -1.8541   -1.6287   -1.5385   -1.0787   -0.9423   -0.4599   -0.4361    0.8091    0.8977    1.0189    1.3010    1.6743    1.8588    1.9214    2.1542    2.4878    2.5589    2.6203    2.8034    3.7505    3.7601    3.9887    3.9943    4.7972    4.8312    5.0157    5.0491    5.6600    5.7232    6.0118    6.0237    6.1055    6.1324    6.2568    6.2731    6.5243    6.6089    6.6096    6.6163    6.9302    6.9614    7.0734    7.0927    7.3593    7.4039    7.5744    7.6005    7.6385    7.6558    7.9021    7.9141    8.2179    8.2461    8.3406    8.3839    8.6045    8.6448    8.9919    9.0204    9.0323    9.0822    9.1827    9.2054    9.4519    9.4659    9.6384    9.6501    9.6890    9.7131    9.8879    9.9260    9.9675   10.0857   10.3088   10.3679   10.5117   10.5578   10.5714   10.6272
  0.6423  -24.4324  -24.4322  -24.4303  -24.4282  -24.4016  -24.4013  -24.4007  -24.4006  -21.4810  -21.4804  -21.4774  -21.4730  -21.4572  -21.4540  -21.4524  -21.4521  -21.4352  -21.4343  -21.4311  -21.4307  -11.8591  -11.8553  -10.6486  -10.6435   -8.5298   -8.4864   -7.5379   -7.5069   -3.5812   -3.2425   -2.7457   -2.4238   -2.3734   -1.9943   -1.6384   -1.5129   -1.2585   -1.0384   -0.5129   -0.4986    0.9065    0.9351    1.1276    1.4571    1.7014    1.8408    2.0822    2.1595    2.5090    2.5612    2.6949    2.7989    3.8211    3.8278    4.0530    4.0602    4.8689    4.9182    5.0769    5.1033    5.6100    5.6709    6.0165    6.0298    6.0694    6.0897    6.2272    6.2428    6.5708    6.7067    6.7152    6.7553    6.9322    6.9777    7.0857    7.1058    7.2823    7.3398    7.5062    7.5284    7.7578    7.7897    7.8290    7.8492    8.0925    8.1143    8.4154    8.4534    8.4814    8.5124    8.9794    9.0185    9.0451    9.1137    9.2987    9.3198    9.4923    9.5305    9.5401    9.5642    9.6851    9.7383    9.8609    9.8850   10.0347   10.0703   10.1530   10.2934   10.5486   10.6150   10.6954   10.7625
  0.6858  -24.4322  -24.4320  -24.4305  -24.4281  -24.4016  -24.4014  -24.4007  -24.4005  -21.4806  -21.4799  -21.4776  -21.4725  -21.4575  -21.4539  -21.4527  -21.4524  -21.4350  -21.4340  -21.4312  -21.4308  -11.7982  -11.7938  -10.6607  -10.6551   -8.5190   -8.4696   -7.5750   -7.5392   -3.6017   -3.2147   -2.8176   -2.5781   -2.4781   -2.1657   -1.6384   -1.4817   -1.4041   -1.1310   -0.5694   -0.5574    0.8745    0.9562    1.2152    1.5658    1.7777    1.8562    2.1572    2.2633    2.5524    2.6164    2.7864    2.8154    3.8979    3.9049    4.1280    4.1375    4.9522    5.0178    5.1336    5.1494    5.5647    5.6254    5.9586    5.9726    6.0190    6.0367    6.2644    6.2747    6.5485    6.6731    6.8193    6.8437    6.8717    6.9036    7.2079    7.2346    7.2827    7.3190    7.5159    7.5345    7.7380    7.7575    7.8545    7.9003    8.0613    8.0692    8.3533    8.3824    8.5509    8.5731    8.9435    8.9770    8.9786    8.9998    9.3626    9.3931    9.4808    9.5169    9.5218    9.5289    9.7426    9.7485    9.8379    9.8720   10.1246   10.1291   10.1488   10.2590   10.6685   10.7145   10.7340   10.7806
  0.7293  -24.4320  -24.4318  -24.4307  -24.4280  -24.4017  -24.4014  -24.4006  -24.4005  -21.4802  -21.4794  -21.4778  -21.4721  -21.4578  -21.4539  -21.4530  -21.4527  -21.4348  -21.4337  -21.4313  -21.4308  -11.7273  -11.7223  -10.6726  -10.6666   -8.5102   -8.4562   -7.6222   -7.5824   -3.6135   -3.1838   -2.8817   -2.7758   -2.5313   -2.3497   -1.6326   -1.5272   -1.4520   -1.2256   -0.6256   -0.6193    0.8036    0.9310    1.2764    1.6154    1.8835    1.8958    2.1655    2.4322    2.6109    2.6960    2.8695    2.8789    3.9778    3.9860    4.2123    4.2253    5.0385    5.1203    5.1862    5.1940    5.5296    5.5917    5.9114    5.9261    5.9651    5.9846    6.3496    6.3603    6.4529    6.5332    6.7275    6.7848    6.7937    6.8319    7.3400    7.3860    7.4185    7.4321    7.5856    7.6102    7.7254    7.7500    7.8183    7.8615    8.1746    8.2092    8.3517    8.3688    8.5022    8.5215    8.8388    8.8652    9.0445    9.0567    9.1827    9.1936    9.4997    9.5011    9.6050    9.6402    9.7949    9.8220    9.9886   10.0131   10.1260   10.1396   10.1614   10.2345   10.5416   10.5642   10.6266   10.7003
  0.7728  -24.4317  -24.4316  -24.4308  -24.4280  -24.4017  -24.4014  -24.4006  -24.4005  -21.4798  -21.4789  -21.4779  -21.4719  -21.4580  -21.4538  -21.4533  -21.4529  -21.4345  -21.4334  -21.4314  -21.4309  -11.6470  -11.6415  -10.6837  -10.6774   -8.5046   -8.4477   -7.6805   -7.6379   -3.6166   -3.1501   -2.9576   -2.9335   -2.5732   -2.5296   -1.6385   -1.6258   -1.4302   -1.3233   -0.6919   -0.6810    0.7282    0.8883    1.3184    1.6367    1.9248    1.9880    2.1913    2.5610    2.6805    2.7638    2.9558    2.9576    4.0561    4.0698    4.3048    4.3226    5.1159    5.2127    5.2351    5.2519    5.5080    5.5715    5.9144    5.9170    5.9258    5.9412    6.3170    6.3625    6.4540    6.4681    6.6159    6.6539    6.7112    6.7504    7.4491    7.4944    7.5360    7.5674    7.7064    7.7367    7.7728    7.7925    7.8264    7.8453    8.1676    8.2475    8.4093    8.4099    8.4315    8.4333    8.8298    8.8992    8.9745    9.0130    9.1545    9.1998    9.4972    9.5135    9.6226    9.7015    9.9224    9.9402   10.0438   10.0574   10.0717   10.0861   10.2249   10.2342   10.2422   10.2644   10.5335   10.6002
  0.8163  -24.4315  -24.4313  -24.4309  -24.4280  -24.4017  -24.4015  -24.4006  -24.4005  -21.4794  -21.4784  -21.4780  -21.4718  -21.4581  -21.4538  -21.4536  -21.4532  -21.4342  -21.4330  -21.4315  -21.4310  -11.5580  -11.5522  -10.6934  -10.6870   -8.5033   -8.4451   -7.7507   -7.7068   -3.6117   -3.1195   -3.1172   -2.9652   -2.6946   -2.5949   -1.7436   -1.6219   -1.4229   -1.4206   -0.7706   -0.7484    0.6667    0.8512    1.3512    1.6581    1.9367    2.0724    2.2209    2.6353    2.7538    2.8055    3.0125    3.0278    4.1333    4.1592    4.4050    4.4286    5.1687    5.2784    5.2892    5.3178    5.4991    5.5634    5.8886    5.9157    5.9706    5.9750    6.1621    6.2003    6.5452    6.5505    6.5694    6.6037    6.6848    6.7156    7.4950    7.5176    7.5957    7.6327    7.7759    7.7967    7.8215    7.8310    7.8691    7.9323    8.0746    8.1623    8.3773    8.4191    8.5459    8.5756    8.7308    8.7420    9.0620    9.1548    9.2473    9.3038    9.5068    9.5444    9.5478    9.6149    9.8746    9.8799    9.9832   10.0281   10.0346   10.0482   10.0821   10.1020   10.2312   10.2498   10.4447   10.4521
  0.8598  -24.4312  -24.4311  -24.4309  -24.4280  -24.4018  -24.4015  -24.4006  -24.4005  -21.4790  -21.4781  -21.4779  -21.4719  -21.4581  -21.4539  -21.4538  -21.4535  -21.4338  -21.4327  -21.4316  -21.4310  -11.4616  -11.4556  -10.7014  -10.6951   -8.5065   -8.4488   -7.8331   -7.7894   -3.6006   -3.2504   -3.1100   -2.9586   -2.8383   -2.5906   -1.8447   -1.6225   -1.5228   -1.4249   -0.8588   -0.8285    0.6292    0.8307    1.3801    1.6906    1.9418    2.1284    2.2432    2.6632    2.8100    2.8124    3.0413    3.0417    4.2185    4.2585    4.5117    4.5417    5.1784    5.2930    5.3413    5.3761    5.4960    5.5604    5.8943    5.9268    6.0607    6.0643    6.0787    6.0965    6.5330    6.5730    6.5971    6.6355    6.8048    6.8113    7.4629    7.4983    7.5457    7.5648    7.7598    7.7659    7.8085    7.8164    7.9580    7.9743    8.2038    8.2867    8.3978    8.4091    8.4361    8.4434    8.8727    8.9129    9.1455    9.1903    9.1931    9.2753    9.4724    9.4884    9.5297    9.5392    9.7807    9.8026    9.9213    9.9612    9.9612    9.9739   10.0010   10.0123   10.1659   10.1823   10.3737   10.3851
  0.9033  -24.4310  -24.4309  -24.4308  -24.4281  -24.4017  -24.4015  -24.4006  -24.4005  -21.4786  -21.4781  -21.4775  -21.4721  -21.4579  -21.4542  -21.4538  -21.4537  -21.4334  -21.4324  -21.4316  -21.4311  -11.3591  -11.3530  -10.7076  -10.7015   -8.5140   -8.4586   -7.9267   -7.8848   -3.5849   -3.3551   -3.1276   -2.9580   -2.9087   -2.5588   -1.9417   -1.6270   -1.6214   -1.4421   -0.9542   -0.9214    0.6192    0.8302    1.4038    1.7307    1.9470    2.1541    2.2554    2.6499    2.7753    2.8535    2.9850    3.0489    4.3186    4.3717    4.6208    4.6582    5.1341    5.2349    5.3793    5.4125    5.4964    5.5557    5.9220    5.9762    6.0742    6.1035    6.1910    6.2115    6.5453    6.5940    6.6806    6.7282    6.9620    6.9883    7.3436    7.4015    7.4388    7.4428    7.6731    7.7073    7.7882    7.8146    8.1440    8.1696    8.1705    8.1953    8.3629    8.3835    8.4469    8.4864    8.9867    8.9900    9.0470    9.1242    9.1587    9.2194    9.2888    9.3307    9.5083    9.5567    9.8082    9.8148    9.8152    9.8303    9.9311    9.9438   10.0549   10.0646   10.0953   10.1130   10.4322   10.4676
  0.9468  -24.4309  -24.4307  -24.4306  -24.4283  -24.4017  -24.4014  -24.4007  -24.4005  -21.4783  -21.4782  -21.4772  -21.4725  -21.4576  -21.4544  -21.4539  -21.4537  -21.4331  -21.4321  -21.4316  -21.4311  -11.2525  -11.2464  -10.7119  -10.7062   -8.5252   -8.4735   -8.0297   -7.9909   -3.5658   -3.4308   -3.1557   -3.0533   -2.8324   -2.5039   -2.0335   -1.7179   -1.6321   -1.4687   -1.0532   -1.0232    0.6348    0.8482    1.4150    1.7631    1.9492    2.1523    2.2597    2.6000    2.7182    2.8837    2.8845    3.0438    4.4327    4.4960    4.7255    4.7715    5.0464    5.1263    5.4076    5.4324    5.5042    5.5612    5.9552    5.9923    6.1999    6.2583    6.3245    6.3287    6.6363    6.6606    6.7939    6.8546    7.1170    7.1620    7.1747    7.2229    7.3541    7.3696    7.6384    7.6713    7.8054    7.8332    8.0348    8.0445    8.1708    8.1959    8.3944    8.4159    8.5050    8.5350    8.7896    8.8408    9.0237    9.0586    9.0982    9.1645    9.3407    9.3739    9.4586    9.4909    9.7738    9.7894    9.7954    9.8116    9.8899    9.9018   10.0866   10.1529   10.1905   10.1965   10.4483   10.4867
  0.9903  -24.4308  -24.4305  -24.4304  -24.4284  -24.4016  -24.4014  -24.4007  -24.4006  -21.4781  -21.4779  -21.4769  -21.4731  -21.4572  -21.4546  -21.4541  -21.4538  -21.4327  -21.4318  -21.4316  -21.4311  -11.1441  -11.1384  -10.7145  -10.7093   -8.5388   -8.4923   -8.1388   -8.1042   -3.5439   -3.4786   -3.1860   -3.1261   -2.7406   -2.4345   -2.1181   -1.8119   -1.6328   -1.4989   -1.1512   -1.1271    0.6715    0.8806    1.4003    1.7639    1.9337    2.1293    2.2658    2.5246    2.6515    2.8076    2.9069    3.0332    4.5482    4.6145    4.8254    4.8750    4.9417    5.0035    5.4496    5.4624    5.5246    5.5823    5.9888    6.0163    6.3545    6.3961    6.4250    6.4675    6.7858    6.8051    6.9034    6.9675    7.0149    7.0354    7.1614    7.1961    7.4237    7.4627    7.6026    7.6266    7.8132    7.8338    7.9534    7.9894    7.9960    8.0087    8.4329    8.4504    8.4877    8.5274    8.6865    8.7037    9.0173    9.0810    9.0968    9.1319    9.2700    9.2921    9.5077    9.5422    9.7630    9.7713    9.8371    9.8755    9.8947    9.8968   10.1697   10.1701   10.1878   10.2713   10.3663   10.3872
  1.0338  -24.4307  -24.4303  -24.4302  -24.4286  -24.4016  -24.4014  -24.4008  -24.4006  -21.4781  -21.4776  -21.4767  -21.4736  -21.4568  -21.4547  -21.4543  -21.4538  -21.4324  -21.4316  -21.4315  -21.4311  -11.0374  -11.0322  -10.7156  -10.7111   -8.5534   -8.5131   -8.2495   -8.2200   -3.5195   -3.5007   -3.2161   -3.1804   -2.6411   -2.3624   -2.1926   -1.9035   -1.6234   -1.5253   -1.2436   -1.2258    0.7235    0.9217    1.3462    1.6956    1.9171    2.0936    2.2601    2.4355    2.6114    2.8027    2.9249    3.0212    4.6371    4.6862    4.8405    4.8869    4.9469    4.9782    5.5286    5.5317    5.5575    5.6166    6.0232    6.0500    6.4289    6.4608    6.4621    6.6078    6.8569    6.8699    6.9529    7.0083    7.0132    7.0753    7.1696    7.1770    7.4645    7.4983    7.5488    7.5635    7.7927    7.8166    7.8480    7.8994    8.0935    8.1213    8.2666    8.2715    8.3680    8.3881    8.8541    8.9309    9.0284    9.0398    9.0765    9.1048    9.1548    9.1711    9.6588    9.7035    9.7073    9.7288    9.7402    9.8220    9.9287    9.9710   10.0199   10.1014   10.3542   10.4231   10.4495   10.4563
  1.0774  -24.4306  -24.4301  -24.4300  -24.4288  -24.4015  -24.4013  -24.4008  -24.4007  -21.4779  -21.4774  -21.4765  -21.4743  -21.4564  -21.4548  -21.4544  -21.4539  -21.4320  -21.4315  -21.4314  -21.4311  -10.9366  -10.9321  -10.7156  -10.7118   -8.5674   -8.5342   -8.3558   -8.3320   -3.5005   -3.4925   -3.2457   -3.2216   -2.5421   -2.3006   -2.2532   -1.9926   -1.6005   -1.5393   -1.3262   -1.3126    0.7848    0.9645    1.2530    1.5541    1.9268    2.0549    2.2142    2.3419    2.6567    2.8433    2.9387    3.0097    4.6709    4.6948    4.7537    4.7864    5.1092    5.1107    5.5997    5.6463    5.6481    5.6610    6.0525    6.0850    6.4338    6.4462    6.4535    6.5530    6.7679    6.8044    7.0949    7.0971    7.1381    7.1451    7.1785    7.2115    7.3654    7.3684    7.4853    7.5078    7.8122    7.8359    7.8467    7.8516    8.1495    8.2357    8.2373    8.2796    8.4151    8.4351    8.8841    8.9168    8.9500    8.9681    9.0592    9.0748    9.2272    9.2698    9.5445    9.6012    9.6833    9.7313    9.7948    9.8067    9.8506    9.9630   10.1234   10.2424   10.5038   10.5492   10.6162   10.6384
  1.1209  -24.4304  -24.4300  -24.4299  -24.4290  -24.4014  -24.4013  -24.4009  -24.4008  -21.4777  -21.4772  -21.4765  -21.4749  -21.4559  -21.4548  -21.4545  -21.4540  -21.4318  -21.4314  -21.4313  -21.4311  -10.8472  -10.8437  -10.7150  -10.7120   -8.5792   -8.5538   -8.4508   -8.4329   -3.4823   -3.4634   -3.2753   -3.2560   -2.4521   -2.2952   -2.2596   -2.0779   -1.5676   -1.5328   -1.3947   -1.3832    0.8496    1.0011    1.1424    1.3820    1.9512    2.0229    2.1584    2.2507    2.7517    2.8997    2.9495    2.9993    4.6607    4.6705    4.6862    4.7072    5.2767    5.2982    5.6461    5.7100    5.7906    5.7917    6.0625    6.1065    6.3908    6.4063    6.4209    6.4308    6.6955    6.7305    6.9634    6.9650    7.1073    7.1464    7.2080    7.2569    7.4664    7.4868    7.4901    7.5158    7.7000    7.7016    7.8788    7.8927    8.2606    8.3161    8.3431    8.3561    8.5724    8.5861    8.8710    8.8963    8.8964    8.9274    9.0134    9.0570    9.2172    9.2618    9.4953    9.5350    9.6552    9.6815    9.8138    9.8784    9.9525   10.1925   10.2158   10.3009   10.5623   10.6271   10.6472   10.6589
  1.1644  -24.4302  -24.4299  -24.4298  -24.4293  -24.4013  -24.4012  -24.4009  -24.4009  -21.4774  -21.4770  -21.4765  -21.4755  -21.4555  -21.4548  -21.4546  -21.4542  -21.4315  -21.4314  -21.4312  -21.4312  -10.7758  -10.7734  -10.7140  -10.7120   -8.5875   -8.5703   -8.5264   -8.5144   -3.4507   -3.4324   -3.3054   -3.2898   -2.3771   -2.3143   -2.2438   -2.1568   -1.5339   -1.5070   -1.4448   -1.4358    0.9123    1.0237    1.0467    1.2158    1.9810    2.0067    2.1126    2.1671    2.8509    2.9508    2.9584    2.9901    4.6354    4.6393    4.6397    4.6513    5.4612    5.4968    5.6903    5.7527    5.9292    5.9397    6.0440    6.0947    6.3488    6.3523    6.3640    6.3918    6.6322    6.6572    6.7565    6.7596    7.0348    7.0623    7.1569    7.1594    7.5734    7.5863    7.5897    7.5935    7.7374    7.7561    7.9567    7.9681    8.3318    8.3406    8.3554    8.3827    8.5623    8.5745    8.7917    8.7978    8.9774    8.9892    9.1763    9.2042    9.2150    9.2474    9.4878    9.5308    9.6376    9.6760    9.8860   10.0267   10.0605   10.1296   10.3227   10.4190   10.5795   10.5857   10.6447   10.6834
  1.2079  -24.4300  -24.4298  -24.4298  -24.4295  -24.4012  -24.4011  -24.4010  -24.4010  -21.4771  -21.4768  -21.4765  -21.4761  -21.4551  -21.4548  -21.4547  -21.4545  -21.4314  -21.4313  -21.4312  -21.4312  -10.7291  -10.7278  -10.7131  -10.7121   -8.5912   -8.5825   -8.5747   -8.5687   -3.4109   -3.4004   -3.3363   -3.3270   -2.3191   -2.3081   -2.2511   -2.2249   -1.5024   -1.4842   -1.4742   -1.4692    0.9666    0.9952    1.0262    1.0836    2.0119    2.0126    2.0757    2.0962    2.9295    2.9663    2.9796    2.9817    4.6137    4.6142    4.6157    4.6185    5.6406    5.6808    5.7266    5.7698    6.0084    6.0258    6.0456    6.0624    6.3162    6.3287    6.3331    6.3348    6.6028    6.6185    6.6219    6.6381    6.9582    6.9738    7.0014    7.0178    7.6514    7.6521    7.6532    7.6589    7.9315    7.9495    8.0211    8.0337    8.3353    8.3368    8.3442    8.3450    8.4830    8.4916    8.5822    8.5857    9.1270    9.1342    9.2242    9.2530    9.4573    9.5084    9.5271    9.5374    9.7423    9.7591    9.8014    9.8925   10.1432   10.2297   10.2688   10.3443   10.5913   10.6397   10.6505   10.6870
  1.2514  -24.4298  -24.4298  -24.4298  -24.4298  -24.4011  -24.4011  -24.4011  -24.4011  -21.4766  -21.4766  -21.4766  -21.4766  -21.4548  -21.4548  -21.4548  -21.4548  -21.4312  -21.4312  -21.4312  -21.4312  -10.7124  -10.7124  -10.7124  -10.7124   -8.5896   -8.5896   -8.5896   -8.5896   -3.3682   -3.3682   -3.3682   -3.3682   -2.2771   -2.2771   -2.2771   -2.2771   -1.4822   -1.4822   -1.4822   -1.4822    1.0063    1.0063    1.0063    1.0063    2.0431    2.0431    2.0431    2.0431    2.9739    2.9739    2.9739    2.9739    4.6066    4.6066    4.6066    4.6066    5.7550    5.7550    5.7550    5.7550    6.0357    6.0357    6.0357    6.0357    6.3114    6.3114    6.3114    6.3114    6.6054    6.6054    6.6055    6.6055    6.9310    6.9310    6.9311    6.9311    7.6848    7.6848    7.6848    7.6848    8.0532    8.0532    8.0533    8.0533    8.3419    8.3419    8.3419    8.3419    8.4423    8.4423    8.4424    8.4424    9.2420    9.2420    9.2421    9.2421    9.5207    9.5207    9.5207    9.5207    9.9177    9.9177    9.9177    9.9177   10.1252   10.1252   10.1252   10.1252   10.6761   10.6762   10.6762   10.6762
  1.2514  -24.4298  -24.4298  -24.4298  -24.4298  -24.4011  -24.4011  -24.4011  -24.4011  -21.4766  -21.4766  -21.4766  -21.4766  -21.4548  -21.4548  -21.4548  -21.4548  -21.4312  -21.4312  -21.4312  -21.4312  -10.7124  -10.7124  -10.7124  -10.7124   -8.5896   -8.5896   -8.5896   -8.5896   -3.3682   -3.3682   -3.3682   -3.3682   -2.2771   -2.2771   -2.2771   -2.2771   -1.4822   -1.4822   -1.4822   -1.4822    1.0063    1.0063    1.0063    1.0063    2.0431    2.0431    2.0431    2.0431    2.9739    2.9739    2.9739    2.9739    4.6066    4.6066    4.6066    4.6066    5.7550    5.7550    5.7550    5.7550    6.0357    6.0357    6.0357    6.0357    6.3114    6.3114    6.3114    6.3114    6.6054    6.6054    6.6055    6.6055    6.9310    6.9310    6.9311    6.9311    7.6848    7.6848    7.6848    7.6848    8.0532    8.0532    8.0533    8.0533    8.3419    8.3419    8.3419    8.3419    8.4423    8.4423    8.4424    8.4424    9.2420    9.2420    9.2421    9.2421    9.5207    9.5207    9.5207    9.5207    9.9177    9.9177    9.9177    9.9177   10.1252   10.1252   10.1252   10.1252   10.6761   10.6762   10.6762   10.6763
  1.2949  -24.4300  -24.4298  -24.4298  -24.4295  -24.4012  -24.4011  -24.4010  -24.4010  -21.4771  -21.4768  -21.4765  -21.4761  -21.4551  -21.4548  -21.4547  -21.4545  -21.4314  -21.4313  -21.4312  -21.4312  -10.7291  -10.7278  -10.7131  -10.7121   -8.5912   -8.5825   -8.5747   -8.5687   -3.4109   -3.4004   -3.3363   -3.3270   -2.3191   -2.3081   -2.2511   -2.2249   -1.5024   -1.4842   -1.4742   -1.4692    0.9666    0.9952    1.0262    1.0836    2.0119    2.0126    2.0757    2.0962    2.9295    2.9663    2.9796    2.9817    4.6137    4.6142    4.6157    4.6185    5.6406    5.6808    5.7266    5.7698    6.0084    6.0258    6.0456    6.0624    6.3162    6.3287    6.3331    6.3348    6.6028    6.6185    6.6219    6.6381    6.9582    6.9738    7.0014    7.0178    7.6514    7.6521    7.6532    7.6589    7.9315    7.9495    8.0211    8.0337    8.3353    8.3368    8.3442    8.3450    8.4830    8.4916    8.5822    8.5857    9.1270    9.1342    9.2242    9.2530    9.4573    9.5084    9.5271    9.5374    9.7423    9.7591    9.8014    9.8925   10.1432   10.2297   10.2688   10.3443   10.5913   10.6397   10.6505   10.6870
  1.3384  -24.4302  -24.4299  -24.4298  -24.4293  -24.4013  -24.4012  -24.4009  -24.4009  -21.4774  -21.4770  -21.4765  -21.4755  -21.4555  -21.4548  -21.4546  -21.4542  -21.4315  -21.4314  -21.4312  -21.4312  -10.7758  -10.7734  -10.7140  -10.7120   -8.5875   -8.5703   -8.5264   -8.5144   -3.4507   -3.4324   -3.3054   -3.2898   -2.3771   -2.3143   -2.2438   -2.1568   -1.5339   -1.5070   -1.4448   -1.4358    0.9123    1.0237    1.0467    1.2158    1.9810    2.0067    2.1126    2.1671    2.8509    2.9508    2.9584    2.9901    4.6354    4.6393    4.6397    4.6513    5.4612    5.4968    5.6903    5.7527    5.9292    5.9397    6.0440    6.0947    6.3488    6.3523    6.3640    6.3918    6.6322    6.6572    6.7565    6.7596    7.0348    7.0623    7.1569    7.1594    7.5734    7.5863    7.5897    7.5935    7.7374    7.7561    7.9567    7.9681    8.3318    8.3406    8.3554    8.3827    8.5623    8.5745    8.7917    8.7978    8.9774    8.9892    9.1763    9.2042    9.2150    9.2474    9.4878    9.5308    9.6376    9.6760    9.8860   10.0267   10.0605   10.1296   10.3227   10.4190   10.5795   10.5857   10.6447   10.6834
  1.3819  -24.4304  -24.4300  -24.4299  -24.4290  -24.4014  -24.4013  -24.4009  -24.4008  -21.4777  -21.4772  -21.4765  -21.4749  -21.4559  -21.4548  -21.4545  -21.4540  -21.4318  -21.4314  -21.4313  -21.4311  -10.8472  -10.8437  -10.7150  -10.7120   -8.5792   -8.5538   -8.4508   -8.4329   -3.4823   -3.4634   -3.2753   -3.2560   -2.4521   -2.2952   -2.2596   -2.0779   -1.5676   -1.5328   -1.3947   -1.3832    0.8496    1.0011    1.1424    1.3820    1.9512    2.0229    2.1584    2.2507    2.7517    2.8997    2.9495    2.9993    4.6607    4.6705    4.6862    4.7072    5.2767    5.2982    5.6461    5.7100    5.7906    5.7917    6.0625    6.1065    6.3908    6.4063    6.4209    6.4308    6.6955    6.7305    6.9634    6.9650    7.1073    7.1464    7.2080    7.2569    7.4664    7.4868    7.4901    7.5158    7.7000    7.7016    7.8788    7.8927    8.2606    8.3161    8.3431    8.3561    8.5724    8.5861    8.8710    8.8963    8.8964    8.9274    9.0134    9.0570    9.2172    9.2618    9.4953    9.5350    9.6552    9.6815    9.8138    9.8784    9.9525   10.1925   10.2158   10.3009   10.5623   10.6271   10.6472   10.6590
  1.4254  -24.4306  -24.4301  -24.4300  -24.4288  -24.4015  -24.4013  -24.4008  -24.4007  -21.4779  -21.4774  -21.4765  -21.4743  -21.4564  -21.4548  -21.4544  -21.4539  -21.4320  -21.4315  -21.4314  -21.4311  -10.9366  -10.9321  -10.7156  -10.7118   -8.5674   -8.5342   -8.3558   -8.3320   -3.5005   -3.4925   -3.2457   -3.2216   -2.5421   -2.3006   -2.2532   -1.9926   -1.6005   -1.5393   -1.3262   -1.3126    0.7848    0.9645    1.2530    1.5541    1.9268    2.0549    2.2142    2.3419    2.6567    2.8433    2.9387    3.0097    4.6709    4.6948    4.7537    4.7864    5.1092    5.1107    5.5997    5.6463    5.6481    5.6610    6.0525    6.0850    6.4338    6.4462    6.4535    6.5530    6.7679    6.8044    7.0949    7.0971    7.1381    7.1451    7.1785    7.2115    7.3654    7.3684    7.4853    7.5078    7.8122    7.8359    7.8467    7.8516    8.1495    8.2357    8.2373    8.2796    8.4151    8.4351    8.8841    8.9168    8.9500    8.9681    9.0592    9.0748    9.2272    9.2698    9.5445    9.6012    9.6833    9.7313    9.7948    9.8067    9.8506    9.9630   10.1234   10.2424   10.5038   10.5489   10.6160   10.6362
  1.4689  -24.4307  -24.4303  -24.4302  -24.4286  -24.4016  -24.4014  -24.4008  -24.4006  -21.4781  -21.4776  -21.4767  -21.4736  -21.4568  -21.4547  -21.4543  -21.4538  -21.4324  -21.4316  -21.4315  -21.4311  -11.0374  -11.0322  -10.7156  -10.7111   -8.5534   -8.5131   -8.2495   -8.2200   -3.5195   -3.5007   -3.2161   -3.1804   -2.6411   -2.3624   -2.1926   -1.9035   -1.6234   -1.5253   -1.2436   -1.2258    0.7235    0.9217    1.3462    1.6956    1.9171    2.0936    2.2601    2.4355    2.6114    2.8027    2.9249    3.0212    4.6371    4.6862    4.8405    4.8869    4.9469    4.9782    5.5286    5.5317    5.5575    5.6166    6.0232    6.0500    6.4289    6.4608    6.4621    6.6078    6.8569    6.8699    6.9529    7.0083    7.0132    7.0753    7.1696    7.1770    7.4645    7.4983    7.5488    7.5635    7.7927    7.8166    7.8480    7.8994    8.0935    8.1213    8.2666    8.2715    8.3680    8.3881    8.8541    8.9309    9.0284    9.0398    9.0765    9.1048    9.1548    9.1711    9.6588    9.7035    9.7073    9.7288    9.7402    9.8220    9.9287    9.9710   10.0199   10.1014   10.3542   10.4231   10.4495   10.4563
  1.5124  -24.4308  -24.4305  -24.4304  -24.4284  -24.4016  -24.4014  -24.4007  -24.4006  -21.4781  -21.4779  -21.4769  -21.4731  -21.4572  -21.4546  -21.4541  -21.4538  -21.4327  -21.4318  -21.4316  -21.4311  -11.1441  -11.1384  -10.7145  -10.7093   -8.5388   -8.4923   -8.1388   -8.1042   -3.5439   -3.4786   -3.1860   -3.1261   -2.7406   -2.4345   -2.1181   -1.8119   -1.6328   -1.4989   -1.1512   -1.1271    0.6715    0.8806    1.4003    1.7639    1.9337    2.1293    2.2658    2.5246    2.6515    2.8076    2.9069    3.0332    4.5482    4.6145    4.8254    4.8750    4.9417    5.0035    5.4496    5.4624    5.5246    5.5823    5.9888    6.0163    6.3545    6.3961    6.4250    6.4675    6.7858    6.8051    6.9034    6.9675    7.0149    7.0354    7.1614    7.1961    7.4237    7.4627    7.6026    7.6266    7.8132    7.8338    7.9534    7.9894    7.9960    8.0087    8.4329    8.4504    8.4877    8.5274    8.6865    8.7037    9.0173    9.0810    9.0968    9.1319    9.2700    9.2921    9.5077    9.5422    9.7630    9.7713    9.8371    9.8755    9.8947    9.8968   10.1697   10.1701   10.1878   10.2713   10.3663   10.3872
  1.5559  -24.4309  -24.4307  -24.4306  -24.4283  -24.4017  -24.4014  -24.4007  -24.4005  -21.4783  -21.4782  -21.4772  -21.4725  -21.4576  -21.4544  -21.4539  -21.4537  -21.4331  -21.4321  -21.4316  -21.4311  -11.2525  -11.2464  -10.7119  -10.7062   -8.5252   -8.4735   -8.0297   -7.9909   -3.5658   -3.4308   -3.1557   -3.0533   -2.8324   -2.5039   -2.0335   -1.7179   -1.6321   -1.4687   -1.0532   -1.0232    0.6348    0.8482    1.4150    1.7631    1.9492    2.1523    2.2597    2.6000    2.7182    2.8837    2.8845    3.0438    4.4327    4.4960    4.7255    4.7715    5.0464    5.1263    5.4076    5.4324    5.5042    5.5612    5.9552    5.9923    6.1999    6.2583    6.3245    6.3287    6.6363    6.6606    6.7939    6.8546    7.1170    7.1620    7.1747    7.2229    7.3541    7.3696    7.6384    7.6713    7.8054    7.8332    8.0348    8.0445    8.1708    8.1959    8.3944    8.4159    8.5050    8.5350    8.7896    8.8408    9.0237    9.0586    9.0982    9.1645    9.3407    9.3739    9.4586    9.4909    9.7738    9.7894    9.7954    9.8116    9.8899    9.9018   10.0866   10.1529   10.1905   10.1965   10.4483   10.4867
  1.5994  -24.4310  -24.4309  -24.4308  -24.4281  -24.4017  -24.4015  -24.4006  -24.4005  -21.4786  -21.4781  -21.4775  -21.4721  -21.4579  -21.4542  -21.4538  -21.4537  -21.4334  -21.4324  -21.4316  -21.4311  -11.3591  -11.3530  -10.7076  -10.7015   -8.5140   -8.4586   -7.9267   -7.8848   -3.5849   -3.3551   -3.1276   -2.9580   -2.9087   -2.5588   -1.9417   -1.6270   -1.6214   -1.4421   -0.9542   -0.9214    0.6192    0.8302    1.4038    1.7307    1.9470    2.1541    2.2554    2.6499    2.7753    2.8535    2.9850    3.0489    4.3186    4.3717    4.6208    4.6582    5.1341    5.2349    5.3793    5.4125    5.4964    5.5557    5.9220    5.9762    6.0742    6.1035    6.1910    6.2115    6.5453    6.5940    6.6806    6.7282    6.9620    6.9883    7.3436    7.4015    7.4388    7.4428    7.6731    7.7073    7.7882    7.8146    8.1440    8.1696    8.1705    8.1953    8.3629    8.3835    8.4469    8.4864    8.9867    8.9900    9.0470    9.1242    9.1587    9.2194    9.2888    9.3307    9.5083    9.5567    9.8082    9.8148    9.8152    9.8303    9.9311    9.9438   10.0549   10.0646   10.0953   10.1130   10.4321   10.4674
  1.6429  -24.4312  -24.4311  -24.4309  -24.4280  -24.4018  -24.4015  -24.4006  -24.4005  -21.4790  -21.4781  -21.4779  -21.4719  -21.4581  -21.4539  -21.4538  -21.4535  -21.4338  -21.4327  -21.4316  -21.4310  -11.4616  -11.4556  -10.7014  -10.6951   -8.5065   -8.4488   -7.8331   -7.7894   -3.6006   -3.2504   -3.1100   -2.9586   -2.8383   -2.5906   -1.8447   -1.6225   -1.5228   -1.4249   -0.8588   -0.8285    0.6292    0.8307    1.3801    1.6906    1.9418    2.1284    2.2432    2.6632    2.8100    2.8124    3.0413    3.0417    4.2185    4.2585    4.5117    4.5417    5.1784    5.2930    5.3413    5.3761    5.4960    5.5604    5.8943    5.9268    6.0607    6.0643    6.0787    6.0965    6.5330    6.5730    6.5971    6.6355    6.8048    6.8113    7.4629    7.4983    7.5457    7.5648    7.7598    7.7659    7.8085    7.8164    7.9580    7.9743    8.2038    8.2867    8.3978    8.4091    8.4361    8.4434    8.8727    8.9129    9.1455    9.1903    9.1931    9.2753    9.4724    9.4884    9.5297    9.5392    9.7807    9.8026    9.9213    9.9612    9.9612    9.9739   10.0010   10.0123   10.1659   10.1823   10.3738   10.3852
  1.6864  -24.4315  -24.4313  -24.4309  -24.4280  -24.4017  -24.4015  -24.4006  -24.4005  -21.4794  -21.4784  -21.4780  -21.4718  -21.4581  -21.4538  -21.4536  -21.4532  -21.4342  -21.4330  -21.4315  -21.4310  -11.5580  -11.5522  -10.6934  -10.6870   -8.5033   -8.4451   -7.7507   -7.7068   -3.6117   -3.1195   -3.1172   -2.9652   -2.6946   -2.5949   -1.7436   -1.6219   -1.4229   -1.4206   -0.7706   -0.7484    0.6667    0.8512    1.3512    1.6581    1.9367    2.0724    2.2209    2.6353    2.7538    2.8055    3.0125    3.0278    4.1333    4.1592    4.4050    4.4286    5.1687    5.2784    5.2892    5.3178    5.4991    5.5634    5.8886    5.9157    5.9706    5.9750    6.1621    6.2003    6.5452    6.5505    6.5694    6.6037    6.6848    6.7156    7.4950    7.5176    7.5957    7.6327    7.7759    7.7967    7.8215    7.8310    7.8691    7.9323    8.0746    8.1623    8.3773    8.4191    8.5459    8.5756    8.7308    8.7420    9.0620    9.1548    9.2473    9.3038    9.5068    9.5444    9.5478    9.6149    9.8746    9.8799    9.9832   10.0281   10.0346   10.0482   10.0821   10.1020   10.2312   10.2498   10.4435   10.4521
  1.7299  -24.4317  -24.4316  -24.4308  -24.4280  -24.4017  -24.4014  -24.4006  -24.4005  -21.4798  -21.4789  -21.4779  -21.4719  -21.4580  -21.4538  -21.4533  -21.4529  -21.4345  -21.4334  -21.4314  -21.4309  -11.6470  -11.6415  -10.6837  -10.6774   -8.5046   -8.4477   -7.6805   -7.6379   -3.6166   -3.1501   -2.9576   -2.9335   -2.5732   -2.5296   -1.6385   -1.6258   -1.4302   -1.3233   -0.6919   -0.6810    0.7282    0.8883    1.3184    1.6367    1.9248    1.9880    2.1913    2.5610    2.6805    2.7638    2.9558    2.9576    4.0561    4.0698    4.3048    4.3226    5.1159    5.2127    5.2351    5.2519    5.5080    5.5715    5.9144    5.9170    5.9258    5.9412    6.3170    6.3625    6.4540    6.4681    6.6159    6.6539    6.7112    6.7504    7.4491    7.4944    7.5360    7.5674    7.7064    7.7367    7.7728    7.7925    7.8264    7.8453    8.1676    8.2475    8.4093    8.4099    8.4315    8.4333    8.8298    8.8992    8.9745    9.0130    9.1545    9.1998    9.4972    9.5135    9.6226    9.7015    9.9224    9.9402   10.0438   10.0574   10.0717   10.0861   10.2249   10.2342   10.2422   10.2644   10.5341   10.6049
  1.7734  -24.4320  -24.4318  -24.4307  -24.4280  -24.4017  -24.4014  -24.4006  -24.4005  -21.4802  -21.4794  -21.4778  -21.4721  -21.4578  -21.4539  -21.4530  -21.4527  -21.4348  -21.4337  -21.4313  -21.4308  -11.7273  -11.7223  -10.6726  -10.6666   -8.5102   -8.4562   -7.6222   -7.5824   -3.6135   -3.1838   -2.8817   -2.7758   -2.5313   -2.3497   -1.6326   -1.5272   -1.4520   -1.2256   -0.6256   -0.6193    0.8036    0.9310    1.2764    1.6154    1.8835    1.8958    2.1655    2.4322    2.6109    2.6960    2.8695    2.8789    3.9778    3.9860    4.2123    4.2253    5.0385    5.1203    5.1862    5.1940    5.5296    5.5917    5.9114    5.9261    5.9651    5.9846    6.3496    6.3603    6.4529    6.5332    6.7275    6.7848    6.7937    6.8319    7.3400    7.3860    7.4185    7.4321    7.5856    7.6102    7.7254    7.7500    7.8183    7.8615    8.1746    8.2092    8.3517    8.3688    8.5022    8.5215    8.8388    8.8652    9.0445    9.0567    9.1827    9.1936    9.4997    9.5011    9.6050    9.6402    9.7949    9.8220    9.9886   10.0131   10.1260   10.1396   10.1614   10.2345   10.5416   10.5642   10.6266   10.6996
  1.8169  -24.4322  -24.4320  -24.4305  -24.4281  -24.4016  -24.4014  -24.4007  -24.4005  -21.4806  -21.4799  -21.4776  -21.4725  -21.4575  -21.4539  -21.4527  -21.4524  -21.4350  -21.4340  -21.4312  -21.4308  -11.7982  -11.7938  -10.6607  -10.6551   -8.5190   -8.4696   -7.5750   -7.5392   -3.6017   -3.2147   -2.8176   -2.5781   -2.4781   -2.1657   -1.6384   -1.4817   -1.4041   -1.1310   -0.5694   -0.5574    0.8745    0.9562    1.2152    1.5658    1.7777    1.8562    2.1572    2.2633    2.5524    2.6164    2.7864    2.8154    3.8979    3.9049    4.1280    4.1375    4.9522    5.0178    5.1336    5.1494    5.5647    5.6254    5.9586    5.9726    6.0190    6.0367    6.2644    6.2747    6.5485    6.6731    6.8193    6.8437    6.8717    6.9036    7.2079    7.2346    7.2827    7.3190    7.5159    7.5345    7.7380    7.7575    7.8545    7.9003    8.0613    8.0692    8.3533    8.3824    8.5509    8.5731    8.9435    8.9770    8.9786    8.9998    9.3626    9.3931    9.4808    9.5169    9.5218    9.5289    9.7426    9.7485    9.8379    9.8720   10.1246   10.1291   10.1488   10.2590   10.6684   10.7147   10.7336   10.7795
  1.8604  -24.4324  -24.4322  -24.4303  -24.4282  -24.4016  -24.4013  -24.4007  -24.4006  -21.4810  -21.4804  -21.4774  -21.4730  -21.4572  -21.4540  -21.4524  -21.4521  -21.4352  -21.4343  -21.4311  -21.4307  -11.8591  -11.8553  -10.6486  -10.6435   -8.5298   -8.4864   -7.5379   -7.5069   -3.5812   -3.2425   -2.7457   -2.4238   -2.3734   -1.9943   -1.6384   -1.5129   -1.2585   -1.0384   -0.5129   -0.4986    0.9065    0.9351    1.1276    1.4571    1.7014    1.8408    2.0822    2.1595    2.5090    2.5612    2.6949    2.7989    3.8211    3.8278    4.0530    4.0602    4.8689    4.9182    5.0769    5.1033    5.6100    5.6709    6.0165    6.0298    6.0694    6.0897    6.2272    6.2428    6.5708    6.7067    6.7152    6.7553    6.9322    6.9777    7.0857    7.1058    7.2823    7.3398    7.5062    7.5284    7.7578    7.7897    7.8290    7.8492    8.0925    8.1143    8.4154    8.4534    8.4814    8.5124    8.9794    9.0185    9.0451    9.1137    9.2987    9.3198    9.4923    9.5305    9.5401    9.5642    9.6851    9.7383    9.8609    9.8850   10.0347   10.0703   10.1530   10.2934   10.5486   10.6150   10.6950   10.7622
  1.9039  -24.4325  -24.4324  -24.4302  -24.4284  -24.4015  -24.4013  -24.4008  -24.4007  -21.4813  -21.4808  -21.4772  -21.4735  -21.4567  -21.4541  -21.4521  -21.4519  -21.4354  -21.4346  -21.4310  -21.4306  -11.9094  -11.9063  -10.6371  -10.6327   -8.5409   -8.5048   -7.5092   -7.4839   -3.5528   -3.2690   -2.6702   -2.3795   -2.1739   -1.8541   -1.6287   -1.5385   -1.0787   -0.9423   -0.4599   -0.4361    0.8091    0.8977    1.0189    1.3010    1.6743    1.8588    1.9214    2.1542    2.4878    2.5589    2.6203    2.8034    3.7505    3.7601    3.9887    3.9943    4.7972    4.8312    5.0157    5.0491    5.6600    5.7232    6.0118    6.0237    6.1055    6.1324    6.2568    6.2731    6.5243    6.6089    6.6096    6.6163    6.9302    6.9614    7.0734    7.0927    7.3593    7.4039    7.5744    7.6005    7.6385    7.6558    7.9021    7.9141    8.2179    8.2461    8.3406    8.3839    8.6045    8.6448    8.9919    9.0204    9.0323    9.0822    9.1827    9.2054    9.4519    9.4659    9.6384    9.6501    9.6890    9.7131    9.8879    9.9260    9.9675   10.0857   10.3088   10.3679   10.5117   10.5578   10.5714   10.6273
  1.9475  -24.4327  -24.4326  -24.4299  -24.4286  -24.4014  -24.4012  -24.4008  -24.4008  -21.4815  -21.4812  -21.4769  -21.4741  -21.4563  -21.4543  -21.4519  -21.4517  -21.4355  -21.4349  -21.4309  -21.4306  -11.9487  -11.9464  -10.6269  -10.6234   -8.5508   -8.5229   -7.4879   -7.4685   -3.5182   -3.2965   -2.5958   -2.3544   -1.9949   -1.7560   -1.6089   -1.5528   -0.8652   -0.8309   -0.4174   -0.3653    0.6315    0.7840    0.9081    1.1312    1.6780    1.8075    1.8967    2.1359    2.4929    2.5756    2.6020    2.8139    3.6910    3.7040    3.9362    3.9407    4.7422    4.7630    4.9531    4.9879    5.7049    5.7713    5.9696    5.9807    6.1152    6.1469    6.1974    6.2080    6.4855    6.5210    6.6694    6.6994    6.8069    6.8344    7.1330    7.1500    7.4201    7.4471    7.5635    7.5735    7.7091    7.7400    7.9892    8.0015    8.1735    8.2249    8.3306    8.3531    8.7695    8.7921    8.9639    8.9830    8.9947    9.0230    9.1931    9.2375    9.3194    9.3251    9.5726    9.6132    9.7561    9.7725    9.8043    9.9217    9.9856   10.0838   10.4555   10.4836   10.5971   10.6202   10.6203   10.6323
  1.9910  -24.4328  -24.4327  -24.4297  -24.4288  -24.4013  -24.4011  -24.4009  -24.4008  -21.4817  -21.4815  -21.4766  -21.4747  -21.4559  -21.4545  -21.4517  -21.4516  -21.4355  -21.4351  -21.4308  -21.4306  -11.9769  -11.9754  -10.6187  -10.6164   -8.5577   -8.5387   -7.4725   -7.4595   -3.4793   -3.3267   -2.5263   -2.3530   -1.8512   -1.6994   -1.5842   -1.5551   -0.7126   -0.6216   -0.3843   -0.2881    0.4225    0.5906    0.8193    0.9752    1.6847    1.7413    1.9432    2.1089    2.5180    2.5626    2.6654    2.8185    3.6467    3.6602    3.8969    3.9003    4.7056    4.7162    4.8974    4.9263    5.7314    5.7928    5.9233    5.9324    6.0942    6.1050    6.1151    6.1418    6.4755    6.4807    6.7120    6.7383    6.8588    6.9016    7.0882    7.1025    7.4626    7.4891    7.5975    7.6027    7.8311    7.8459    8.0443    8.0755    8.0783    8.0913    8.4133    8.4297    8.7208    8.7309    8.9462    8.9508    8.9583    8.9884    9.2138    9.2216    9.4033    9.4557    9.4751    9.4954    9.5878    9.6190    9.7658    9.9094   10.1252   10.1874   10.4176   10.5067   10.8392   10.8445   10.9086   10.9231
  2.0345  -24.4328  -24.4328  -24.4295  -24.4290  -24.4012  -24.4011  -24.4009  -24.4009  -21.4818  -21.4817  -21.4762  -21.4752  -21.4555  -21.4548  -21.4516  -21.4515  -21.4355  -21.4353  -21.4307  -21.4306  -11.9938  -11.9930  -10.6133  -10.6121   -8.5604   -8.5508   -7.4624   -7.4558   -3.4387   -3.3608   -2.4646   -2.3741   -1.7518   -1.6799   -1.5629   -1.5513   -0.5819   -0.4616   -0.3017   -0.2029    0.2270    0.3573    0.7737    0.8544    1.6864    1.7067    1.9911    2.0756    2.5475    2.5666    2.7285    2.8082    3.6210    3.6299    3.8726    3.8745    4.6860    4.6901    4.8600    4.8765    5.7392    5.7759    5.8848    5.8894    6.0342    6.0409    6.1399    6.1560    6.4355    6.4431    6.6977    6.7169    6.9989    7.0099    7.0659    7.1095    7.4911    7.5368    7.6667    7.6712    7.7224    7.7631    8.1000    8.1126    8.1478    8.1633    8.4540    8.4658    8.6194    8.6281    8.8869    8.9197    9.0294    9.0369    9.1689    9.1791    9.3511    9.3665    9.4154    9.4349    9.4684    9.4848    9.9235    9.9814   10.2527   10.3311   10.4947   10.5716   10.9643   10.9976   11.0864   11.0909
  2.0780  -24.4328  -24.4328  -24.4292  -24.4292  -24.4011  -24.4011  -24.4010  -24.4010  -21.4817  -21.4817  -21.4758  -21.4758  -21.4551  -21.4551  -21.4515  -21.4515  -21.4354  -21.4354  -21.4306  -21.4306  -11.9991  -11.9991  -10.6111  -10.6111   -8.5582   -8.5582   -7.4568   -7.4568   -3.3985   -3.3985   -2.4128   -2.4128   -1.6963   -1.6963   -1.5517   -1.5517   -0.4835   -0.4835   -0.1639   -0.1639    0.1697    0.1697    0.7845    0.7845    1.6909    1.6909    2.0361    2.0361    2.5655    2.5655    2.7781    2.7781    3.6157    3.6157    3.8649    3.8649    4.6809    4.6809    4.8519    4.8520    5.7502    5.7502    5.8704    5.8704    6.0189    6.0189    6.1677    6.1677    6.4083    6.4083    6.7243    6.7243    6.9557    6.9558    7.1968    7.1968    7.5476    7.5477    7.6295    7.6295    7.7002    7.7002    8.1596    8.1596    8.1839    8.1840    8.4850    8.4850    8.5594    8.5594    8.8649    8.8649    9.1564    9.1564    9.1723    9.1724    9.2783    9.2783    9.3073    9.3074    9.4339    9.4339   10.0539   10.0539   10.3779   10.3779   10.5548   10.5548   11.0397   11.0417   11.1902   11.1999
  2.0780  -24.4328  -24.4328  -24.4292  -24.4292  -24.4011  -24.4011  -24.4010  -24.4010  -21.4817  -21.4817  -21.4758  -21.4758  -21.4551  -21.4551  -21.4515  -21.4515  -21.4354  -21.4354  -21.4306  -21.4306  -11.9991  -11.9991  -10.6111  -10.6111   -8.5582   -8.5582   -7.4568   -7.4568   -3.3985   -3.3985   -2.4128   -2.4128   -1.6963   -1.6963   -1.5517   -1.5517   -0.4835   -0.4835   -0.1639   -0.1639    0.1697    0.1697    0.7845    0.7845    1.6909    1.6909    2.0361    2.0361    2.5655    2.5655    2.7781    2.7781    3.6157    3.6157    3.8649    3.8649    4.6809    4.6809    4.8519    4.8520    5.7502    5.7502    5.8704    5.8704    6.0189    6.0189    6.1677    6.1677    6.4083    6.4083    6.7243    6.7243    6.9557    6.9558    7.1968    7.1968    7.5476    7.5477    7.6295    7.6295    7.7002    7.7002    8.1596    8.1596    8.1839    8.1840    8.4850    8.4850    8.5594    8.5594    8.8649    8.8649    9.1564    9.1564    9.1723    9.1724    9.2783    9.2783    9.3073    9.3074    9.4339    9.4339   10.0539   10.0539   10.3779   10.3779   10.5548   10.5548   11.0397   11.0403   11.1898   11.1925
  2.1153  -24.4328  -24.4328  -24.4295  -24.4290  -24.4012  -24.4011  -24.4010  -24.4009  -21.4818  -21.4817  -21.4762  -21.4752  -21.4555  -21.4548  -21.4516  -21.4515  -21.4355  -21.4353  -21.4307  -21.4306  -11.9952  -11.9946  -10.6087  -10.6077   -8.5650   -8.5558   -7.4615   -7.4558   -3.4336   -3.3664   -2.4640   -2.3785   -1.7443   -1.6787   -1.5651   -1.5554   -0.5728   -0.4582   -0.2753   -0.1834    0.2116    0.3212    0.7779    0.8543    1.6856    1.7024    1.9929    2.0680    2.5522    2.5682    2.7281    2.8080    3.6189    3.6267    3.8703    3.8722    4.6849    4.6886    4.8569    4.8705    5.7546    5.7883    5.8807    5.8845    6.0294    6.0351    6.1698    6.1763    6.4100    6.4177    6.7236    6.7256    6.9647    6.9695    7.0747    7.1174    7.5585    7.5988    7.6566    7.6721    7.6753    7.6962    8.1119    8.1263    8.1867    8.1924    8.4872    8.4908    8.5575    8.5649    8.8800    8.9127    9.0196    9.0277    9.1888    9.2032    9.3306    9.3451    9.4175    9.4315    9.4473    9.4514    9.9786   10.0179   10.2712   10.3700   10.4513   10.5206   10.9894   11.0209   11.1071   11.1117
  2.1526  -24.4328  -24.4327  -24.4297  -24.4287  -24.4013  -24.4011  -24.4009  -24.4009  -21.4818  -21.4815  -21.4766  -21.4747  -21.4559  -21.4545  -21.4517  -21.4516  -21.4355  -21.4351  -21.4307  -21.4306  -11.9829  -11.9816  -10.6007  -10.5987   -8.5761   -8.5580   -7.4699   -7.4584   -3.4728   -3.3370   -2.5303   -2.3599   -1.8256   -1.6892   -1.5952   -1.5721   -0.6851   -0.5761   -0.3582   -0.2507    0.3707    0.5356    0.8331    0.9791    1.6817    1.7266    1.9401    2.0864    2.5363    2.5588    2.6641    2.8199    3.6371    3.6501    3.8880    3.8916    4.7008    4.7082    4.8839    4.9088    5.7976    5.8640    5.9106    5.9184    6.0710    6.0811    6.1821    6.1956    6.4226    6.4380    6.7224    6.7259    6.8944    6.9386    6.9957    7.0070    7.4983    7.5385    7.5963    7.6013    7.8098    7.8687    8.0313    8.0567    8.2002    8.2125    8.4958    8.5050    8.5584    8.5733    8.8801    8.8907    8.9329    8.9765    9.2498    9.2786    9.3959    9.4167    9.5028    9.5079    9.5229    9.5822    9.8284    9.9851   10.1661   10.2210   10.2550   10.3319   10.9088   10.9143   10.9148   10.9213
  2.1899  -24.4327  -24.4326  -24.4299  -24.4285  -24.4014  -24.4012  -24.4008  -24.4008  -21.4816  -21.4813  -21.4769  -21.4740  -21.4563  -21.4543  -21.4518  -21.4516  -21.4355  -21.4350  -21.4308  -21.4305  -11.9622  -11.9602  -10.5874  -10.5842   -8.5917   -8.5647   -7.4822   -7.4651   -3.5172   -3.3110   -2.6065   -2.3535   -1.9397   -1.7269   -1.6382   -1.5952   -0.8082   -0.7601   -0.3976   -0.3254    0.5595    0.7460    0.9383    1.1439    1.6751    1.7724    1.8812    2.0869    2.5184    2.5515    2.6016    2.8215    3.6693    3.6841    3.9172    3.9223    4.7293    4.7409    4.9269    4.9590    5.8687    5.9503    5.9606    5.9652    6.1502    6.1604    6.2041    6.2257    6.4458    6.4684    6.7155    6.7204    6.7221    6.7592    7.0467    7.0682    7.3817    7.4288    7.4885    7.4951    7.8979    7.9333    8.0516    8.0955    8.2240    8.2443    8.5058    8.5276    8.5612    8.5817    8.7828    8.7971    8.9828    9.0260    9.3383    9.3762    9.4101    9.4746    9.4987    9.5463    9.6307    9.6485    9.6522    9.8793   10.0077   10.0271   10.2591   10.2668   10.5675   10.5732   10.7506   10.7633
  2.2272  -24.4327  -24.4325  -24.4301  -24.4283  -24.4015  -24.4012  -24.4008  -24.4007  -21.4815  -21.4810  -21.4771  -21.4734  -21.4568  -21.4541  -21.4520  -21.4517  -21.4354  -21.4348  -21.4308  -21.4305  -11.9332  -11.9306  -10.5692  -10.5648   -8.6114   -8.5758   -7.4989   -7.4764   -3.5675   -3.2909   -2.6840   -2.3546   -2.0808   -1.7921   -1.6884   -1.6202   -0.9918   -0.8704   -0.4468   -0.4068    0.7462    0.9299    1.0710    1.3278    1.6645    1.8241    1.8495    2.0698    2.4895    2.5601    2.5708    2.8215    3.7140    3.7277    3.9567    3.9634    4.7716    4.7877    4.9782    5.0130    5.9542    5.9935    6.0045    6.0764    6.2341    6.2465    6.2559    6.2659    6.4786    6.5075    6.5971    6.6197    6.6931    6.7004    7.1125    7.1498    7.2423    7.2905    7.3745    7.3899    7.8670    7.8805    8.2074    8.2470    8.2561    8.2862    8.5016    8.5575    8.5621    8.5901    8.7186    8.7391    9.0223    9.0656    9.2550    9.3704    9.4172    9.4474    9.4897    9.5838    9.6184    9.6375    9.7482    9.7599    9.7793    9.7795   10.1952   10.2010   10.5056   10.5193   10.6233   10.6787
  2.2646  -24.4326  -24.4323  -24.4303  -24.4280  -24.4015  -24.4013  -24.4008  -24.4006  -21.4813  -21.4807  -21.4773  -21.4727  -21.4573  -21.4540  -21.4522  -21.4519  -21.4353  -21.4346  -21.4309  -21.4305  -11.8961  -11.8929  -10.5468  -10.5411   -8.6352   -8.5914   -7.5205   -7.4929   -3.6234   -3.2813   -2.7514   -2.3572   -2.2390   -1.8839   -1.7412   -1.6454   -1.1783   -0.9547   -0.5083   -0.4919    0.9103    1.0805    1.1933    1.5030    1.6523    1.7798    1.9625    2.0635    2.4570    2.5516    2.6186    2.8265    3.7692    3.7803    4.0054    4.0141    4.8295    4.8505    5.0311    5.0645    6.0378    6.0407    6.0495    6.1835    6.2658    6.2679    6.2845    6.3132    6.5188    6.5497    6.6001    6.6197    6.6467    6.6591    7.1067    7.1556    7.1774    7.2345    7.2888    7.3338    7.8204    7.8282    8.2881    8.3305    8.3674    8.3959    8.4622    8.5362    8.5902    8.6100    8.6743    8.7022    9.0538    9.1013    9.1103    9.1782    9.3617    9.3800    9.4798    9.4817    9.5035    9.5744    9.6524    9.7238    9.8706    9.8778    9.9007    9.9614   10.4272   10.4587   10.7106   10.7542
  2.3019  -24.4325  -24.4321  -24.4304  -24.4278  -24.4016  -24.4013  -24.4007  -24.4005  -21.4811  -21.4802  -21.4774  -21.4720  -21.4579  -21.4539  -21.4525  -21.4520  -21.4352  -21.4343  -21.4309  -21.4306  -11.8510  -11.8472  -10.5211  -10.5141   -8.6624   -8.6110   -7.5478   -7.5155   -3.6833   -3.2880   -2.7971   -2.4040   -2.3560   -1.9978   -1.7943   -1.6715   -1.3518   -1.0402   -0.5893   -0.5626    1.0341    1.2071    1.2522    1.6389    1.6439    1.7529    2.1037    2.1349    2.4279    2.5744    2.6883    2.8408    3.8330    3.8421    4.0626    4.0738    4.9053    4.9315    5.0805    5.1094    6.0738    6.0890    6.1131    6.2079    6.2256    6.2751    6.2946    6.3574    6.5511    6.5546    6.6084    6.6364    6.7209    6.7845    6.9970    7.0576    7.2130    7.2440    7.2979    7.3758    7.7651    7.7722    8.2821    8.3504    8.3789    8.4808    8.5229    8.5378    8.5752    8.6259    8.6762    8.6925    9.0010    9.0397    9.0774    9.1349    9.1600    9.1784    9.3800    9.4345    9.5359    9.5554    9.5646    9.5810    9.6458    9.6910   10.1135   10.1312   10.2231   10.2840   10.7500   10.8126
  2.3392  -24.4323  -24.4319  -24.4305  -24.4276  -24.4017  -24.4014  -24.4007  -24.4005  -21.4809  -21.4798  -21.4775  -21.4714  -21.4584  -21.4539  -21.4528  -21.4522  -21.4350  -21.4340  -21.4310  -21.4306  -11.7981  -11.7938  -10.4934  -10.4850   -8.6924   -8.6339   -7.5815   -7.5449   -3.7439   -3.3132   -2.8139   -2.5665   -2.3470   -2.1249   -1.8474   -1.7001   -1.5164   -1.1407   -0.6734   -0.6232    1.1142    1.2361    1.3189    1.6228    1.6459    1.8536    2.2485    2.2901    2.4131    2.6213    2.7692    2.8660    3.9030    3.9127    4.1275    4.1419    5.0024    5.0339    5.1230    5.1459    6.0676    6.0864    6.1393    6.1987    6.2054    6.2703    6.3449    6.3958    6.5323    6.5506    6.6442    6.6804    6.8183    6.9244    7.0013    7.0682    7.2409    7.2520    7.3390    7.4362    7.6996    7.7091    8.1664    8.2478    8.3065    8.3667    8.5559    8.6513    8.6701    8.6844    8.7188    8.7274    8.9229    8.9545    8.9890    9.0167    9.0905    9.1639    9.2409    9.2491    9.4633    9.4836    9.5672    9.5691    9.6328    9.6499    9.9824    9.9865   10.4109   10.4919   10.5795   10.6368
  2.3765  -24.4322  -24.4317  -24.4307  -24.4275  -24.4018  -24.4014  -24.4006  -24.4004  -21.4806  -21.4792  -21.4776  -21.4708  -21.4589  -21.4538  -21.4532  -21.4523  -21.4348  -21.4338  -21.4310  -21.4306  -11.7378  -11.7330  -10.4654  -10.4555   -8.7238   -8.6591   -7.6223   -7.5820   -3.8014   -3.3516   -2.8043   -2.7199   -2.3278   -2.2549   -1.9009   -1.7330   -1.6782   -1.2638   -0.7490   -0.6783    1.1653    1.1831    1.4106    1.5435    1.6653    2.0033    2.3237    2.4696    2.4697    2.6859    2.8490    2.9029    3.9781    3.9903    4.1996    4.2178    5.1247    5.1569    5.1614    5.1741    6.0358    6.0545    6.0889    6.1828    6.2437    6.2475    6.3896    6.4689    6.5601    6.5772    6.7094    6.7350    6.8240    6.9066    7.1986    7.2379    7.2849    7.2919    7.3597    7.4553    7.6294    7.6451    7.9778    8.0598    8.1562    8.2242    8.5762    8.6476    8.7385    8.7803    8.8063    8.8244    8.8294    8.8402    8.9585    8.9604    9.0788    9.0813    9.0893    9.1780    9.4891    9.5094    9.5632    9.5795    9.6414    9.6530    9.9082    9.9204   10.3421   10.3879   10.5265   10.5350
  2.4139  -24.4321  -24.4314  -24.4308  -24.4274  -24.4018  -24.4014  -24.4006  -24.4004  -21.4804  -21.4787  -21.4776  -21.4702  -21.4593  -21.4538  -21.4535  -21.4525  -21.4346  -21.4335  -21.4311  -21.4306  -11.6704  -11.6651  -10.4391  -10.4277   -8.7548   -8.6848   -7.6708   -7.6275   -3.8516   -3.3932   -2.8593   -2.7767   -2.3789   -2.2980   -1.9551   -1.8409   -1.7713   -1.4088   -0.8169   -0.7284    1.1232    1.2031    1.4668    1.4773    1.7045    2.1353    2.3173    2.5956    2.6324    2.7602    2.9169    2.9509    4.0578    4.0726    4.2788    4.3009    5.1828    5.1969    5.2757    5.3174    6.0044    6.0233    6.0457    6.0775    6.3029    6.3116    6.4338    6.5512    6.6073    6.6143    6.7887    6.7934    6.8265    6.9186    7.3215    7.3531    7.3664    7.3745    7.4306    7.4344    7.5721    7.6183    7.7752    7.8271    7.9838    8.0364    8.4787    8.4953    8.6840    8.7306    8.8613    8.8888    8.9173    8.9578    8.9791    8.9857    9.0656    9.0791    9.0805    9.1402    9.3804    9.4280    9.6695    9.6728    9.6941    9.7357    9.9591    9.9837   10.1003   10.1357   10.2978   10.3018
  2.4512  -24.4320  -24.4311  -24.4308  -24.4273  -24.4019  -24.4015  -24.4006  -24.4004  -21.4801  -21.4781  -21.4776  -21.4698  -21.4597  -21.4539  -21.4538  -21.4527  -21.4344  -21.4332  -21.4311  -21.4307  -11.5962  -11.5906  -10.4170  -10.4043   -8.7828   -8.7088   -7.7274   -7.6818   -3.8909   -3.4291   -2.9814   -2.7406   -2.4903   -2.2587   -2.0087   -2.0056   -1.8147   -1.5701   -0.8818   -0.7761    1.0713    1.2376    1.4051    1.5263    1.7554    2.2377    2.2956    2.7144    2.7580    2.8339    2.9672    3.0060    4.1413    4.1595    4.3658    4.3913    5.2051    5.2194    5.4557    5.5024    5.9294    5.9883    6.0388    6.0673    6.3750    6.3900    6.4382    6.6125    6.6449    6.6820    6.8294    6.8634    6.8811    6.9299    7.2800    7.3849    7.4090    7.4383    7.4468    7.5378    7.5966    7.6069    7.6291    7.7100    7.8139    7.8256    8.2364    8.2463    8.7257    8.7557    8.8867    8.9436    8.9597    8.9859    9.0024    9.0464    9.1051    9.1277    9.1310    9.1756    9.3270    9.4363    9.7195    9.7217    9.7223    9.7732    9.8834    9.9026   10.0482   10.0936   10.2425   10.2472
  2.4885  -24.4319  -24.4309  -24.4308  -24.4272  -24.4019  -24.4015  -24.4006  -24.4004  -21.4799  -21.4776  -21.4774  -21.4695  -21.4600  -21.4544  -21.4538  -21.4528  -21.4341  -21.4330  -21.4312  -21.4307  -11.5158  -11.5099  -10.4019  -10.3882   -8.8048   -8.7280   -7.7922   -7.7450   -3.9165   -3.4535   -3.0844   -2.7053   -2.5851   -2.2132   -2.1711   -2.0591   -1.8595   -1.7410   -0.9477   -0.8248    1.0350    1.2745    1.3633    1.5701    1.8044    2.2677    2.3093    2.8084    2.8387    2.8984    3.0020    3.0586    4.2279    4.2531    4.4614    4.4892    5.2314    5.2470    5.6558    5.7007    5.8913    5.9317    6.0805    6.1146    6.3934    6.4626    6.4840    6.5803    6.7301    6.7775    6.8014    6.8970    6.9459    6.9821    7.1587    7.2607    7.3535    7.4497    7.5106    7.5746    7.5856    7.6066    7.6594    7.6946    7.7315    7.8329    7.9843    7.9923    8.7608    8.8016    8.8233    8.8302    9.0015    9.0358    9.0818    9.1037    9.1790    9.2085    9.2169    9.2788    9.3428    9.4675    9.5539    9.5866    9.7198    9.7270    9.7913    9.7969   10.0416   10.0803   10.3644   10.3731
  2.5258  -24.4318  -24.4310  -24.4304  -24.4272  -24.4020  -24.4016  -24.4006  -24.4003  -21.4797  -21.4777  -21.4767  -21.4693  -21.4602  -21.4548  -21.4538  -21.4530  -21.4338  -21.4327  -21.4312  -21.4308  -11.4299  -11.4238  -10.3970  -10.3828   -8.8173   -8.7392   -7.8650   -7.8167   -3.9264   -3.4629   -3.1678   -2.6809   -2.6609   -2.3347   -2.1686   -2.1020   -1.9157   -1.8954   -1.0176   -0.8778    1.0178    1.3172    1.3431    1.6169    1.8409    2.2338    2.3517    2.8695    2.8725    2.9505    3.0328    3.1015    4.3190    4.3558    4.5664    4.5954    5.2684    5.2850    5.7986    5.8200    5.9530    5.9834    6.1430    6.1802    6.3182    6.5180    6.5643    6.5935    6.7339    6.8132    6.8160    6.8712    6.9460    7.0349    7.0841    7.1187    7.2226    7.3405    7.5998    7.6255    7.6361    7.6767    7.6820    7.7503    7.7757    7.7794    7.8074    7.8921    8.6565    8.7471    8.8817    8.9070    8.9747    8.9871    9.1815    9.1991    9.2250    9.2573    9.2955    9.3378    9.3742    9.3774    9.4025    9.4281    9.6455    9.6478    9.8770    9.8834    9.9720    9.9740   10.1822   10.1868
  2.5631  -24.4317  -24.4310  -24.4301  -24.4272  -24.4020  -24.4016  -24.4006  -24.4003  -21.4794  -21.4777  -21.4761  -21.4693  -21.4602  -21.4553  -21.4538  -21.4531  -21.4336  -21.4325  -21.4313  -21.4308  -11.3390  -11.3328  -10.4049  -10.3910   -8.8171   -8.7392   -7.9453   -7.8963   -3.9195   -3.4554   -3.2326   -2.7175   -2.6773   -2.4926   -2.1670   -2.1053   -2.0896   -1.9026   -1.0930   -0.9375    1.0209    1.3445    1.3669    1.6693    1.8588    2.1936    2.3657    2.8602    2.8964    2.9887    3.0713    3.1373    4.4176    4.4688    4.6809    4.7098    5.3208    5.3377    5.8061    5.8568    6.0854    6.1214    6.2197    6.2438    6.2552    6.4762    6.6106    6.6908    6.7159    6.7366    6.7689    6.8541    6.8893    6.9610    7.0942    7.0984    7.2128    7.3236    7.4897    7.5115    7.7199    7.7326    7.7410    7.8085    7.8225    7.8238    7.8897    7.9421    8.6178    8.7443    8.8196    8.8341    8.9784    9.0188    9.0795    9.1079    9.1682    9.2818    9.2963    9.3482    9.4224    9.4284    9.4410    9.4619    9.6624    9.6653    9.8384    9.8452    9.9523    9.9768   10.0832   10.0939
  2.6005  -24.4316  -24.4310  -24.4298  -24.4273  -24.4020  -24.4016  -24.4006  -24.4003  -21.4792  -21.4778  -21.4754  -21.4694  -21.4601  -21.4558  -21.4538  -21.4532  -21.4333  -21.4323  -21.4314  -21.4309  -11.2442  -11.2380  -10.4277  -10.4147   -8.8016   -8.7254   -8.0318   -7.9823   -3.8957   -3.4302   -3.2816   -2.7577   -2.6991   -2.6378   -2.2583   -2.2220   -2.0617   -1.8687   -1.1745   -1.0051    1.0440    1.3664    1.4222    1.7232    1.8608    2.1469    2.3516    2.8080    2.9046    3.0124    3.1156    3.1714    4.5260    4.5926    4.8046    4.8326    5.3908    5.4075    5.8031    5.8798    6.0848    6.1135    6.2453    6.3023    6.3240    6.4067    6.5176    6.6133    6.6393    6.7590    6.8375    6.8605    6.9057    6.9619    7.0490    7.0514    7.3222    7.3816    7.4286    7.4516    7.7040    7.7294    7.8214    7.8310    7.9554    7.9592    7.9999    8.1261    8.6429    8.6717    8.6787    8.7935    8.7945    8.8282    9.0129    9.0940    9.1653    9.1768    9.4131    9.4670    9.4712    9.4874    9.5474    9.5674    9.6593    9.6752    9.7358    9.7398    9.8920    9.9403   10.0015   10.0266
  2.6378  -24.4315  -24.4311  -24.4294  -24.4274  -24.4019  -24.4017  -24.4005  -24.4004  -21.4790  -21.4779  -21.4746  -21.4697  -21.4599  -21.4563  -21.4537  -21.4533  -21.4330  -21.4320  -21.4314  -21.4309  -11.1464  -11.1403  -10.4663  -10.4548   -8.7697   -8.6963   -8.1234   -8.0732   -3.8554   -3.3873   -3.3207   -2.8065   -2.7421   -2.7418   -2.4165   -2.2933   -2.0019   -1.8041   -1.2618   -1.0806    1.0853    1.4068    1.4775    1.7546    1.8750    2.0947    2.3111    2.7257    2.9113    3.0238    3.1588    3.2046    4.6452    4.7273    4.9368    4.9635    5.4790    5.4949    5.7652    5.8949    6.0216    6.0325    6.2082    6.2554    6.3472    6.3647    6.4406    6.5001    6.5684    6.6015    6.8984    6.9198    6.9848    7.0096    7.0671    7.1217    7.3953    7.4353    7.5391    7.6017    7.6118    7.6143    7.9455    7.9586    8.1087    8.1202    8.1351    8.2488    8.5198    8.5276    8.5927    8.6120    8.6937    8.7788    8.9039    8.9195    9.2938    9.3088    9.3905    9.3972    9.5266    9.5277    9.5630    9.5990    9.6811    9.7033    9.7146    9.7476    9.8382    9.8431   10.0091   10.0154
  2.6751  -24.4314  -24.4311  -24.4291  -24.4275  -24.4019  -24.4017  -24.4005  -24.4004  -21.4788  -21.4779  -21.4739  -21.4701  -21.4596  -21.4568  -21.4537  -21.4534  -21.4327  -21.4318  -21.4315  -21.4310  -11.0468  -11.0410  -10.5202  -10.5104   -8.7216   -8.6519   -8.2182   -8.1669   -3.7997   -3.3597   -3.3273   -2.8968   -2.7972   -2.7725   -2.5523   -2.3711   -1.9270   -1.7228   -1.3543   -1.1635    1.1424    1.4628    1.5156    1.7489    1.9253    2.0480    2.2482    2.6235    2.9243    3.0259    3.1975    3.2336    4.7750    4.8729    5.0763    5.1024    5.5843    5.5991    5.6660    5.8579    5.9143    5.9641    6.1446    6.1589    6.2978    6.3196    6.3563    6.4539    6.4774    6.5905    6.7379    6.7558    7.1442    7.1699    7.2529    7.3357    7.4796    7.5004    7.5146    7.5367    7.6800    7.7708    8.0817    8.1077    8.2112    8.2612    8.2618    8.2822    8.3519    8.3787    8.4955    8.5019    8.5827    8.6802    8.8179    8.9607    9.2099    9.2119    9.4210    9.4526    9.4860    9.5136    9.5361    9.5566    9.6355    9.7201    9.8221    9.8464    9.9564    9.9628   10.0707   10.1099
  2.7124  -24.4313  -24.4311  -24.4288  -24.4277  -24.4019  -24.4017  -24.4005  -24.4004  -21.4787  -21.4781  -21.4732  -21.4707  -21.4592  -21.4573  -21.4536  -21.4534  -21.4325  -21.4317  -21.4317  -21.4311  -10.9471  -10.9415  -10.5878  -10.5798   -8.6589   -8.5932   -8.3141   -8.2611   -3.7305   -3.4113   -3.2515   -2.9659   -2.8544   -2.8164   -2.6291   -2.4487   -1.8407   -1.6328   -1.4508   -1.2524    1.2121    1.5064    1.5311    1.7502    1.9393    2.0709    2.1695    2.5100    2.9440    3.0205    3.2294    3.2549    4.9146    5.0291    5.2212    5.2491    5.5271    5.7042    5.7176    5.7336    5.7782    5.8593    6.1169    6.1269    6.2324    6.2505    6.2620    6.3344    6.5224    6.6053    6.6170    6.6204    7.3124    7.3393    7.4397    7.4423    7.4526    7.5225    7.5497    7.5953    7.8039    7.9037    8.0936    8.1220    8.1648    8.2056    8.2457    8.2719    8.3954    8.4831    8.4866    8.5179    8.5458    8.6066    8.8192    8.9645    9.0124    9.0263    9.3307    9.3910    9.5017    9.5278    9.5715    9.5962    9.7373    9.8212    9.9607    9.9914   10.0882   10.0969   10.1053   10.1716
  2.7497  -24.4313  -24.4312  -24.4285  -24.4279  -24.4019  -24.4018  -24.4005  -24.4004  -21.4785  -21.4782  -21.4725  -21.4712  -21.4588  -21.4578  -21.4536  -21.4535  -21.4322  -21.4318  -21.4315  -21.4312  -10.8491  -10.8435  -10.6669  -10.6602   -8.5840   -8.5222   -8.4088   -8.3535   -3.6507   -3.4819   -3.1628   -3.0065   -2.9039   -2.8971   -2.6255   -2.5208   -1.7470   -1.5497   -1.5381   -1.3458    1.2906    1.4500    1.6071    1.7397    1.9423    2.0831    2.1638    2.3918    2.9672    3.0081    3.2525    3.2658    5.0624    5.1954    5.3684    5.3732    5.4030    5.5529    5.6523    5.7178    5.8336    5.8454    6.0646    6.0726    6.1865    6.1940    6.2254    6.2539    6.5365    6.5387    6.5596    6.6098    7.4217    7.4400    7.5023    7.5058    7.5236    7.5432    7.6578    7.7466    7.8698    7.9100    7.9616    8.0167    8.0438    8.1022    8.2253    8.3534    8.4059    8.4422    8.5940    8.6072    8.7349    8.7662    8.8114    8.8600    8.8627    8.8922    9.1626    9.2617    9.5440    9.5835    9.6439    9.7057    9.8421    9.9081   10.0592   10.0840   10.1277   10.1291   10.2406   10.2532
  2.7871  -24.4312  -24.4312  -24.4282  -24.4282  -24.4018  -24.4018  -24.4004  -24.4004  -21.4784  -21.4784  -21.4719  -21.4719  -21.4583  -21.4583  -21.4535  -21.4535  -21.4320  -21.4320  -21.4314  -21.4314  -10.7549  -10.7549  -10.7490  -10.7490   -8.4997   -8.4997   -8.4414   -8.4414   -3.5652   -3.5652   -3.0701   -3.0701   -2.9308   -2.9308   -2.5823   -2.5823   -1.6491   -1.6491   -1.4417   -1.4417    1.3726    1.3726    1.6828    1.6828    2.0002    2.0002    2.2746    2.2746    2.9897    2.9897    3.2650    3.2650    5.2163    5.2163    5.3707    5.3707    5.5139    5.5139    5.5614    5.5614    5.9612    5.9612    5.9718    5.9718    6.1717    6.1717    6.2196    6.2196    6.5295    6.5295    6.5762    6.5762    7.4623    7.4623    7.4826    7.4826    7.6875    7.6875    7.7075    7.7075    7.8462    7.8462    7.9350    7.9350    8.0815    8.0815    8.1927    8.1927    8.5772    8.5772    8.6224    8.6224    8.7261    8.7261    8.7533    8.7533    8.9821    8.9821    9.0952    9.0952    9.5810    9.5810    9.7119    9.7119    9.9568    9.9568   10.0197   10.0197   10.2045   10.2045   10.2579   10.2580
