50   
4    

1    
  0.0062537101816622  -0.0000000000000000   0.0078032755278648
  -0.0319740600   -0.0001641600   -0.1159700200
   0.0012605700    0.0010242300   -0.0676309700
   0.0000767500    0.0002975400   -0.0663918400
  -0.0000359300    0.0001489600   -0.0662996900
   0.0008030600    0.0010487800   -0.0672578200
  -0.0012255300   -0.0010572400   -0.0680667500
   0.0007955800    0.0004141300   -0.0668200800
   0.0000281600   -0.0000364400   -0.0660638200
   0.0000093600    0.0000003000   -0.0660052300
   0.0000957200   -0.0000022000   -0.0660288900
  -0.0003651500   -0.0000840600   -0.0664772500
   0.0000902600    0.0000244000   -0.0660459700
   0.0000770800   -0.0000404800   -0.0662143300
   0.0000251200   -0.0000087300   -0.0660101200
   0.0000251600    0.0000095000   -0.0660002100
  -0.0003098400   -0.0003284000   -0.0665235600
   0.0000309500    0.0000130200   -0.0660052000
   0.0000185300   -0.0000050600   -0.0660050700
   0.0000198100    0.0000088200   -0.0661683000
   0.0000916600    0.0000394700   -0.0660461400
  -0.0010024700   -0.0014196100   -0.0682533200
   0.0000821000    0.0000050800   -0.0660194500
   0.0000091700   -0.0000066900   -0.0660052200
   0.0000405000   -0.0000282400   -0.0660732300
   0.0005680100   -0.0000051700   -0.0666332500
   0.0288822600   -0.0151507800    0.0970775700
  -0.0022110400   -0.0027694400    0.0728265600
   0.0008471100   -0.0004207500    0.0667219100
   0.0000867400   -0.0002010200    0.0662145900
  -0.0000539700   -0.0000433900    0.0661331600
  -0.0000226500    0.0005568600    0.0664598100
  -0.0000868400   -0.0000472100    0.0662166900
   0.0000221000    0.0004528800    0.0663959100
  -0.0000129300   -0.0000017300    0.0660076400
  -0.0000024300   -0.0000041600    0.0660377000
   0.0003131000    0.0001308100    0.0663557300
  -0.0000659400   -0.0000241500    0.0659878700
  -0.0000211000    0.0000046700    0.0660511200
  -0.0000361500    0.0000710700    0.0660737000
  -0.0000097800    0.0000062900    0.0660227600
   0.0008324800   -0.0005473800    0.0667539800
  -0.0000667500   -0.0000208200    0.0659898700
  -0.0000118000    0.0000002200    0.0660109500
  -0.0000269000   -0.0000076800    0.0660492400
  -0.0000193400    0.0000032100    0.0661012900
   0.0026135400    0.0180698700    0.0850554700
  -0.0001055400    0.0000104500    0.0661673400
  -0.0000244500    0.0000233700    0.0660215600
  -0.0000295600    0.0000255000    0.0660176800
  -0.0000247200    0.0000355300    0.0662656200

1    
 -0.0062537101816622   0.0000000000000000  -0.0078032755278648
   0.0329486500   -0.0001846000   -0.0151838000
  -0.0012760500   -0.0010275500   -0.0643120100
  -0.0000766700   -0.0002963100   -0.0655538200
   0.0000344000   -0.0001508900   -0.0656409900
  -0.0008069600   -0.0010542100   -0.0646821900
   0.0012422300    0.0010571300   -0.0638631600
  -0.0007988700   -0.0004245500   -0.0651290800
  -0.0000293000    0.0000367900   -0.0658826100
  -0.0000104500    0.0000007700   -0.0659398900
  -0.0000964000    0.0000030100   -0.0659148000
   0.0003679600    0.0000872700   -0.0654634900
  -0.0000934100   -0.0000236900   -0.0658985000
  -0.0000762800    0.0000421100   -0.0657313400
  -0.0000257800    0.0000095800   -0.0659350600
  -0.0000259500   -0.0000082000   -0.0659443900
   0.0003114200    0.0003306400   -0.0654200700
  -0.0000322100   -0.0000116700   -0.0659398100
  -0.0000202700    0.0000063000   -0.0659396000
  -0.0000216200   -0.0000088200   -0.0657751400
  -0.0000921200   -0.0000379600   -0.0658987000
   0.0010018600    0.0014462100   -0.0636782500
  -0.0000846000   -0.0000043400   -0.0659259200
  -0.0000106400    0.0000077000   -0.0659398800
  -0.0000423300    0.0000303400   -0.0658717700
  -0.0005631100    0.0000098500   -0.0653137700
  -0.0298217500    0.0157507800    0.0341380000
   0.0021460300    0.0027398000    0.0591971800
  -0.0008390000    0.0004254300    0.0652194300
  -0.0000855700    0.0002031000    0.0657281400
   0.0000548400    0.0000485500    0.0658014100
   0.0000199900   -0.0005619900    0.0654738700
   0.0000864600    0.0000472200    0.0657273800
  -0.0000208700   -0.0004507400    0.0655475900
   0.0000124700    0.0000022400    0.0659363400
   0.0000024600    0.0000044200    0.0659058600
  -0.0003144300   -0.0001316700    0.0655860700
   0.0000656700    0.0000250500    0.0659562700
   0.0000221900   -0.0000045000    0.0658917900
   0.0000356900   -0.0000695500    0.0658704100
   0.0000093500   -0.0000052200    0.0659211900
  -0.0008363900    0.0005439000    0.0651826400
   0.0000663600    0.0000211500    0.0659541100
   0.0000118300    0.0000005700    0.0659325500
   0.0000279700    0.0000078400    0.0658940800
   0.0000211500   -0.0000015300    0.0658383600
  -0.0025704700   -0.0183361000    0.0467726200
   0.0001050800   -0.0000107200    0.0657782900
   0.0000245200   -0.0000220300    0.0659219200
   0.0000294400   -0.0000245600    0.0659263500
   0.0000234400   -0.0000363700    0.0656762000

26   
  0.0062537101816622  -0.0000000000000000   0.0078032755278648
   0.0294321100   -0.0155252300   -0.0338364900
   0.0000282700    0.0000188400   -0.0658696600
   0.0000845900   -0.0002045200   -0.0657293600
   0.0007554100   -0.0005435500   -0.0651543300
  -0.0017596400   -0.0025170800   -0.0595089700
   0.0025713400    0.0178883600   -0.0467805000
  -0.0000023300    0.0000501700   -0.0656949400
  -0.0000301000    0.0000394700   -0.0659278300
  -0.0000248400    0.0000492000   -0.0659232600
  -0.0001280100    0.0000236900   -0.0657622600
   0.0008169000   -0.0003650700   -0.0651684700
  -0.0000030400   -0.0000049200   -0.0658547700
  -0.0000107500   -0.0000116700   -0.0659100200
  -0.0000119800   -0.0000000300   -0.0659327600
  -0.0000842800   -0.0000368400   -0.0659411400
   0.0003156600    0.0001335200   -0.0655885800
  -0.0000102000    0.0000213700   -0.0659227800
  -0.0000386100    0.0000711900   -0.0658699200
  -0.0000047000   -0.0000111600   -0.0659074400
  -0.0000836300   -0.0000283600   -0.0659432400
   0.0000440800    0.0004104000   -0.0655265300
   0.0000103300   -0.0000116700   -0.0659186500
  -0.0000267100   -0.0000093600   -0.0659267900
  -0.0000443100    0.0004854000   -0.0654973900
  -0.0000880100   -0.0000720500   -0.0657286100
  -0.0329783900    0.0001549000    0.0163645900
   0.0008710000    0.0011144400    0.0643928900
  -0.0000830000    0.0001006700    0.0657098700
   0.0001400800    0.0003100500    0.0655324500
   0.0012433500    0.0011704000    0.0641015500
  -0.0011120600   -0.0015017100    0.0633764600
   0.0006773000    0.0000305000    0.0651162400
   0.0000189400   -0.0000346900    0.0659036800
  -0.0000069400   -0.0000145100    0.0659468200
   0.0000748900    0.0000022000    0.0659548400
  -0.0002333300   -0.0003857700    0.0654340100
   0.0000776900    0.0000367700    0.0659290200
   0.0000115600   -0.0000132300    0.0658083700
   0.0000099300   -0.0000097700    0.0659471400
   0.0000347700    0.0000240500    0.0659462700
  -0.0003458100    0.0000185800    0.0655225400
   0.0000214600    0.0000164000    0.0659568100
   0.0000227000   -0.0000171700    0.0659366600
   0.0001222000   -0.0000308000    0.0657194400
   0.0000788800    0.0000323700    0.0659289500
  -0.0013026500   -0.0011158900    0.0635213600
   0.0000782300   -0.0000001700    0.0659508300
  -0.0000069900    0.0000006700    0.0659468200
   0.0000143700   -0.0000364100    0.0659073600
   0.0008642400    0.0002980200    0.0649697400

26   
 -0.0062537101816622   0.0000000000000000  -0.0078032755278648
  -0.0285040300    0.0149329700   -0.0973871800
  -0.0000290700   -0.0000228500   -0.0660657400
  -0.0000856400    0.0002036400   -0.0662140100
  -0.0007615800    0.0005403000   -0.0667879800
   0.0018323900    0.0025498000   -0.0725245800
  -0.0026119800   -0.0176328200   -0.0850620500
   0.0000032400   -0.0000477700   -0.0662476300
   0.0000298000   -0.0000395500   -0.0660167500
   0.0000242800   -0.0000497100   -0.0660204700
   0.0001281600   -0.0000231100   -0.0661840000
  -0.0008125600    0.0003683500   -0.0667679300
  -0.0000000300    0.0000047400   -0.0660847800
   0.0000092900    0.0000123400   -0.0660341000
   0.0000116300    0.0000000000   -0.0660114900
   0.0000843400    0.0000374700   -0.0660030500
  -0.0003143500   -0.0001319200   -0.0663534700
   0.0000098600   -0.0000217600   -0.0660215400
   0.0000382800   -0.0000714800   -0.0660741100
   0.0000031900    0.0000117100   -0.0660357300
   0.0000836200    0.0000283700   -0.0660010000
  -0.0000416700   -0.0004044100   -0.0664071700
  -0.0000109400    0.0000121200   -0.0660253500
   0.0000267600    0.0000098800   -0.0660175700
   0.0000426700   -0.0004850800   -0.0664461700
   0.0000870600    0.0000729000   -0.0662157400
   0.0320239300    0.0001510400    0.1148673600
  -0.0008652700   -0.0011081300    0.0675418000
   0.0000832300   -0.0000984200    0.0662304400
  -0.0001414000   -0.0003101500    0.0664121600
  -0.0012297100   -0.0011671800    0.0678410900
   0.0011104600    0.0014797700    0.0685508900
  -0.0006809900   -0.0000326600    0.0668302700
  -0.0000178700    0.0000337100    0.0660407900
   0.0000075800    0.0000144600    0.0659971400
  -0.0000732100   -0.0000019500    0.0659889500
   0.0002310800    0.0003846100    0.0665082900
  -0.0000774600   -0.0000374000    0.0660146800
  -0.0000098000    0.0000137100    0.0661343600
  -0.0000089900    0.0000095100    0.0659965300
  -0.0000343300   -0.0000242300    0.0659975400
   0.0003424100   -0.0000197800    0.0664172500
  -0.0000213200   -0.0000166400    0.0659870100
  -0.0000223500    0.0000171500    0.0660072300
  -0.0001230600    0.0000294200    0.0662249900
  -0.0000764100   -0.0000318900    0.0660145700
   0.0012883000    0.0011124200    0.0684004400
  -0.0000784600    0.0000007000    0.0659920000
   0.0000074300   -0.0000006200    0.0659971900
  -0.0000138700    0.0000368600    0.0660375100
  -0.0008626600   -0.0002884700    0.0669791100
