80   
8    

1    
  0.0084906514770076   0.0052828815475435   0.0000002249729926
  -0.0132499800   -0.0242776700    0.0699510100
   0.0160723300    0.0000319800    0.0626406300
   0.0159050800   -0.0000006400    0.0627203400
   0.0160708500    0.0000318700    0.0625290000
   0.0144363000    0.0012121000    0.0637716100
   0.0158897900    0.0000238100    0.0627751500
   0.0158857100   -0.0000136800    0.0627736000
   0.0157815500   -0.0001502500    0.0626561400
   0.0157724100   -0.0000996000    0.0630596900
   0.0158730900   -0.0000108000    0.0628549100
   0.0158621400   -0.0000071200    0.0628212300
   0.0158787700   -0.0000010000    0.0628347500
   0.0156441400    0.0001065400    0.0631111300
   0.0158666600    0.0000187800    0.0628495200
   0.0158564300    0.0000020500    0.0628212300
   0.0158606000    0.0000089200    0.0628171200
   0.0150060500    0.0003078100    0.0641057000
   0.0157703100   -0.0001312000    0.0627124200
   0.0158682800    0.0000143700    0.0627769800
   0.0158764700    0.0000432100    0.0627440200
   0.0173993100   -0.0000814500    0.0621796300
   0.0159511800    0.0000050200    0.0627225600
   0.0159267300   -0.0000341000    0.0627264400
   0.0162724000   -0.0018883500    0.0607895700
   0.0159422300    0.0000696200    0.0628821600
   0.0158909600   -0.0000047500    0.0628164200
   0.0158750800   -0.0000301400    0.0627925500
   0.0159506800    0.0000831400    0.0627976500
   0.0159197900    0.0000045900    0.0628513100
   0.0158833600   -0.0000011100    0.0628365000
   0.0158834700   -0.0000012200    0.0628285500
   0.0159199000    0.0000043700    0.0628461300
   0.0159672700    0.0000556900    0.0629008900
   0.0158626400   -0.0000102100    0.0628070100
   0.0158783400    0.0000154000    0.0627972800
   0.0159599100    0.0000412100    0.0627665700
   0.0156019800   -0.0008153000    0.0611960400
   0.0159053100    0.0000007700    0.0627658500
   0.0159295300    0.0000397200    0.0626970600
   0.0167196700    0.0009928800    0.0626911600
  -0.0009246700    0.0179751800   -0.0794118000
  -0.0159600700   -0.0000590200   -0.0626753400
  -0.0159232800    0.0000053700   -0.0627290900
  -0.0162952200    0.0001437300   -0.0624038800
  -0.0160378700    0.0000009100   -0.0629143100
  -0.0158783400    0.0000116300   -0.0628180800
  -0.0158786700    0.0000075300   -0.0628058900
  -0.0158589800    0.0000179500   -0.0628613400
  -0.0157303500    0.0000622700   -0.0630679000
  -0.0158964000   -0.0000015200   -0.0628445600
  -0.0158670100    0.0000015900   -0.0628286100
  -0.0158736800   -0.0000056900   -0.0628440800
  -0.0158121900    0.0006343700   -0.0633706800
  -0.0158338900    0.0000221700   -0.0627747200
  -0.0158746100   -0.0000022000   -0.0628122700
  -0.0158790300    0.0000033400   -0.0628130400
  -0.0104895300    0.0021527300   -0.0616891100
  -0.0158817800    0.0000372700   -0.0628064700
  -0.0159262300   -0.0000102700   -0.0627295800
  -0.0162336200    0.0001171100   -0.0628535100
  -0.0160363900    0.0001674300   -0.0624016900
  -0.0159220100   -0.0000020700   -0.0627195900
  -0.0160222000   -0.0000277600   -0.0626459800
  -0.0071855200    0.0031223000   -0.0528667000
  -0.0157213300   -0.0002056000   -0.0624837100
  -0.0159026000   -0.0000079600   -0.0627690600
  -0.0158907200    0.0000418100   -0.0627419400
  -0.0156199400    0.0002031400   -0.0628241200
  -0.0159340300    0.0000038000   -0.0628675100
  -0.0158813200    0.0000001900   -0.0628261400
  -0.0158620800    0.0000063000   -0.0628384600
  -0.0159470400   -0.0000334800   -0.0628249300
  -0.0159500800   -0.0000201400   -0.0628596800
  -0.0158669600    0.0000073600   -0.0628188200
  -0.0158654200   -0.0000035600   -0.0628255200
  -0.0159212000   -0.0000097000   -0.0628434700
  -0.0153855000    0.0000982200   -0.0623953400
  -0.0158791800    0.0000043100   -0.0628058200
  -0.0159048200   -0.0000060700   -0.0627656800
  -0.0158129500   -0.0000082500   -0.0628391200

1    
 -0.0084906514770076  -0.0052828815475435  -0.0000002249729926
   0.0451125200    0.0236344900    0.0563875000
   0.0156568400   -0.0000326300    0.0629755600
   0.0158213300    0.0000006200    0.0628972700
   0.0156558000   -0.0000325500    0.0630853600
   0.0172801400   -0.0012047300    0.0618452000
   0.0158364400   -0.0000215400    0.0628408700
   0.0158406400    0.0000139400    0.0628442000
   0.0159427500    0.0001484700    0.0629604400
   0.0159495100    0.0001002600    0.0625602100
   0.0158520400    0.0000110100    0.0627632600
   0.0158637700    0.0000071300    0.0627967400
   0.0158461400    0.0000013300    0.0627832700
   0.0160784000   -0.0001069300    0.0625070500
   0.0158583700   -0.0000185700    0.0627683400
   0.0158692600   -0.0000019000    0.0627969600
   0.0158647500   -0.0000091600    0.0628010400
   0.0167213300   -0.0002944000    0.0615221400
   0.0159545500    0.0001298800    0.0629046600
   0.0158579900   -0.0000141900    0.0628407400
   0.0158470700   -0.0000398100    0.0628713000
   0.0143869100    0.0000942900    0.0634136400
   0.0158187400   -0.0000050200    0.0628971500
   0.0158429400    0.0000339000    0.0628935900
   0.0154964800    0.0018833800    0.0648257700
   0.0158269600   -0.0000687700    0.0627383300
   0.0158783800    0.0000052300    0.0628038800
   0.0158938800    0.0000301200    0.0628283700
   0.0158180800   -0.0000834500    0.0628243300
   0.0158493500   -0.0000041100    0.0627699300
   0.0158858100    0.0000012300    0.0627845700
   0.0158858400    0.0000010900    0.0627925600
   0.0158494000   -0.0000044100    0.0627752600
   0.0158004600   -0.0000555100    0.0627192200
   0.0159063900    0.0000100800    0.0628137800
   0.0158906000   -0.0000146400    0.0628232700
   0.0158107000   -0.0000421800    0.0628567300
   0.0161623900    0.0008082500    0.0644205700
   0.0158645300   -0.0000005500    0.0628542600
   0.0158401200   -0.0000395100    0.0629227200
   0.0150441000   -0.0009793000    0.0629032900
  -0.0304621400   -0.0174048500   -0.0466720000
  -0.0157921800    0.0000588500   -0.0629435000
  -0.0158283100   -0.0000051600   -0.0628907700
  -0.0154603200   -0.0001399800   -0.0632115900
  -0.0157074600   -0.0000019500   -0.0627071300
  -0.0158721700   -0.0000121200   -0.0628017200
  -0.0158723800   -0.0000073800   -0.0628145300
  -0.0158921100   -0.0000178800   -0.0627597100
  -0.0160188200   -0.0000626000   -0.0625535300
  -0.0158545200    0.0000016800   -0.0627758600
  -0.0158838600   -0.0000016000   -0.0627919700
  -0.0158775200    0.0000056700   -0.0627764400
  -0.0159285000   -0.0006373000   -0.0622520700
  -0.0159164900   -0.0000218300   -0.0628456000
  -0.0158764300    0.0000021100   -0.0628080100
  -0.0158718700   -0.0000029400   -0.0628088000
  -0.0212677500   -0.0021169800   -0.0639214700
  -0.0158699800   -0.0000370500   -0.0628135000
  -0.0158253800    0.0000101400   -0.0628900700
  -0.0155245800   -0.0001241000   -0.0627574200
  -0.0157182200   -0.0001645700   -0.0632141400
  -0.0158293300    0.0000020300   -0.0628992800
  -0.0157302100    0.0000280000   -0.0629720300
  -0.0249302700   -0.0031196100   -0.0729538300
  -0.0160221000    0.0002042800   -0.0631284400
  -0.0158483900    0.0000080600   -0.0628504600
  -0.0158604700   -0.0000410000   -0.0628773600
  -0.0161283900   -0.0002050000   -0.0627930200
  -0.0158161600   -0.0000039300   -0.0627521300
  -0.0158692100   -0.0000003100   -0.0627935500
  -0.0158886500   -0.0000063100   -0.0627817300
  -0.0158031600    0.0000338400   -0.0627954300
  -0.0157994900    0.0000201400   -0.0627600400
  -0.0158835400   -0.0000072600   -0.0628010900
  -0.0158853000    0.0000036600   -0.0627948000
  -0.0158289800    0.0000095200   -0.0627758500
  -0.0163613700   -0.0000994800   -0.0632243200
  -0.0158716000   -0.0000042100   -0.0628139400
  -0.0158465700    0.0000050000   -0.0628528400
  -0.0159375300    0.0000116200   -0.0627833600

1    
  0.0000002799815994   0.0000000000000000   0.0099999999960805
   0.0237610700   -0.0000000000    0.0142260000
   0.0155416700   -0.0000000000    0.0633074800
   0.0157603900   -0.0000000000    0.0629825100
   0.0156687800   -0.0000000000    0.0633084400
   0.0171824700    0.0003060500    0.0614169300
   0.0157380700    0.0000846200    0.0627778000
   0.0158237600    0.0000032400    0.0628510300
   0.0157863600   -0.0000595600    0.0627782600
   0.0161857800    0.0000498600    0.0621805000
   0.0158829900   -0.0000166100    0.0627044000
   0.0158766100   -0.0000001500    0.0627111800
   0.0159125300   -0.0000043200    0.0627050700
   0.0161857800   -0.0000498600    0.0621805000
   0.0158829900    0.0000166100    0.0627044000
   0.0158766100    0.0000001500    0.0627111800
   0.0159125300    0.0000043200    0.0627050700
   0.0171824700   -0.0003060500    0.0614169300
   0.0157380700   -0.0000846200    0.0627778000
   0.0158237600   -0.0000032400    0.0628510300
   0.0157863600    0.0000595600    0.0627782600
   0.0146420200    0.0018038700    0.0617557300
   0.0157716700   -0.0000274300    0.0629992300
   0.0158089100    0.0000402800    0.0629991200
   0.0145820100   -0.0009459000    0.0617544500
   0.0158512900   -0.0000287900    0.0627324400
   0.0158667200    0.0000049200    0.0627377700
   0.0158862400   -0.0000089500    0.0627375800
   0.0159789400    0.0000192500    0.0627313200
   0.0159268100   -0.0000000000    0.0626291200
   0.0159058400   -0.0000000000    0.0627088700
   0.0159148000   -0.0000000000    0.0627087400
   0.0159312900   -0.0000000000    0.0626288700
   0.0158512900    0.0000287900    0.0627324400
   0.0158667200   -0.0000049200    0.0627377700
   0.0158862400    0.0000089500    0.0627375800
   0.0159789400   -0.0000192500    0.0627313200
   0.0146420200   -0.0018038700    0.0617557300
   0.0157716700    0.0000274300    0.0629992300
   0.0158089100   -0.0000402800    0.0629991200
   0.0145820100    0.0009459000    0.0617544500
  -0.0254029700   -0.0167941200   -0.0429298300
  -0.0157806800    0.0000464900   -0.0631328800
  -0.0157756800   -0.0000143300   -0.0629546400
  -0.0156134600    0.0004400000   -0.0627287100
  -0.0162580100    0.0005637200   -0.0621700200
  -0.0158408600   -0.0000464600   -0.0627132800
  -0.0158741000   -0.0000050800   -0.0627520500
  -0.0158940000   -0.0000070900   -0.0627868600
  -0.0161504000   -0.0000000000   -0.0623119600
  -0.0159142900   -0.0000000000   -0.0626987700
  -0.0158997000   -0.0000000000   -0.0627073600
  -0.0159197200   -0.0000000000   -0.0626789500
  -0.0162580100   -0.0005637200   -0.0621700200
  -0.0158408600    0.0000464600   -0.0627132800
  -0.0158741000    0.0000050800   -0.0627520500
  -0.0158940000    0.0000070900   -0.0627868600
  -0.0254029700    0.0167941200   -0.0429298300
  -0.0157806800   -0.0000464900   -0.0631328800
  -0.0157756800    0.0000143300   -0.0629546400
  -0.0156134600   -0.0004400000   -0.0627287100
  -0.0154883500   -0.0000000000   -0.0640593900
  -0.0157661800   -0.0000000000   -0.0629948400
  -0.0156484200   -0.0000000000   -0.0631190300
  -0.0030657500   -0.0000000000   -0.0468760100
  -0.0154276800   -0.0000609400   -0.0625410200
  -0.0158375400    0.0000010400   -0.0628769400
  -0.0158171100    0.0000153500   -0.0628143600
  -0.0158912000    0.0001650500   -0.0629660100
  -0.0159245200   -0.0000001600   -0.0626812700
  -0.0158886400   -0.0000114800   -0.0627062100
  -0.0159021700   -0.0000080600   -0.0627125300
  -0.0159266600    0.0000364400   -0.0626330700
  -0.0159245200    0.0000001600   -0.0626812700
  -0.0158886400    0.0000114800   -0.0627062100
  -0.0159021700    0.0000080600   -0.0627125300
  -0.0159266600   -0.0000364400   -0.0626330700
  -0.0154276800    0.0000609400   -0.0625410200
  -0.0158375400   -0.0000010400   -0.0628769400
  -0.0158171100   -0.0000153500   -0.0628143600
  -0.0158912000   -0.0001650500   -0.0629660100

1    
 -0.0000002799815994   0.0000000000000000  -0.0099999999960805
   0.0078133100    0.0000000000    0.1115941000
   0.0161962300    0.0000000000    0.0622919900
   0.0159697800    0.0000000000    0.0626313200
   0.0160630800    0.0000000000    0.0622932800
   0.0145252900   -0.0003149200    0.0641867300
   0.0159916900   -0.0000830100    0.0628379200
   0.0159034200   -0.0000032400    0.0627692900
   0.0159380300    0.0000598900    0.0628383200
   0.0155347000   -0.0000491200    0.0634460600
   0.0158426000    0.0000168900    0.0629194700
   0.0158484500    0.0000001200    0.0629131300
   0.0158104700    0.0000054600    0.0629199300
   0.0155347000    0.0000491200    0.0634460600
   0.0158426000   -0.0000168900    0.0629194700
   0.0158484500   -0.0000001200    0.0629131300
   0.0158104700   -0.0000054600    0.0629199300
   0.0145252900    0.0003149200    0.0641867300
   0.0159916900    0.0000830100    0.0628379200
   0.0159034200    0.0000032400    0.0627692900
   0.0159380300   -0.0000598900    0.0628383200
   0.0171426400   -0.0018155000    0.0638283600
   0.0160028400    0.0000279900    0.0626181300
   0.0159638000   -0.0000412200    0.0626180100
   0.0172069300    0.0009385100    0.0638274100
   0.0159185200    0.0000311600    0.0628914400
   0.0159028900   -0.0000046500    0.0628894500
   0.0158827800    0.0000094700    0.0628893800
   0.0157868600   -0.0000167600    0.0628910600
   0.0158420500    0.0000000000    0.0629999400
   0.0158631000    0.0000000000    0.0629189300
   0.0158537600    0.0000000000    0.0629187100
   0.0158351800    0.0000000000    0.0630004300
   0.0159185200   -0.0000311600    0.0628914400
   0.0159028900    0.0000046500    0.0628894500
   0.0158827800   -0.0000094700    0.0628893800
   0.0157868600    0.0000167600    0.0628910600
   0.0171426400    0.0018155000    0.0638283600
   0.0160028400   -0.0000279900    0.0626181300
   0.0159638000    0.0000412200    0.0626180100
   0.0172069300   -0.0009385100    0.0638274100
  -0.0061531700    0.0170719100   -0.0827431600
  -0.0159709100   -0.0000476700   -0.0624782200
  -0.0159758100    0.0000147800   -0.0626635700
  -0.0161468100   -0.0004402200   -0.0628775800
  -0.0154819400   -0.0005651100   -0.0634552600
  -0.0159068100    0.0000472000   -0.0629120900
  -0.0158732600    0.0000052400   -0.0628742600
  -0.0158527500    0.0000084700   -0.0628374700
  -0.0155935500    0.0000000000   -0.0633175000
  -0.0158325900    0.0000000000   -0.0629276800
  -0.0158470300    0.0000000000   -0.0629192300
  -0.0158268200    0.0000000000   -0.0629483000
  -0.0154819400    0.0005651100   -0.0634552600
  -0.0159068100   -0.0000472000   -0.0629120900
  -0.0158732600   -0.0000052400   -0.0628742600
  -0.0158527500   -0.0000084700   -0.0628374700
  -0.0061531700   -0.0170719100   -0.0827431600
  -0.0159709100    0.0000476700   -0.0624782200
  -0.0159758100   -0.0000147800   -0.0626635700
  -0.0161468100    0.0004402200   -0.0628775800
  -0.0162684100    0.0000000000   -0.0615165100
  -0.0159859000    0.0000000000   -0.0626199700
  -0.0161067900    0.0000000000   -0.0624918600
  -0.0289361700    0.0000000000   -0.0787320200
  -0.0163210100    0.0000613100   -0.0630703700
  -0.0159112500   -0.0000010700   -0.0627445600
  -0.0159316300   -0.0000147000   -0.0628077300
  -0.0158541100   -0.0001595500   -0.0626360500
  -0.0158212200    0.0000008300   -0.0629441300
  -0.0158582100    0.0000116600   -0.0629198200
  -0.0158440000    0.0000080500   -0.0629141600
  -0.0158186300   -0.0000364300   -0.0629934700
  -0.0158212200   -0.0000008300   -0.0629441300
  -0.0158582100   -0.0000116600   -0.0629198200
  -0.0158440000   -0.0000080500   -0.0629141600
  -0.0158186300    0.0000364300   -0.0629934700
  -0.0163210100   -0.0000613100   -0.0630703700
  -0.0159112500    0.0000010700   -0.0627445600
  -0.0159316300    0.0000147000   -0.0628077300
  -0.0158541100    0.0001595500   -0.0626360500

41   
  0.0084906514770076   0.0052828815475435   0.0000002249729926
   0.0305999300    0.0171639100    0.0459285600
   0.0154868400    0.0000789000    0.0632651600
   0.0158202200   -0.0000001100    0.0628858400
   0.0157893200   -0.0000734800    0.0629145200
   0.0211082300    0.0023558500    0.0635747600
   0.0154749000    0.0001854700    0.0627978800
   0.0158105900   -0.0000046600    0.0629010400
   0.0158491400    0.0000520900    0.0628646600
   0.0160027900    0.0004991800    0.0621836200
   0.0158662000   -0.0000056200    0.0627962000
   0.0158598300    0.0000061800    0.0628116600
   0.0158857500    0.0000523800    0.0628615800
   0.0160076500    0.0000631300    0.0625737700
   0.0158657400   -0.0000049200    0.0627693400
   0.0158725300    0.0000021200    0.0627865800
   0.0158433400   -0.0000010400    0.0627741800
   0.0156098900    0.0001402300    0.0627792900
   0.0158753600    0.0000270000    0.0627874800
   0.0158658600   -0.0000006200    0.0628062600
   0.0158797400   -0.0000179800    0.0628119200
   0.0249413900    0.0031178300    0.0738999000
   0.0157408700   -0.0000277200    0.0630037500
   0.0158393100   -0.0000022500    0.0629033600
   0.0157289500    0.0001652400    0.0631413600
   0.0159775600   -0.0000587000    0.0627110300
   0.0158497200    0.0000078100    0.0628502800
   0.0158741100    0.0000170500    0.0628413300
   0.0162982100    0.0002191600    0.0632226500
   0.0158342500   -0.0000004500    0.0627455400
   0.0158943000   -0.0000013600    0.0627907300
   0.0158892800    0.0000153800    0.0628038700
   0.0158111800   -0.0000209600    0.0627670300
   0.0158192600   -0.0000425700    0.0627848000
   0.0159002900    0.0000043400    0.0627822600
   0.0158851800   -0.0000067600    0.0627915800
   0.0158262700    0.0000053900    0.0627672900
   0.0161097300    0.0002528100    0.0628791500
   0.0158789500    0.0000292500    0.0628665700
   0.0158666000   -0.0000205100    0.0628429900
   0.0161071400   -0.0003224200    0.0631544100
  -0.0457321500   -0.0238649400   -0.0563691400
  -0.0156623200    0.0000159400   -0.0631895300
  -0.0158264100   -0.0000002700   -0.0629089600
  -0.0156632400    0.0000160700   -0.0629899700
  -0.0169041300    0.0003201900   -0.0612586800
  -0.0158470900   -0.0000013800   -0.0628448600
  -0.0158559900    0.0000016400   -0.0628568600
  -0.0159264500   -0.0001253300   -0.0629529200
  -0.0160537600    0.0001726900   -0.0624922400
  -0.0158857900    0.0000037200   -0.0627907000
  -0.0158841000   -0.0000040900   -0.0627947700
  -0.0158811600    0.0000104600   -0.0627604900
  -0.0158620400   -0.0001359300   -0.0626443100
  -0.0158781800    0.0000053500   -0.0627850500
  -0.0158859500   -0.0000012400   -0.0627885500
  -0.0158821300   -0.0000014100   -0.0627597400
  -0.0174320100    0.0011874000   -0.0616011500
  -0.0159572700   -0.0000744700   -0.0629520000
  -0.0158550500    0.0000004800   -0.0628391100
  -0.0158796700    0.0000490400   -0.0628610200
  -0.0153023500   -0.0018962000   -0.0652728900
  -0.0158300600   -0.0000168000   -0.0629009700
  -0.0158107800    0.0000141800   -0.0628917200
  -0.0140916100    0.0000561100   -0.0630990000
  -0.0147260600    0.0010976500   -0.0632035500
  -0.0158162200    0.0000230900   -0.0629461800
  -0.0158358400   -0.0000080400   -0.0628867600
  -0.0159467400   -0.0008549700   -0.0643222500
  -0.0158259600    0.0000147600   -0.0628172900
  -0.0158755900   -0.0000029500   -0.0628130700
  -0.0158842100   -0.0000162900   -0.0628268800
  -0.0158174300    0.0000261100   -0.0626859700
  -0.0158387700    0.0000033600   -0.0627621800
  -0.0158884000   -0.0000012400   -0.0627844600
  -0.0158881700   -0.0000011800   -0.0627759800
  -0.0158389800    0.0000032600   -0.0627920400
  -0.0158479300    0.0000751800   -0.0628541000
  -0.0158897200   -0.0000071800   -0.0628129400
  -0.0158813800    0.0000061300   -0.0628010000
  -0.0158553400    0.0000625300   -0.0627348600

41   
 -0.0084906514770076  -0.0052828815475435  -0.0000002249729926
   0.0007632300   -0.0177364700    0.0801661200
   0.0162441600   -0.0000820300    0.0623467900
   0.0159078700    0.0000000400    0.0627325300
   0.0159383100    0.0000734600    0.0627027700
   0.0106276000   -0.0023942700    0.0620266700
   0.0162579000   -0.0001791500    0.0628097900
   0.0159173700    0.0000049300    0.0627164600
   0.0158782100   -0.0000519200    0.0627528000
   0.0157138700   -0.0004976400    0.0634376800
   0.0158614900    0.0000050200    0.0628227800
   0.0158674100   -0.0000060600    0.0628064400
   0.0158404200   -0.0000524700    0.0627560700
   0.0157175200   -0.0000631100    0.0630456600
   0.0158617100    0.0000052900    0.0628483100
   0.0158547700   -0.0000020600    0.0628320400
   0.0158832300    0.0000008600    0.0628435700
   0.0161109800   -0.0001383600    0.0628408000
   0.0158519300   -0.0000272900    0.0628306800
   0.0158617100    0.0000005000    0.0628125700
   0.0158465000    0.0000189400    0.0628052400
   0.0071965800   -0.0031244300    0.0519325900
   0.0160316500    0.0000273800    0.0626146000
   0.0159319700    0.0000023400    0.0627170700
   0.0160452500   -0.0001676600    0.0624779700
   0.0157938200    0.0000549300    0.0629127100
   0.0159215700   -0.0000066000    0.0627689400
   0.0158969200   -0.0000166600    0.0627796100
   0.0154703500   -0.0002176000    0.0623989900
   0.0159359700    0.0000009600    0.0628754500
   0.0158769100    0.0000012700    0.0628304800
   0.0158816300   -0.0000156300    0.0628170800
   0.0159587200    0.0000207000    0.0628540300
   0.0159510900    0.0000423200    0.0628371900
   0.0158704800   -0.0000042200    0.0628388400
   0.0158854400    0.0000070200    0.0628294800
   0.0159440700   -0.0000052000    0.0628541900
   0.0156594100   -0.0002508000    0.0627390700
   0.0158924800   -0.0000298000    0.0627535200
   0.0159044600    0.0000204300    0.0627782100
   0.0156569600    0.0003255500    0.0624603500
   0.0139690800    0.0245127400   -0.0699552600
  -0.0160877000   -0.0000152300   -0.0624258900
  -0.0159229100    0.0000003500   -0.0627104300
  -0.0160885600   -0.0000150600   -0.0626293400
  -0.0148493400   -0.0003387600   -0.0643695500
  -0.0159001900   -0.0000016500   -0.0627718300
  -0.0158931800   -0.0000017900   -0.0627629800
  -0.0158229100    0.0001262700   -0.0626662700
  -0.0156915700   -0.0001720900   -0.0631284600
  -0.0158638900   -0.0000035000   -0.0628294600
  -0.0158648100    0.0000039600   -0.0628251100
  -0.0158677500   -0.0000103200   -0.0628594400
  -0.0158836800    0.0001359600   -0.0629776200
  -0.0158710000   -0.0000053700   -0.0628350600
  -0.0158629900    0.0000012400   -0.0628314100
  -0.0158666000    0.0000013100   -0.0628607100
  -0.0143079000   -0.0011907200   -0.0640210600
  -0.0157908900    0.0000762300   -0.0626663200
  -0.0158940300   -0.0000004500   -0.0627807200
  -0.0158699700   -0.0000519900   -0.0627566000
  -0.0164452500    0.0018993700   -0.0603422800
  -0.0159188200    0.0000172100   -0.0627174000
  -0.0159383500   -0.0000141700   -0.0627272500
  -0.0176745400   -0.0000703200   -0.0624978500
  -0.0170146000   -0.0011090000   -0.0623900800
  -0.0159326400   -0.0000233700   -0.0626723000
  -0.0159133600    0.0000080500   -0.0627323900
  -0.0157951900    0.0008603500   -0.0612907400
  -0.0159238100   -0.0000140400   -0.0628038500
  -0.0158727000    0.0000023900   -0.0628056600
  -0.0158644800    0.0000164100   -0.0627924900
  -0.0159297300   -0.0000258800   -0.0629325800
  -0.0159090600   -0.0000032300   -0.0628574700
  -0.0158603900    0.0000012000   -0.0628350900
  -0.0158602800    0.0000011500   -0.0628436200
  -0.0159092600   -0.0000034200   -0.0628273900
  -0.0158998800   -0.0000738800   -0.0627656900
  -0.0158586300    0.0000075200   -0.0628063700
  -0.0158673300   -0.0000065400   -0.0628180500
  -0.0158928600   -0.0000634400   -0.0628840700

41   
  0.0000002799815994   0.0000000000000000   0.0099999999960805
   0.0068007300   -0.0166739300    0.0827276900
   0.0160789800    0.0004275700    0.0628769800
   0.0159596500    0.0000005300    0.0626632500
   0.0159456500    0.0001253500    0.0624779300
   0.0068007300    0.0166739300    0.0827276900
   0.0160789800   -0.0004275700    0.0628769800
   0.0159596500   -0.0000005300    0.0626632500
   0.0159456500   -0.0001253500    0.0624779300
   0.0154689400   -0.0004301900    0.0634546900
   0.0158324100    0.0000472100    0.0628367300
   0.0158645100   -0.0000060600    0.0628743400
   0.0158785300    0.0000415700    0.0629109500
   0.0155578300   -0.0000000000    0.0633177200
   0.0158233000   -0.0000000000    0.0629485200
   0.0158409800   -0.0000000000    0.0629188200
   0.0158218800   -0.0000000000    0.0629281200
   0.0154689400    0.0004301900    0.0634546900
   0.0158324100   -0.0000472100    0.0628367300
   0.0158645100    0.0000060600    0.0628743400
   0.0158785300   -0.0000415700    0.0629109500
   0.0278170700   -0.0000000000    0.0787170300
   0.0160811300   -0.0000000000    0.0624942400
   0.0159927300   -0.0000000000    0.0626208000
   0.0163692700   -0.0000000000    0.0615171800
   0.0158595500   -0.0000062300    0.0626374300
   0.0159518800   -0.0000227200    0.0628093900
   0.0159122000   -0.0000353600    0.0627459700
   0.0163196000    0.0000873200    0.0630718800
   0.0158561700   -0.0000178400    0.0629948700
   0.0158600200    0.0000123900    0.0629149200
   0.0158701300    0.0000070900    0.0629212400
   0.0158206500    0.0000076700    0.0629454800
   0.0158561700    0.0000178400    0.0629948700
   0.0158600200   -0.0000123900    0.0629149200
   0.0158701300   -0.0000070900    0.0629212400
   0.0158206500   -0.0000076700    0.0629454800
   0.0158595500    0.0000062300    0.0626374300
   0.0159518800    0.0000227200    0.0628093900
   0.0159122000    0.0000353600    0.0627459700
   0.0163196000   -0.0000873200    0.0630718800
  -0.0078027400   -0.0000000000   -0.1094967200
  -0.0160903400   -0.0000000000   -0.0622755800
  -0.0159934500   -0.0000000000   -0.0626177100
  -0.0163309200   -0.0000000000   -0.0622737700
  -0.0142347900   -0.0003285800   -0.0642931300
  -0.0159897600    0.0000867600   -0.0628800400
  -0.0159197200    0.0000172000   -0.0627678100
  -0.0159810400   -0.0001001200   -0.0628797600
  -0.0155865500   -0.0001432900   -0.0634062800
  -0.0158145600    0.0000012600   -0.0629169100
  -0.0158520700    0.0000059600   -0.0629209400
  -0.0158474200    0.0000055600   -0.0629172000
  -0.0155865500    0.0001432900   -0.0634062800
  -0.0158145600   -0.0000012600   -0.0629169100
  -0.0158520700   -0.0000059600   -0.0629209400
  -0.0158474200   -0.0000055600   -0.0629172000
  -0.0142347900    0.0003285800   -0.0642931300
  -0.0159897600   -0.0000867600   -0.0628800400
  -0.0159197200   -0.0000172000   -0.0627678100
  -0.0159810400    0.0001001200   -0.0628797600
  -0.0169486800   -0.0011490900   -0.0643283600
  -0.0159698200    0.0000049200   -0.0626072000
  -0.0160109500   -0.0000432000   -0.0626067400
  -0.0175786200    0.0019551800   -0.0643298400
  -0.0169486800    0.0011490900   -0.0643283600
  -0.0159698200   -0.0000049200   -0.0626072000
  -0.0160109500    0.0000432000   -0.0626067400
  -0.0175786200   -0.0019551800   -0.0643298400
  -0.0157557600   -0.0000457100   -0.0628521900
  -0.0158788500    0.0000246600   -0.0628982300
  -0.0158779400    0.0000005900   -0.0628983400
  -0.0159033300   -0.0000350000   -0.0628535800
  -0.0158524500   -0.0000000000   -0.0629855900
  -0.0158335900   -0.0000000000   -0.0629208300
  -0.0158434000   -0.0000000000   -0.0629209500
  -0.0158168300   -0.0000000000   -0.0629856400
  -0.0157557600    0.0000457100   -0.0628521900
  -0.0158788500   -0.0000246600   -0.0628982300
  -0.0158779400   -0.0000005900   -0.0628983400
  -0.0159033300    0.0000350000   -0.0628535800

41   
 -0.0000002799815994   0.0000000000000000  -0.0099999999960805
   0.0247625300    0.0164190800    0.0429137600
   0.0156588600   -0.0004279900    0.0627285600
   0.0157701600   -0.0000004800    0.0629538300
   0.0157829900   -0.0001223400    0.0631316500
   0.0247625300   -0.0164190800    0.0429137600
   0.0156588600    0.0004279900    0.0627285600
   0.0157701600    0.0000004800    0.0629538300
   0.0157829900    0.0001223400    0.0631316500
   0.0162497200    0.0004322800    0.0621698200
   0.0158938900   -0.0000450400    0.0627854300
   0.0158613200    0.0000056600    0.0627509100
   0.0158463400   -0.0000408700    0.0627133100
   0.0161639100    0.0000000000    0.0623100200
   0.0159024300    0.0000000000    0.0626774800
   0.0158845500    0.0000000000    0.0627063900
   0.0159027300    0.0000000000    0.0626977500
   0.0162497200   -0.0004322800    0.0621698200
   0.0158938900    0.0000450400    0.0627854300
   0.0158613200   -0.0000056600    0.0627509100
   0.0158463400    0.0000408700    0.0627133100
   0.0041621300    0.0000000000    0.0468604600
   0.0156971600    0.0000000000    0.0631199600
   0.0157813400    0.0000000000    0.0629961300
   0.0154120200    0.0000000000    0.0640606900
   0.0159096500    0.0000161800    0.0629669600
   0.0158208700    0.0000230100    0.0628147900
   0.0158584000    0.0000345600    0.0628779200
   0.0154516800   -0.0000875000    0.0625421800
   0.0159128500    0.0000184000    0.0626338700
   0.0159101500   -0.0000121900    0.0627133900
   0.0158990200   -0.0000070100    0.0627072000
   0.0159472100   -0.0000064600    0.0626837700
   0.0159128500   -0.0000184000    0.0626338700
   0.0159101500    0.0000121900    0.0627133900
   0.0158990200    0.0000070100    0.0627072000
   0.0159472100    0.0000064600    0.0626837700
   0.0159096500   -0.0000161800    0.0629669600
   0.0158208700   -0.0000230100    0.0628147900
   0.0158584000   -0.0000345600    0.0628779200
   0.0154516800    0.0000875000    0.0625421800
  -0.0238003000    0.0000000000   -0.0161883900
  -0.0156655400    0.0000000000   -0.0633296000
  -0.0157597200    0.0000000000   -0.0629989600
  -0.0154317700    0.0000000000   -0.0633278400
  -0.0174921000    0.0003251300   -0.0613113100
  -0.0157596400   -0.0000858300   -0.0627402800
  -0.0158303400   -0.0000167100   -0.0628555700
  -0.0157700700    0.0001010300   -0.0627400100
  -0.0161578200    0.0001428600   -0.0622234300
  -0.0159325800   -0.0000008300   -0.0627102200
  -0.0158955000   -0.0000057700   -0.0627065800
  -0.0158997700   -0.0000052700   -0.0627105400
  -0.0161578200   -0.0001428600   -0.0622234300
  -0.0159325800    0.0000008300   -0.0627102200
  -0.0158955000    0.0000057700   -0.0627065800
  -0.0158997700    0.0000052700   -0.0627105400
  -0.0174921000   -0.0003251300   -0.0613113100
  -0.0157596400    0.0000858300   -0.0627402800
  -0.0158303400    0.0000167100   -0.0628555700
  -0.0157700700   -0.0001010300   -0.0627400100
  -0.0148101000    0.0011515100   -0.0612595900
  -0.0157821400   -0.0000046700   -0.0630096100
  -0.0157419200    0.0000421900   -0.0630091500
  -0.0141961000   -0.0019414500   -0.0612611800
  -0.0148101000   -0.0011515100   -0.0612595900
  -0.0157821400    0.0000046700   -0.0630096100
  -0.0157419200   -0.0000421900   -0.0630091500
  -0.0141961000    0.0019414500   -0.0612611800
  -0.0159893100    0.0000462900   -0.0627681300
  -0.0158690900   -0.0000239900   -0.0627281300
  -0.0158697900   -0.0000002000   -0.0627281300
  -0.0158435100    0.0000360000   -0.0627695300
  -0.0158943100    0.0000000000   -0.0626420300
  -0.0159134600    0.0000000000   -0.0627058300
  -0.0159034100    0.0000000000   -0.0627060000
  -0.0159294400    0.0000000000   -0.0626421100
  -0.0159893100   -0.0000462900   -0.0627681300
  -0.0158690900    0.0000239900   -0.0627281300
  -0.0158697900    0.0000002000   -0.0627281300
  -0.0158435100   -0.0000360000   -0.0627695300
